蒙特卡罗+CDRMV3/输出数据/2D水深分布/WaterDepthGIS_0158.ASC
ncols         539            
nrows         744            
xllcorner     602630.84259341
yllcorner     3914823.670891 
cellsize      50             
NODATA_value  -9999.00       
[rows 0 to 26 of 32, columns 366 to 426 of 539]
135.58 193.27 140.28 87.98-9999.00-9999.00-9999.00-9999.00-9999.00-9999.00-9999.00-9999.00-9999.00-9999.00-9999.00-9999.00-9999.00-9999.00-9999.00-9999.00-9999.00-9999.00-9999.00-9999.00-9999.00-9999.00-9999.00-9999.00-9999.00-9999.00-9999.00-9999.00-9999.00-9999.00-9999.00-9999.00-9999.00-9999.00-9999.00-9999.00-9999.00-9999.00-9999.00-9999.00-9999.00-9999.00-9999.00-9999.00-9999.00-9999.00-9999.00-9999.00-9999.00-9999.00-9999.00-9999.00-9999.00-9999.00-9999.00-9999.00-9999.00 95.77 82.90 91.10-9999.00-9999.00-9999.00-9999.00-9999.00-9999.00-9999.00-9999.00-9999.00-9999.00-9999.00-9999.00-9999.00-9999.00-9999.00-9999.00-9999.00-9999.00-9999.00-9999.00-9999.00-9999.00-9999.00-9999.00-9999.00-9999.00 74.08 372.06 87.40 377.26 114.30 81.68 73.88 81.91 74.34 114.81 136.79 376.72 377.38 381.73 385.56 384.53 78.99 0.00 118.57 82.96 377.31 139.58 77.41 74.42 296.71 77.41-9999.00-9999.00-9999.00-9999.00-9999.00-9999.00-9999.00-9999.00-9999.00-9999.00 -9999.00-9999.00-9999.00-9999.00-9999.00-9999.00-9999.00-9999.00-9999.00-9999.00-9999.00-9999.00-9999.00-9999.00 79.91 84.03 81.66 85.30 235.30 0.00 0.00 112.97 82.19-9999.00-9999.00-9999.00-9999.00-9999.00-9999.00-9999.00-9999.00-9999.00-9999.00-9999.00-9999.00-9999.00-9999.00-9999.00-9999.00-9999.00-9999.00-9999.00-9999.00-9999.00-9999.00-9999.00-9999.00-9999.00-9999.00-9999.00-9999.00-9999.00-9999.00-9999.00-9999.00-9999.00-9999.00-9999.00-9999.00-9999.00-9999.00-9999.00-9999.00-9999.00-9999.00-9999.00-9999.00-9999.00-9999.00-9999.00-9999.00-9999.00-9999.00-9999.00-9999.00-9999.00-9999.00-9999.00-9999.00-9999.00 93.49 378.81 77.89-9999.00-9999.00-9999.00-9999.00-9999.00-9999.00-9999.00-9999.00-9999.00-9999.00-9999.00-9999.00-9999.00-9999.00-9999.00-9999.00-9999.00-9999.00-9999.00-9999.00-9999.00-9999.00-9999.00-9999.00-9999.00-9999.00 83.28 192.98 84.29 377.38 224.55 73.80 285.67 75.21 87.63 73.97 113.95 376.71 375.71 384.15 79.63
282.96 153.52 82.04 85.95 79.63 79.63 124.00 0.00 83.91 85.02 0.00 379.00 271.45 369.13 161.08 88.12 121.62 88.61-9999.00-9999.00-9999.00 -9999.00-9999.00-9999.00-9999.00-9999.00-9999.00-9999.00-9999.00-9999.00-9999.00-9999.00-9999.00-9999.00-9999.00 72.56 126.12 298.63 74.62 75.01 0.00 130.85 72.64 85.30 82.95 91.50 99.98-9999.00-9999.00-9999.00-9999.00-9999.00-9999.00-9999.00-9999.00-9999.00-9999.00-9999.00-9999.00-9999.00-9999.00-9999.00-9999.00-9999.00-9999.00-9999.00-9999.00-9999.00-9999.00-9999.00-9999.00-9999.00-9999.00-9999.00-9999.00-9999.00-9999.00-9999.00-9999.00-9999.00-9999.00-9999.00-9999.00-9999.00 87.18 76.05 341.83 90.06 79.31 80.34 374.47-9999.00 84.29 114.06 121.65 76.97 327.83 303.20 0.00 89.60 268.73 83.91 376.35 81.96 77.89 80.34 376.79 76.39-9999.00-9999.00 81.36 81.91 74.87 304.54 272.29 126.09 112.50
89.44 90.39 109.08 333.25 383.69 382.65 279.72 126.69 78.70 78.99 125.98 174.81 76.39 143.51 381.53 0.00 82.90 137.15 91.10 74.02 183.38 74.08 75.21 381.04 76.05 368.38 113.34 86.96 74.02 111.58 376.22 376.62 74.34 83.63 93.74 73.61 252.71 378.09 74.68 74.77 389.09 383.48 0.00 0.00 0.00 122.09 74.42 143.12 73.55 73.73 74.08 83.17 77.41 73.84 74.27 73.80 81.23 75.46 74.14 0.00 140.43
75.74 212.42 379.24 80.72 183.25 74.98 213.27 73.80 115.88 78.41 163.23 338.84 353.56 75.21 82.04 80.34 0.00 0.00 95.85 96.26 85.02 87.30 97.97 88.36 237.43 88.88 77.64-9999.00-9999.00-9999.00-9999.00-9999.00-9999.00-9999.00-9999.00 -9999.00-9999.00-9999.00-9999.00-9999.00-9999.00-9999.00-9999.00-9999.00-9999.00-9999.00-9999.00 88.34 232.56 154.77 72.09 110.21 73.65 72.27 0.00 73.51 111.11 75.21 0.00 90.16 277.01 396.56 73.03 379.57 78.69 76.43 83.29 84.43 96.64 91.03 78.32 161.55 251.32 98.38 89.22 85.30 84.22 126.66 383.68 76.97
80.60 72.83 113.76 0.00 268.37 125.29 72.73 85.77 73.38 81.19 85.77 77.00 77.30 167.22 90.19 379.30 80.60 351.08 83.83 73.26 379.09 158.45 77.00 86.53 87.53 275.22 76.43 330.47 0.00 330.91 79.98 182.94 99.01 102.10 74.27 372.84 375.97 89.15 73.84 127.57 0.00 74.20 84.15 123.30 0.00 119.90 244.53 78.41 74.68 377.27 85.60 75.90 129.41 85.06 81.17 377.15 0.00 73.88 85.23 122.42 111.60
80.19 80.78 294.84 122.74 80.82 71.90 349.58 379.97 72.56 378.89 74.62 71.86 0.00 121.14 350.42 377.61 75.21 72.09 79.79 82.63 72.20 0.00 137.97 73.51 227.07 74.62 74.87 376.39 93.25 76.22 115.68 379.32 386.68 0.00 77.89 83.39 81.08 75.60 0.00 111.62 83.40 75.33 378.24 77.41 74.68 112.24 380.13 380.57 75.60 0.00 88.61 82.25 77.64 126.21 75.74 0.00 131.69 125.69 74.77 74.08 83.17
343.91 84.85 376.35 248.75 142.17 73.14 111.64 81.09 71.90 108.55 0.00 156.34 79.08 83.29 85.77 116.95 83.47 377.07 89.75 82.19 0.00 141.11 71.77 82.48 97.17 91.03 286.99 91.50 84.71 74.42 169.70 376.04 75.74 76.58 128.15 73.65 0.00 142.45 73.92 80.98 112.65 213.83 377.59 121.50 76.05 74.98 123.37 81.62 85.76 0.00 86.54 82.49 88.11 114.48 0.00 86.20 381.24 375.85 333.34 113.81 74.77
81.09 72.40 378.32 81.66 116.25 0.00 72.20 71.64 72.56 185.43 380.53 74.62 126.43 80.43 75.66 0.00 78.69 382.86 72.14 74.43 72.14 79.91 87.08 77.96 84.03 72.09 113.13 368.32 176.36 83.17 131.38 78.14 115.27 0.00 73.59 295.97 254.84 74.42 85.40 89.74 81.58 131.47 75.46 119.05 135.56 0.00 73.88 93.49 0.00 73.65 81.73 74.34 74.77 198.87 74.14 79.31 347.90 75.21 113.84 326.38 360.93
201.08 73.94 84.03 72.48 137.42 207.63 319.32 376.90 377.45 378.05 377.94 0.00 142.97 76.39 171.00 87.18 81.97 382.66 80.72 73.62 111.69 277.08 377.67 329.69 0.00 338.43 115.37 77.64 86.96 304.39 376.43 86.20 81.96 134.71 227.63 382.74 143.54 384.73 74.59 76.58 73.88 0.00 371.63 365.55 116.08 73.92 73.76 201.58 376.53 82.96 74.87 376.09 0.00 137.71 111.75 79.98 81.40 74.08 0.00 118.90 75.09
98.10 89.44 213.31 172.10 154.08 74.59 85.76 79.31 99.05 216.84 81.85 75.21 73.84 377.37 83.91 0.00 376.75 79.98 81.11 378.85 0.00 348.35 88.88 82.33 83.88 116.80 81.17 79.31 128.74 129.06 75.09 365.09 76.05 119.90 315.46 134.09 86.82 0.00 0.00 77.18 228.60 86.14 81.26 75.90 0.00 0.00 380.46 183.37 380.34 375.52 359.98 304.04 252.28 122.75 75.21 377.74 74.59 87.63 74.87 378.81 77.41
119.86 83.75 84.29 87.40 84.02 85.06 79.31 87.47 79.31 126.79 359.67 203.88 233.83 0.00 0.00 105.65 377.27 339.97 382.14 379.61 241.99 0.00 92.36 0.00 81.96 78.70 125.10 112.96 83.39 176.61 359.89 145.01 126.76 86.82-9999.00-9999.00-9999.00-9999.00-9999.00-9999.00-9999.00-9999.00-9999.00 -9999.00-9999.00-9999.00-9999.00-9999.00-9999.00-9999.00-9999.00-9999.00-9999.00 72.27 236.16 0.00 72.83 79.28 76.43 79.63 73.65 0.00 111.02 82.63 73.65 122.65 80.78 73.79 0.00 71.94 288.80 116.98 77.30 77.63 382.08 125.47 77.30 86.80 225.61
101.10-9999.00-9999.00-9999.00-9999.00-9999.00-9999.00-9999.00-9999.00-9999.00-9999.00 -9999.00-9999.00-9999.00-9999.00-9999.00-9999.00-9999.00-9999.00-9999.00 73.14 110.50 395.96 0.00 73.65 73.79 0.00 76.43 81.54 74.62 117.31 114.72 72.04 110.12 360.80 0.00 177.65 83.48 84.64 73.26 215.66 384.54 72.64 77.00 83.65 142.01 380.57 75.43 72.93 108.87 374.02 0.00 150.53 135.62 75.66 72.64 375.71 73.26 72.83 381.22 72.93 377.89 71.67 119.45 71.68 0.00 126.49 71.62 84.22 85.30 79.98 80.82 218.58 292.05 84.43 78.70 141.54 375.43 0.00
349.88 72.40 71.85 108.72 0.00 89.36 135.11 132.82 89.36 126.93 80.05 71.80 385.66 0.00 0.00 376.64 137.96 76.05 357.39 244.61 85.55 75.46 143.37 155.64 343.14 0.00 76.77 74.50 385.26 229.31 375.96 336.85 174.18 377.69 75.74 83.39 82.90 0.00 0.00 0.00 0.00 0.00 0.00 0.00 91.34 250.06 78.70 383.31 177.89 89.15 82.42 379.45 378.94 0.00 82.42 270.35 377.91 377.65 391.56 301.36 377.36
124.81 360.78 382.13 76.77 76.22 77.18 113.27 332.78 385.84 0.00 204.05 376.91 131.65 378.33 240.42 375.76 376.49 168.48 81.48 123.30 178.09 113.64 0.00 80.34 312.14 141.01 76.97 378.27 143.50 77.64-9999.00-9999.00-9999.00-9999.00-9999.00-9999.00-9999.00-9999.00-9999.00-9999.00-9999.00-9999.00-9999.00-9999.00 -9999.00-9999.00-9999.00-9999.00-9999.00-9999.00-9999.00-9999.00-9999.00-9999.00-9999.00 88.30 82.90 87.37 79.48 377.35 77.96 376.59 77.00 78.93 80.51 182.89 379.66 0.00 0.00 0.00 76.70 73.03 119.13 0.00 0.00 0.00 75.43 0.00 86.05 123.29 282.49 80.34 71.67 268.61 0.00
90.16 154.32 77.00 377.15 73.38 81.66 71.69 120.85 246.51 112.86 77.30 0.00 321.13 71.71 87.37 85.92 82.63 85.30 78.69 376.62 71.77 145.54 376.07 166.90 0.00 0.00 0.00 378.26 305.34 379.61 88.84 373.93 385.54 384.39 136.60 85.02 89.74 78.70 83.88 76.39 78.14 377.73 76.39 73.58 74.34 134.39 372.87 88.84 79.31 77.64 142.10 92.36 85.02 131.17 197.09 378.87 124.74 87.18 102.10 85.40 84.29
377.46 378.43 378.63 79.08 0.00 73.51 178.09 71.80 72.93 134.75 366.17 73.03 145.85 193.19 131.94 114.31 74.43 0.00 139.98 73.65 75.91 0.00 0.00 73.03 81.54 340.33 73.94 91.50 82.05 76.43 82.79 79.91 81.19 72.83 377.17 0.00 390.60 288.40 73.51 78.32 172.38 82.79 84.08 199.90 413.76 0.00 79.48 374.64 117.06 130.47 83.47 376.61 72.40 72.73 90.06 83.63 79.63 79.31 89.15 79.98 75.90
376.58 376.94 362.79 183.31 114.67-9999.00-9999.00-9999.00-9999.00-9999.00-9999.00-9999.00-9999.00-9999.00-9999.00-9999.00-9999.00-9999.00-9999.00-9999.00-9999.00-9999.00-9999.00-9999.00-9999.00 -9999.00-9999.00-9999.00-9999.00-9999.00-9999.00-9999.00-9999.00-9999.00-9999.00-9999.00-9999.00-9999.00-9999.00-9999.00-9999.00-9999.00-9999.00-9999.00 95.98 81.82 91.03 81.31 129.68 77.30 384.32 310.79 378.03 76.16 71.94 207.28 339.71 378.38 111.00 113.57 79.05 135.76 380.16 0.00 371.04 111.98 172.81 78.32 72.27 72.93 381.61 405.16 238.50 84.08 82.05 82.90 81.54 143.72 81.09 85.53 80.12 71.99 217.33 95.98 0.00 87.53 0.00 261.34 90.19 375.98 217.14 104.79 128.18 375.08 379.49 82.90 84.03 86.02 86.27
85.77 79.08 307.41 98.38 377.10 75.21 391.05 371.60 360.94 381.37 73.14 72.33 78.91 78.93 119.04 128.46 0.00 132.99 123.59 88.99 76.70 90.19 0.00 80.35 71.83 88.30 76.70 364.48 263.58 300.99 79.48 379.47 113.20 120.51 365.86 293.50 308.86 376.72 129.08 0.00 380.64 378.68 176.05 136.05 73.79 72.56 235.34 74.81 84.85 77.96 379.16 152.38 0.00 91.26 376.76 130.10 87.53 0.00 121.00 79.91 85.37
156.91 378.29 375.64 84.08 0.00 79.48 75.43 181.34 84.71 378.77 375.37 81.82 190.41 156.30 93.63 91.26 93.63 153.05 118.29 174.07 118.29 302.63 96.88 81.68 161.52 85.31 168.33 201.04 91.03 74.26 77.96 75.01 86.77 392.59 264.51 376.56 378.87 75.43 383.47 82.90 0.00 383.05 239.97 385.28 187.97 170.94 224.16 382.88 148.86 0.00 0.00 376.04 102.42 82.42 78.14 376.25 83.91 86.96 74.42 380.26 76.22
90.19 93.63 0.00 170.78 101.24 379.33 368.14 376.96 389.85 381.33 86.77 90.16 94.07 98.38 81.82 377.11 91.99 85.30 77.96 89.22 376.42 0.00 217.86 377.76 84.08 263.85 247.39 375.17 358.87 376.12 224.67 82.79 107.38 163.42 339.18 92.78 76.77 116.90 308.08 77.64 76.39 376.86 301.69 113.59 84.45 82.41 75.90 75.09 361.48 379.84 74.50 119.87 377.97 0.00 377.06 157.61 120.77 87.86 82.18 83.63 82.42
214.74 94.02 81.15 87.37 80.35 84.08 379.63 337.44 84.08 89.75 73.65 120.40 348.88 378.24 379.67 0.00 268.65 298.43 376.24 213.63 321.40 390.93 356.10 376.74 137.76 118.29 360.97 0.00 188.57 89.22 285.33 76.97 320.49 75.21 80.72 87.40 75.33 128.12 299.70 380.93 76.39 380.37 75.46 0.00 377.89 117.20 384.04 74.68 143.50 147.22 314.18 74.59 347.40 74.68 94.75 0.00 330.84 114.32 77.18 92.33 87.18
354.60 198.51 381.01 253.08 0.00 239.97 198.51 194.81 375.34 0.00 323.08 372.71 0.00 137.76 105.75 96.28 377.21 202.39 102.32 269.88 377.60 75.33 75.90 376.33 80.34 376.16 78.70 356.49 0.00 80.72 92.33 85.55 73.71 81.18 84.80 158.15 82.33 76.77 267.08 124.82 76.05 87.86 118.80 382.81 133.02 74.59 85.58 85.23-9999.00-9999.00-9999.00-9999.00-9999.00-9999.00-9999.00-9999.00-9999.00-9999.00-9999.00-9999.00-9999.00-9999.00-9999.00-9999.00-9999.00-9999.00-9999.00-9999.00-9999.00-9999.00-9999.00-9999.00 -9999.00-9999.00-9999.00-9999.00-9999.00-9999.00-9999.00-9999.00-9999.00-9999.00-9999.00-9999.00-9999.00-9999.00-9999.00-9999.00-9999.00-9999.00-9999.00-9999.00-9999.00 85.07 81.31 78.32 91.26 147.48 376.75 375.48 381.19 386.02 381.87 410.27 96.13
81.66 73.51 76.16 77.96 332.85 335.42 377.39 377.45 378.11 338.26 333.73 0.00 363.51 376.07 378.30 350.35 114.86 101.92 0.00 376.14 377.17 156.27 165.54 153.72 94.91 85.82 76.43 78.69 83.87 351.30 263.18 376.12 375.62 377.60 143.39 206.92 308.29 247.39 375.89 373.03 307.33 337.48 0.00 326.59 0.00 377.61 326.59 375.83 378.65 0.00 375.72 283.34 323.08 377.06 375.35 376.21 292.08 82.79 261.44 88.96 75.29
333.26 132.64 125.86 72.86 72.06 79.49 82.31 80.18 72.93 80.93 75.93 116.88 132.30 235.30 145.21 138.68 332.68 77.89 89.74 375.43 92.71 382.01 109.08 83.91-9999.00-9999.00-9999.00-9999.00-9999.00-9999.00-9999.00-9999.00-9999.00-9999.00-9999.00-9999.00-9999.00-9999.00-9999.00-9999.00-9999.00-9999.00-9999.00-9999.00-9999.00 -9999.00-9999.00-9999.00-9999.00-9999.00-9999.00-9999.00-9999.00-9999.00-9999.00-9999.00-9999.00-9999.00-9999.00-9999.00-9999.00-9999.00-9999.00-9999.00-9999.00-9999.00-9999.00-9999.00-9999.00-9999.00-9999.00-9999.00-9999.00-9999.00-9999.00-9999.00-9999.00-9999.00 86.62 213.68 377.42 170.78 382.06 380.66 376.23 376.48 375.50 203.45 375.28 294.95 0.00 324.19 0.00 375.00 365.09 88.30 85.14 103.83 91.56 85.30 87.01 98.24 122.52 85.14 381.49 373.70 141.89 84.04 340.87 84.66 375.49 338.82 84.13 113.62
375.91 381.25 376.08 378.58 74.74 76.92 379.06 381.31 398.65 379.22 72.11 81.02 97.84 90.04 73.19 80.86 386.66 84.66 191.16 78.12 378.19 231.40 413.44 86.67 0.00 0.00 383.54 89.90 148.56-9999.00-9999.00-9999.00-9999.00-9999.00-9999.00-9999.00-9999.00-9999.00-9999.00-9999.00-9999.00-9999.00-9999.00-9999.00-9999.00-9999.00-9999.00-9999.00-9999.00-9999.00-9999.00-9999.00 -9999.00-9999.00-9999.00-9999.00-9999.00-9999.00-9999.00-9999.00-9999.00-9999.00-9999.00-9999.00-9999.00-9999.00-9999.00-9999.00-9999.00-9999.00-9999.00-9999.00-9999.00-9999.00-9999.00-9999.00-9999.00-9999.00-9999.00-9999.00-9999.00-9999.00-9999.00-9999.00-9999.00-9999.00-9999.00-9999.00-9999.00 277.69 367.04 375.00 375.39 373.91 348.41 375.27 375.27 375.14 0.00 294.95 332.70 284.15 0.00 358.78 294.95 376.44 375.00 294.95 294.95 294.95 376.71 376.65 294.95 375.04 0.00 344.89 96.21 96.21 102.08 380.64
0.00 294.95 294.95 294.95 378.08 0.00 358.73 375.00 294.95 0.00 0.00 0.00 0.00 375.00 294.95 375.00 294.95 319.64 0.00 0.00 375.77 377.98 171.47 375.51 268.20 375.32 363.48 126.46 375.19 318.40 144.18 376.25 150.82 74.58 148.90 72.20 139.81 126.78 81.71 93.80 223.19 361.98 376.16 97.24 375.48 158.28 90.88 80.41 356.80 376.79 81.83 383.11 76.40 160.43 72.93 374.57 78.46 376.19 85.85 377.16 80.97
298.25 0.00 375.00 0.00 375.38 294.95 0.00 294.95 375.52 375.18 294.95 294.95 375.94 375.00 329.08 375.00 0.00 0.00 294.95 294.95 0.00 377.77 375.55 223.56 375.41 292.96 118.57 141.55 375.37 96.97 375.15 375.24 377.11 77.80 75.93 378.34 275.74 134.15 75.49 0.00 79.99 133.91 80.41 151.19 75.93 73.85 412.10 93.18 378.44 79.99 85.97 0.00 385.13 141.52 80.41 92.73 81.83 157.56 96.65 77.08 0.00
