蒙特卡罗+CDRMV3/输出数据/2D水深分布/WaterDepthGIS_0156.ASC
ncols         539            
nrows         744            
xllcorner     602630.84259341
yllcorner     3914823.670891 
cellsize      50             
NODATA_value  -9999.00       
[rows 0 to 26 of 32, columns 366 to 426 of 539]
137.42 196.03 142.49 88.62-9999.00-9999.00-9999.00-9999.00-9999.00-9999.00-9999.00-9999.00-9999.00-9999.00-9999.00-9999.00-9999.00-9999.00-9999.00-9999.00-9999.00-9999.00-9999.00-9999.00-9999.00-9999.00-9999.00-9999.00-9999.00-9999.00-9999.00-9999.00-9999.00-9999.00-9999.00-9999.00-9999.00-9999.00-9999.00-9999.00-9999.00-9999.00-9999.00-9999.00-9999.00-9999.00-9999.00-9999.00-9999.00-9999.00-9999.00-9999.00-9999.00-9999.00-9999.00-9999.00-9999.00-9999.00-9999.00-9999.00-9999.00 95.87 83.01 91.24-9999.00-9999.00-9999.00-9999.00-9999.00-9999.00-9999.00-9999.00-9999.00-9999.00-9999.00-9999.00-9999.00-9999.00-9999.00-9999.00-9999.00-9999.00-9999.00-9999.00-9999.00-9999.00-9999.00-9999.00-9999.00-9999.00 74.11 372.54 87.49 377.25 114.46 81.79 73.91 82.02 74.38 115.00 137.45 376.53 377.27 381.61 385.36 384.34 79.08 0.00 118.78 83.07 377.19 139.67 77.48 74.46 299.16 77.48-9999.00-9999.00-9999.00-9999.00-9999.00-9999.00-9999.00-9999.00-9999.00-9999.00 -9999.00-9999.00-9999.00-9999.00-9999.00-9999.00-9999.00-9999.00-9999.00-9999.00-9999.00-9999.00-9999.00-9999.00 80.54 84.65 82.30 85.92 238.87 0.00 0.00 113.61 82.83-9999.00-9999.00-9999.00-9999.00-9999.00-9999.00-9999.00-9999.00-9999.00-9999.00-9999.00-9999.00-9999.00-9999.00-9999.00-9999.00-9999.00-9999.00-9999.00-9999.00-9999.00-9999.00-9999.00-9999.00-9999.00-9999.00-9999.00-9999.00-9999.00-9999.00-9999.00-9999.00-9999.00-9999.00-9999.00-9999.00-9999.00-9999.00-9999.00-9999.00-9999.00-9999.00-9999.00-9999.00-9999.00-9999.00-9999.00-9999.00-9999.00-9999.00-9999.00-9999.00-9999.00-9999.00-9999.00-9999.00-9999.00 93.66 378.61 77.96-9999.00-9999.00-9999.00-9999.00-9999.00-9999.00-9999.00-9999.00-9999.00-9999.00-9999.00-9999.00-9999.00-9999.00-9999.00-9999.00-9999.00-9999.00-9999.00-9999.00-9999.00-9999.00-9999.00-9999.00-9999.00-9999.00 83.39 195.45 84.40 377.23 228.38 73.83 288.42 75.25 87.71 74.01 114.13 376.61 375.07 383.98 79.73
287.82 154.99 82.15 86.04 79.73 79.73 124.49 0.00 84.02 85.12 0.00 378.90 274.29 368.95 163.14 86.89 122.50 88.70-9999.00-9999.00-9999.00 -9999.00-9999.00-9999.00-9999.00-9999.00-9999.00-9999.00-9999.00-9999.00-9999.00-9999.00-9999.00-9999.00-9999.00 73.14 127.18 303.58 75.21 75.61 0.00 132.05 73.22 85.92 83.58 92.20 100.79-9999.00-9999.00-9999.00-9999.00-9999.00-9999.00-9999.00-9999.00-9999.00-9999.00-9999.00-9999.00-9999.00-9999.00-9999.00-9999.00-9999.00-9999.00-9999.00-9999.00-9999.00-9999.00-9999.00-9999.00-9999.00-9999.00-9999.00-9999.00-9999.00-9999.00-9999.00-9999.00-9999.00-9999.00-9999.00-9999.00-9999.00 87.26 76.11 343.72 90.17 79.40 80.44 373.95-9999.00 84.40 114.25 122.01 77.04 329.92 304.25 0.00 89.70 271.60 84.02 376.32 82.07 77.96 80.44 376.57 76.45-9999.00-9999.00 81.47 82.02 74.91 307.85 276.58 126.73 112.66
89.54 90.51 109.95 334.69 383.52 382.45 284.00 127.30 78.78 79.08 126.51 175.31 76.45 143.32 381.48 0.00 83.01 138.69 91.24 74.06 184.07 74.11 75.25 380.91 76.11 369.13 113.40 87.05 74.06 111.78 376.11 376.38 74.38 83.74 93.90 73.64 257.85 378.05 74.72 74.81 389.15 383.36 0.00 0.00 0.00 122.42 74.46 142.76 73.58 73.76 74.11 83.28 77.48 73.87 74.31 73.83 81.33 75.51 74.17 0.00 140.69
75.79 216.82 379.18 80.82 186.11 75.02 216.76 73.83 116.08 78.50 164.68 341.13 354.84 75.25 82.15 80.44 0.00 0.00 95.95 96.34 85.12 87.42 97.57 88.44 241.38 88.97 77.71-9999.00-9999.00-9999.00-9999.00-9999.00-9999.00-9999.00-9999.00 -9999.00-9999.00-9999.00-9999.00-9999.00-9999.00-9999.00-9999.00-9999.00-9999.00-9999.00-9999.00 88.98 236.58 157.01 72.66 110.92 74.24 72.84 0.00 74.10 111.89 75.82 0.00 90.83 279.37 396.71 73.62 379.56 79.32 77.04 83.92 85.05 97.25 91.72 78.95 165.06 252.19 99.06 89.88 85.92 84.85 127.76 383.44 77.04
81.23 73.41 114.54 0.00 273.09 126.32 73.31 86.40 73.97 81.83 86.40 77.62 77.93 170.80 90.87 379.33 81.23 354.06 84.46 73.85 379.08 159.42 77.62 87.16 88.16 280.09 77.04 332.57 0.00 331.73 80.08 185.62 99.08 102.47 74.31 373.92 375.84 89.25 73.87 128.34 0.00 74.24 84.26 123.75 0.00 120.15 246.02 78.50 74.72 377.12 85.69 75.95 130.21 85.16 81.28 376.81 0.00 73.91 85.33 122.52 111.74
80.83 81.42 301.68 123.71 81.46 72.47 350.92 379.97 73.14 378.87 75.21 72.44 0.00 122.07 352.59 377.60 75.82 72.66 80.43 83.27 72.78 0.00 138.72 74.10 230.83 75.21 74.91 376.21 93.42 76.28 115.88 379.17 386.43 0.00 77.96 83.50 81.19 75.65 0.00 111.77 83.50 75.38 378.15 77.48 74.72 112.42 379.92 380.43 75.65 0.00 88.70 82.36 77.71 126.84 75.79 0.00 131.40 126.30 74.81 74.11 83.28
346.90 85.48 376.42 253.76 143.00 73.73 112.41 81.72 72.47 109.33 0.00 159.37 79.71 83.92 86.40 117.76 84.10 377.12 90.42 82.83 0.00 141.32 72.34 83.12 97.79 91.72 290.88 92.20 85.34 74.46 170.09 375.97 75.79 76.64 128.58 73.68 0.00 142.50 73.96 81.08 112.84 217.63 377.41 121.83 76.11 75.02 123.81 81.73 85.86 0.00 86.63 82.60 88.19 114.60 0.00 86.29 381.06 375.72 334.87 113.99 74.81
81.72 72.98 378.46 82.30 117.02 0.00 72.78 72.22 73.14 188.16 380.47 75.21 127.27 81.06 76.27 0.00 79.32 382.87 72.72 75.03 72.72 80.55 87.71 78.59 84.65 72.66 113.91 369.47 179.79 83.28 131.57 78.22 115.47 0.00 73.62 298.31 257.89 74.46 85.50 89.85 81.68 131.71 75.51 119.30 135.76 0.00 73.91 93.66 0.00 73.68 81.84 74.38 74.81 200.52 74.17 79.40 349.37 75.25 114.01 328.85 360.70
202.72 74.53 84.65 73.06 138.73 211.13 325.25 376.92 377.39 377.84 377.55 0.00 142.66 76.45 171.32 87.26 82.08 382.45 80.82 73.66 111.89 280.16 377.63 331.00 0.00 341.13 115.50 77.71 87.05 305.88 376.42 86.29 82.07 134.88 232.42 382.54 143.11 384.64 74.63 76.64 73.91 0.00 371.92 367.29 116.29 73.96 73.79 204.72 376.36 83.07 74.91 375.91 0.00 138.32 111.90 80.08 81.51 74.11 0.00 118.99 75.13
98.13 89.54 217.04 173.83 156.43 74.63 85.86 79.40 99.12 219.94 81.95 75.25 73.87 377.21 84.02 0.00 376.54 80.08 81.22 378.84 0.00 350.06 88.97 82.44 83.99 116.98 81.28 79.40 129.31 129.45 75.13 366.90 76.11 120.15 318.83 134.30 86.91 0.00 0.00 77.25 231.65 86.23 81.37 75.95 0.00 0.00 380.25 184.83 379.83 375.48 361.53 305.55 257.24 123.11 75.25 377.60 74.63 87.71 74.91 378.62 77.48
120.12 83.86 84.40 87.49 84.12 85.16 79.40 87.55 79.40 127.37 360.20 204.71 234.30 0.00 0.00 106.31 377.02 336.07 381.43 379.25 241.71 0.00 92.53 0.00 82.07 78.78 125.50 113.02 83.50 177.83 361.90 147.71 126.96 86.91-9999.00-9999.00-9999.00-9999.00-9999.00-9999.00-9999.00-9999.00-9999.00 -9999.00-9999.00-9999.00-9999.00-9999.00-9999.00-9999.00-9999.00-9999.00-9999.00 72.84 238.88 0.00 73.41 79.92 77.04 80.26 74.24 0.00 111.70 83.27 74.24 123.74 81.42 74.38 0.00 72.52 292.95 117.79 77.93 78.25 382.19 126.61 77.93 87.43 228.49
101.36-9999.00-9999.00-9999.00-9999.00-9999.00-9999.00-9999.00-9999.00-9999.00-9999.00 -9999.00-9999.00-9999.00-9999.00-9999.00-9999.00-9999.00-9999.00-9999.00 73.73 111.26 395.97 0.00 74.24 74.38 0.00 77.04 82.17 75.21 118.14 115.52 72.61 110.89 361.67 0.00 177.98 84.11 85.26 73.85 219.86 384.48 73.22 77.62 84.28 142.73 380.58 76.04 73.51 109.64 374.78 0.00 152.15 136.84 76.27 73.22 375.72 73.85 73.41 381.16 73.51 378.02 72.25 120.33 72.25 0.00 127.85 72.19 84.85 85.92 80.61 81.46 223.88 295.38 85.05 78.78 141.47 375.40 0.00
351.21 72.98 72.42 109.50 0.00 90.02 136.42 134.55 90.02 128.32 80.68 72.37 385.65 0.00 0.00 376.85 138.50 76.11 358.57 246.60 85.66 75.51 142.97 160.77 342.85 0.00 76.83 74.54 384.95 231.81 375.80 337.68 177.55 377.50 75.79 83.50 83.01 0.00 0.00 0.00 0.00 0.00 0.00 0.00 91.48 253.27 78.78 383.20 179.02 89.25 82.53 379.23 378.70 0.00 82.53 272.56 377.71 377.37 391.65 301.19 377.03
125.01 361.08 382.00 76.83 76.28 77.25 113.43 334.52 384.91 0.00 205.03 376.50 132.44 377.97 243.05 375.69 374.13 169.57 80.86 123.74 182.00 113.81 0.00 80.44 315.97 140.94 77.04 378.17 144.80 77.71-9999.00-9999.00-9999.00-9999.00-9999.00-9999.00-9999.00-9999.00-9999.00-9999.00-9999.00-9999.00-9999.00-9999.00 -9999.00-9999.00-9999.00-9999.00-9999.00-9999.00-9999.00-9999.00-9999.00-9999.00-9999.00 88.95 83.54 88.01 80.12 377.41 78.59 376.69 77.62 79.56 81.15 187.11 379.77 0.00 0.00 0.00 77.32 73.62 120.00 0.00 0.00 0.00 76.04 0.00 86.68 124.40 287.31 80.98 72.25 271.07 0.00
90.83 156.62 77.62 377.09 73.97 82.30 72.26 121.77 252.19 113.64 77.93 0.00 322.70 72.29 88.01 86.32 83.27 85.92 79.32 376.74 72.34 146.76 376.15 170.48 0.00 0.00 0.00 378.17 306.83 379.48 88.94 373.93 384.87 383.85 137.18 85.12 89.85 78.78 83.99 76.45 78.22 377.52 76.45 73.61 74.38 135.27 371.66 88.94 79.40 77.71 143.92 92.53 85.12 131.39 201.32 378.76 124.93 87.26 102.47 85.50 84.40
377.49 378.46 378.64 79.71 0.00 74.10 181.62 72.37 73.51 135.96 367.06 73.62 147.17 196.73 133.20 115.10 75.03 0.00 140.37 74.24 76.52 0.00 0.00 73.62 82.17 341.92 74.53 92.20 82.69 77.04 83.42 80.55 81.83 73.41 377.32 0.00 390.58 294.61 74.10 78.95 176.39 83.42 84.71 200.92 413.57 0.00 80.12 375.26 117.86 131.29 84.10 376.63 72.98 73.31 90.17 83.74 79.73 79.40 89.25 80.08 75.95
376.30 376.78 365.02 186.80 114.70-9999.00-9999.00-9999.00-9999.00-9999.00-9999.00-9999.00-9999.00-9999.00-9999.00-9999.00-9999.00-9999.00-9999.00-9999.00-9999.00-9999.00-9999.00-9999.00-9999.00 -9999.00-9999.00-9999.00-9999.00-9999.00-9999.00-9999.00-9999.00-9999.00-9999.00-9999.00-9999.00-9999.00-9999.00-9999.00-9999.00-9999.00-9999.00-9999.00 96.59 82.45 91.72 81.94 130.51 77.93 384.32 313.84 378.07 76.77 72.52 209.57 345.24 378.36 111.77 114.35 79.68 138.27 380.15 0.00 371.66 112.66 176.84 78.95 72.84 73.51 381.62 405.13 242.58 84.71 82.69 83.54 82.17 145.05 81.72 86.16 80.75 72.56 220.29 96.59 0.00 88.16 0.00 263.19 90.87 376.05 220.43 105.57 129.87 375.08 379.43 83.54 84.65 86.64 86.90
86.40 79.71 309.37 99.06 377.10 75.82 391.11 371.90 362.46 381.40 73.73 72.91 79.55 79.57 119.93 129.29 0.00 133.81 124.42 89.65 77.32 90.87 0.00 80.99 72.40 88.95 77.32 366.88 267.65 305.75 80.12 379.47 113.97 121.47 366.37 297.50 310.66 376.75 130.81 0.00 380.55 378.66 177.72 137.04 74.38 73.14 239.18 75.41 85.48 78.59 379.15 154.03 0.00 91.95 376.67 131.83 88.16 0.00 122.66 80.54 85.99
161.91 378.39 375.61 84.71 0.00 80.12 76.04 181.62 85.34 378.84 375.20 82.45 192.10 159.10 94.30 91.95 94.30 154.70 119.89 175.51 119.89 303.72 97.52 82.30 163.88 85.93 171.77 204.08 91.72 74.86 78.59 75.61 87.40 392.88 267.20 376.64 378.94 76.04 383.40 83.54 0.00 383.04 240.68 384.76 190.05 172.36 224.99 382.23 150.25 0.00 0.00 375.97 102.82 82.53 78.22 376.10 84.02 87.05 74.46 380.03 76.28
90.87 94.30 0.00 173.09 102.21 379.44 368.84 377.03 389.88 381.34 87.40 90.83 94.72 99.06 82.45 377.11 92.68 85.92 78.59 89.88 376.60 0.00 218.81 377.62 84.71 264.30 248.66 375.17 358.71 376.13 227.52 83.42 108.51 164.70 339.70 92.94 76.83 117.12 310.71 77.71 76.45 376.72 306.93 113.73 84.56 82.52 75.95 75.13 361.42 379.70 74.54 120.13 377.77 0.00 376.99 158.94 120.14 87.95 82.29 83.74 82.53
217.76 94.64 81.78 88.01 80.99 84.71 379.67 338.37 84.71 90.42 74.24 121.34 350.77 378.26 379.63 0.00 269.09 298.97 376.18 214.57 321.70 390.13 356.12 376.72 139.44 119.89 361.52 0.00 192.08 89.88 287.28 77.04 321.63 75.25 80.82 87.49 75.38 128.90 302.24 380.85 76.45 380.14 75.51 0.00 377.72 118.39 383.68 74.72 144.24 147.66 317.67 74.63 349.08 74.72 94.89 0.00 332.06 114.50 77.25 92.49 87.26
355.65 199.68 380.84 253.65 0.00 240.68 199.68 195.97 375.28 0.00 323.19 372.64 0.00 139.44 106.98 96.89 377.22 205.28 103.31 272.37 377.69 75.38 75.95 376.14 80.44 375.94 78.78 357.17 0.00 80.82 92.49 85.66 73.77 81.32 84.92 161.35 82.44 76.83 273.12 125.38 76.11 87.95 118.96 382.50 133.96 74.63 85.68 85.33-9999.00-9999.00-9999.00-9999.00-9999.00-9999.00-9999.00-9999.00-9999.00-9999.00-9999.00-9999.00-9999.00-9999.00-9999.00-9999.00-9999.00-9999.00-9999.00-9999.00-9999.00-9999.00-9999.00-9999.00 -9999.00-9999.00-9999.00-9999.00-9999.00-9999.00-9999.00-9999.00-9999.00-9999.00-9999.00-9999.00-9999.00-9999.00-9999.00-9999.00-9999.00-9999.00-9999.00-9999.00-9999.00 85.70 81.94 78.95 91.95 149.50 376.87 375.60 381.26 386.09 381.90 410.24 96.73
82.30 74.10 76.77 78.59 334.24 335.45 377.39 377.40 378.03 337.86 333.39 0.00 359.60 376.04 378.23 351.90 116.01 102.93 0.00 376.15 377.10 158.52 168.79 156.42 95.61 86.45 77.04 79.32 84.26 352.40 266.54 376.13 375.62 377.62 145.60 208.78 309.12 248.66 375.84 372.67 307.45 337.35 0.00 326.41 0.00 377.12 326.41 375.25 378.08 0.00 375.67 283.64 323.19 376.90 375.34 376.24 293.91 83.60 263.88 89.82 76.09
338.27 133.61 127.27 73.64 72.84 80.33 83.16 81.02 73.72 81.78 76.73 117.11 133.31 239.15 145.91 139.40 336.31 77.96 89.85 375.40 91.53 381.19 109.95 84.02-9999.00-9999.00-9999.00-9999.00-9999.00-9999.00-9999.00-9999.00-9999.00-9999.00-9999.00-9999.00-9999.00-9999.00-9999.00-9999.00-9999.00-9999.00-9999.00-9999.00-9999.00 -9999.00-9999.00-9999.00-9999.00-9999.00-9999.00-9999.00-9999.00-9999.00-9999.00-9999.00-9999.00-9999.00-9999.00-9999.00-9999.00-9999.00-9999.00-9999.00-9999.00-9999.00-9999.00-9999.00-9999.00-9999.00-9999.00-9999.00-9999.00-9999.00-9999.00-9999.00-9999.00-9999.00 87.02 217.02 377.46 173.09 381.76 380.17 376.15 376.40 375.42 204.46 375.28 295.23 0.00 324.44 0.00 375.00 366.63 89.61 86.43 105.87 93.04 86.14 88.30 100.03 124.50 86.43 381.58 375.44 142.80 84.89 343.18 85.50 375.58 341.98 85.29 115.18
375.93 381.38 376.10 378.68 75.54 77.74 379.15 381.41 398.98 379.30 72.89 81.86 98.72 90.92 73.98 81.70 386.68 85.50 195.19 78.95 378.17 234.84 413.20 87.51 0.00 0.00 382.98 90.77 150.03-9999.00-9999.00-9999.00-9999.00-9999.00-9999.00-9999.00-9999.00-9999.00-9999.00-9999.00-9999.00-9999.00-9999.00-9999.00-9999.00-9999.00-9999.00-9999.00-9999.00-9999.00-9999.00-9999.00 -9999.00-9999.00-9999.00-9999.00-9999.00-9999.00-9999.00-9999.00-9999.00-9999.00-9999.00-9999.00-9999.00-9999.00-9999.00-9999.00-9999.00-9999.00-9999.00-9999.00-9999.00-9999.00-9999.00-9999.00-9999.00-9999.00-9999.00-9999.00-9999.00-9999.00-9999.00-9999.00-9999.00-9999.00-9999.00-9999.00-9999.00 279.08 367.28 375.00 375.39 373.95 348.88 375.27 375.27 375.14 0.00 295.23 332.82 285.16 0.00 358.99 295.24 376.47 375.00 295.24 295.23 295.24 376.72 376.70 295.24 375.05 0.00 346.05 97.05 97.05 103.58 380.81
0.00 295.23 295.23 295.23 378.11 0.00 358.94 375.00 295.23 0.00 0.00 0.00 0.00 375.00 295.23 375.00 295.23 319.77 0.00 0.00 375.77 377.99 172.83 375.51 269.77 375.32 364.29 128.14 375.19 318.79 146.78 376.35 152.53 75.37 150.78 72.98 141.52 128.54 82.55 94.72 227.00 363.77 376.19 98.12 375.64 160.86 91.78 81.25 358.52 376.83 82.67 383.15 77.21 163.69 73.72 375.36 79.29 376.30 86.61 377.21 81.94
298.53 0.00 375.00 0.00 375.38 295.23 0.00 295.23 375.52 375.18 295.24 295.23 375.94 375.00 329.32 375.00 0.00 0.00 295.24 295.24 0.00 377.83 375.55 224.36 375.41 293.78 120.19 143.19 375.40 97.82 375.16 375.25 377.16 78.63 76.73 378.43 279.53 135.61 76.30 0.00 80.82 135.10 81.25 153.42 76.73 74.64 412.41 94.11 378.52 80.82 86.81 0.00 385.30 142.79 81.25 93.66 82.67 160.19 97.54 77.80 0.00
