蒙特卡罗+CDRMV3/输出数据/2D水深分布/WaterDepthGIS_0150.ASC
ncols         539            
nrows         744            
xllcorner     602630.84259341
yllcorner     3914823.670891 
cellsize      50             
NODATA_value  -9999.00       
[rows 0 to 26 of 32, columns 366 to 426 of 539]
144.40 202.66 149.94 91.28-9999.00-9999.00-9999.00-9999.00-9999.00-9999.00-9999.00-9999.00-9999.00-9999.00-9999.00-9999.00-9999.00-9999.00-9999.00-9999.00-9999.00-9999.00-9999.00-9999.00-9999.00-9999.00-9999.00-9999.00-9999.00-9999.00-9999.00-9999.00-9999.00-9999.00-9999.00-9999.00-9999.00-9999.00-9999.00-9999.00-9999.00-9999.00-9999.00-9999.00-9999.00-9999.00-9999.00-9999.00-9999.00-9999.00-9999.00-9999.00-9999.00-9999.00-9999.00-9999.00-9999.00-9999.00-9999.00-9999.00-9999.00 97.55 84.79 93.18-9999.00-9999.00-9999.00-9999.00-9999.00-9999.00-9999.00-9999.00-9999.00-9999.00-9999.00-9999.00-9999.00-9999.00-9999.00-9999.00-9999.00-9999.00-9999.00-9999.00-9999.00-9999.00-9999.00-9999.00-9999.00-9999.00 75.70 374.40 89.22 377.44 116.49 83.58 75.49 83.81 75.98 117.26 140.42 376.68 377.32 381.60 385.23 384.16 80.85 0.00 120.99 84.85 377.57 141.06 79.19 76.05 308.04 79.19-9999.00-9999.00-9999.00-9999.00-9999.00-9999.00-9999.00-9999.00-9999.00-9999.00 -9999.00-9999.00-9999.00-9999.00-9999.00-9999.00-9999.00-9999.00-9999.00-9999.00-9999.00-9999.00-9999.00-9999.00 83.14 87.22 84.88 88.50 254.27 0.00 0.00 116.23 85.41-9999.00-9999.00-9999.00-9999.00-9999.00-9999.00-9999.00-9999.00-9999.00-9999.00-9999.00-9999.00-9999.00-9999.00-9999.00-9999.00-9999.00-9999.00-9999.00-9999.00-9999.00-9999.00-9999.00-9999.00-9999.00-9999.00-9999.00-9999.00-9999.00-9999.00-9999.00-9999.00-9999.00-9999.00-9999.00-9999.00-9999.00-9999.00-9999.00-9999.00-9999.00-9999.00-9999.00-9999.00-9999.00-9999.00-9999.00-9999.00-9999.00-9999.00-9999.00-9999.00-9999.00-9999.00-9999.00-9999.00-9999.00 95.58 378.69 79.69-9999.00-9999.00-9999.00-9999.00-9999.00-9999.00-9999.00-9999.00-9999.00-9999.00-9999.00-9999.00-9999.00-9999.00-9999.00-9999.00-9999.00-9999.00-9999.00-9999.00-9999.00-9999.00-9999.00-9999.00-9999.00-9999.00 85.16 208.00 86.16 377.35 242.82 75.41 298.26 76.88 89.45 75.59 116.34 376.61 374.64 383.91 81.51
301.58 159.14 83.94 87.77 81.51 81.51 127.62 0.00 85.79 86.86 0.00 379.02 286.95 368.71 170.82 87.75 127.54 90.47-9999.00-9999.00-9999.00 -9999.00-9999.00-9999.00-9999.00-9999.00-9999.00-9999.00-9999.00-9999.00-9999.00-9999.00-9999.00-9999.00-9999.00 75.59 131.32 318.33 77.73 78.14 0.00 136.60 75.68 88.50 86.16 94.95 104.17-9999.00-9999.00-9999.00-9999.00-9999.00-9999.00-9999.00-9999.00-9999.00-9999.00-9999.00-9999.00-9999.00-9999.00-9999.00-9999.00-9999.00-9999.00-9999.00-9999.00-9999.00-9999.00-9999.00-9999.00-9999.00-9999.00-9999.00-9999.00-9999.00-9999.00-9999.00-9999.00-9999.00-9999.00-9999.00-9999.00-9999.00 88.99 77.77 354.55 92.04 81.17 82.23 374.93-9999.00 86.16 116.40 124.99 78.73 337.65 309.94 0.00 91.54 281.68 85.79 376.73 83.87 79.69 82.23 376.64 78.13-9999.00-9999.00 83.26 83.81 76.53 319.64 290.42 130.63 114.81
91.37 92.40 114.43 343.09 383.24 381.98 298.06 130.57 80.54 80.85 130.57 179.90 78.13 145.63 381.35 0.00 84.79 145.81 93.18 75.64 189.62 75.70 76.88 381.11 77.77 371.80 115.01 88.77 75.64 113.94 376.29 376.46 75.98 85.51 95.81 75.21 275.47 378.16 76.32 76.42 388.74 383.16 0.00 0.00 0.00 125.03 76.05 143.61 75.15 75.34 75.70 85.06 79.19 75.45 75.90 75.41 83.13 77.15 75.76 0.00 142.09
77.44 232.27 378.97 82.61 195.41 76.64 231.69 75.41 118.29 80.24 170.00 348.21 359.89 76.88 83.94 82.23 0.00 0.00 97.62 97.96 86.86 89.16 99.93 90.20 254.87 90.76 79.43-9999.00-9999.00-9999.00-9999.00-9999.00-9999.00-9999.00-9999.00 -9999.00-9999.00-9999.00-9999.00-9999.00-9999.00-9999.00-9999.00-9999.00-9999.00-9999.00-9999.00 91.66 249.80 164.67 75.10 113.70 76.72 75.29 0.00 76.58 114.96 78.36 0.00 93.59 287.20 397.49 76.08 379.88 81.92 79.61 86.49 87.62 99.80 94.49 81.54 177.55 255.82 101.98 92.60 88.50 87.42 132.40 383.67 78.73
83.83 75.87 117.73 0.00 288.21 130.37 75.77 88.97 76.45 84.42 88.97 80.20 80.51 183.11 93.63 379.46 83.83 364.48 87.03 76.32 379.34 163.17 80.20 89.76 90.79 296.48 79.61 339.51 0.00 340.95 81.86 195.11 100.93 105.43 75.90 375.77 375.88 91.06 75.45 132.58 0.00 75.83 86.02 127.58 0.00 122.50 251.90 80.24 76.32 376.99 87.43 77.60 134.08 86.91 83.07 376.64 0.00 75.49 87.07 124.77 113.72
83.42 84.01 321.73 127.23 84.05 74.91 355.56 379.92 75.59 379.18 77.73 74.87 0.00 125.55 360.10 377.66 78.36 75.10 83.03 85.85 75.22 0.00 140.99 76.58 243.96 77.73 76.53 376.27 95.36 77.94 118.21 379.11 386.08 0.00 79.69 85.28 82.98 77.29 0.00 113.80 85.28 77.01 378.23 79.19 76.32 114.57 380.00 380.35 77.29 0.00 90.47 84.15 79.43 130.34 77.44 0.00 132.51 130.11 76.42 75.70 85.06
356.45 88.05 376.69 269.70 147.84 76.20 115.43 84.31 74.91 112.42 0.00 170.48 82.31 86.49 88.97 121.05 86.67 377.27 93.16 85.41 0.00 142.93 74.77 85.70 100.43 94.49 304.53 94.95 87.91 76.05 172.73 376.11 77.44 78.32 132.21 75.25 0.00 143.24 75.54 82.87 115.01 229.20 377.15 124.76 77.77 76.64 127.12 83.53 87.59 0.00 88.35 84.39 89.94 116.48 0.00 88.02 381.02 375.60 340.97 116.19 76.42
84.31 75.43 378.82 84.88 120.17 0.00 75.22 74.64 75.59 198.81 380.77 77.73 130.49 83.66 78.82 0.00 81.92 383.03 75.16 77.54 75.16 83.15 90.33 81.18 87.22 75.10 117.06 372.81 192.61 85.06 134.09 79.96 117.74 0.00 75.19 305.22 269.29 76.05 87.24 91.69 83.48 133.84 77.15 121.79 137.71 0.00 75.49 95.58 0.00 75.25 83.63 75.98 76.42 208.98 75.76 81.17 354.77 76.88 116.22 337.70 362.54
211.36 77.03 87.22 75.51 143.25 222.28 342.32 376.97 377.42 377.80 377.43 0.00 143.95 78.13 174.25 88.99 83.87 382.22 82.61 75.23 114.06 292.82 377.81 334.83 0.00 349.96 117.43 79.43 88.77 313.82 376.91 88.02 83.87 137.11 248.27 382.39 143.80 384.54 76.23 78.32 75.49 0.00 374.50 373.45 118.64 75.54 75.37 217.16 376.39 84.85 76.53 375.87 0.00 141.99 114.01 81.86 83.30 75.70 0.00 120.84 76.76
99.75 91.37 230.56 180.04 165.67 76.23 87.59 81.17 100.99 230.77 83.75 76.88 75.45 377.30 85.79 0.00 376.66 81.86 83.01 379.15 0.00 358.57 90.76 84.23 85.76 119.14 83.07 81.17 132.28 131.84 76.76 372.25 77.77 122.49 330.11 136.96 88.64 0.00 0.00 78.96 240.79 87.96 83.16 77.60 0.00 0.00 380.27 190.39 379.52 375.45 366.96 312.82 273.94 125.76 76.88 377.60 76.23 89.45 76.53 378.48 79.19
122.57 85.63 86.16 89.22 85.89 86.91 81.17 89.29 81.17 130.51 361.92 208.55 237.06 0.00 0.00 110.19 376.88 332.76 381.05 379.03 245.09 0.00 94.49 0.00 83.87 80.54 128.10 114.76 85.28 184.35 367.51 158.16 129.53 88.64-9999.00-9999.00-9999.00-9999.00-9999.00-9999.00-9999.00-9999.00-9999.00 -9999.00-9999.00-9999.00-9999.00-9999.00-9999.00-9999.00-9999.00-9999.00-9999.00 75.29 247.91 0.00 75.87 82.52 79.61 82.86 76.72 0.00 114.40 85.85 76.72 128.01 84.01 76.87 0.00 74.95 305.89 121.07 80.51 80.84 382.57 130.56 80.51 90.04 237.60
103.98-9999.00-9999.00-9999.00-9999.00-9999.00-9999.00-9999.00-9999.00-9999.00-9999.00 -9999.00-9999.00-9999.00-9999.00-9999.00-9999.00-9999.00-9999.00-9999.00 76.20 114.32 396.74 0.00 76.72 76.87 0.00 79.61 84.76 77.73 121.49 118.75 75.05 113.97 365.08 0.00 178.54 86.68 87.83 76.32 233.78 384.90 75.68 80.20 86.85 147.21 380.73 78.58 75.97 112.70 375.56 0.00 158.48 141.17 78.82 75.68 375.70 76.32 75.87 381.41 75.97 378.45 74.67 123.86 74.68 0.00 132.85 74.62 87.42 88.50 83.21 84.05 240.12 305.14 87.62 80.54 143.50 375.38 0.00
355.82 75.43 74.85 112.58 0.00 92.75 141.84 141.21 92.75 133.33 83.28 74.80 385.66 0.00 0.00 377.52 143.88 77.77 364.38 254.05 87.38 77.15 143.82 179.37 341.42 0.00 78.52 76.14 384.90 241.14 375.83 341.41 190.05 377.45 77.44 85.28 84.79 0.00 0.00 0.00 0.00 0.00 0.00 0.00 93.43 264.42 80.54 382.95 183.79 91.06 84.32 379.04 378.40 0.00 84.32 280.40 377.66 377.04 390.76 301.72 376.22
127.71 364.38 381.90 78.52 77.94 78.96 115.62 340.98 383.23 0.00 211.16 376.27 138.63 377.76 254.76 375.66 371.59 177.83 82.38 127.04 197.44 116.01 0.00 82.23 328.98 142.02 78.73 378.30 151.35 79.43-9999.00-9999.00-9999.00-9999.00-9999.00-9999.00-9999.00-9999.00-9999.00-9999.00-9999.00-9999.00-9999.00-9999.00 -9999.00-9999.00-9999.00-9999.00-9999.00-9999.00-9999.00-9999.00-9999.00-9999.00-9999.00 91.62 86.11 90.63 82.72 377.84 81.18 377.37 80.20 82.16 83.74 201.94 380.02 0.00 0.00 0.00 79.90 76.08 123.45 0.00 0.00 0.00 78.58 0.00 89.26 128.82 302.43 83.58 74.67 280.08 0.00
93.59 164.17 80.20 377.08 76.45 84.88 74.69 125.56 270.41 116.77 80.51 0.00 328.08 74.71 90.63 90.59 85.85 88.50 81.92 377.33 74.77 151.13 376.48 182.64 0.00 0.00 0.00 378.29 312.66 379.39 90.72 375.47 384.26 383.24 141.48 86.86 91.69 80.54 85.76 78.13 79.96 377.13 78.13 75.18 75.98 138.77 371.58 90.72 81.17 79.43 151.85 94.49 86.86 134.10 215.75 379.05 127.11 88.99 105.43 87.24 86.16
377.65 378.63 378.85 82.31 0.00 76.58 192.90 74.80 75.97 139.44 369.74 76.08 152.03 208.57 137.65 118.31 77.54 0.00 142.24 76.72 79.07 0.00 0.00 76.08 84.76 347.23 77.03 94.95 85.27 79.61 86.00 83.15 84.42 75.87 377.73 0.00 390.61 313.57 76.58 81.54 189.86 86.00 87.28 205.58 414.55 0.00 82.72 375.65 121.12 134.59 86.67 376.79 75.43 75.77 92.04 85.51 81.51 81.17 91.06 81.86 77.60
376.12 376.71 370.76 200.08 116.30-9999.00-9999.00-9999.00-9999.00-9999.00-9999.00-9999.00-9999.00-9999.00-9999.00-9999.00-9999.00-9999.00-9999.00-9999.00-9999.00-9999.00-9999.00-9999.00-9999.00 -9999.00-9999.00-9999.00-9999.00-9999.00-9999.00-9999.00-9999.00-9999.00-9999.00-9999.00-9999.00-9999.00-9999.00-9999.00-9999.00-9999.00-9999.00-9999.00 99.09 85.04 94.49 84.54 133.75 80.51 384.61 325.33 378.33 79.34 74.95 218.90 359.78 378.33 114.84 117.53 82.28 147.14 380.53 0.00 375.07 115.53 190.34 81.54 75.29 75.97 381.99 406.43 256.11 87.28 85.27 86.11 84.76 149.57 84.31 88.73 83.35 75.00 229.95 99.09 0.00 90.79 0.00 268.99 93.63 376.26 230.77 109.59 135.57 375.09 379.58 86.11 87.22 89.23 89.49
88.97 82.31 315.94 101.98 377.28 78.36 391.48 374.05 367.55 381.48 76.20 75.35 82.15 82.17 123.47 132.56 0.00 136.89 127.66 92.36 79.90 93.63 0.00 83.59 74.83 91.62 79.90 373.22 279.46 320.28 82.72 379.56 117.13 125.36 368.91 310.58 316.50 377.15 136.71 0.00 380.87 378.91 186.02 139.92 76.87 75.59 251.43 77.93 88.05 81.18 379.19 159.59 0.00 94.71 376.74 137.73 90.79 0.00 128.43 83.14 88.57
177.94 378.63 375.61 87.28 0.00 82.72 78.58 183.19 87.91 379.05 375.38 85.04 198.03 169.13 96.92 94.71 96.92 160.24 125.42 180.41 125.42 308.75 100.16 84.79 171.72 88.44 183.40 213.41 94.49 77.36 81.18 78.14 90.00 394.63 275.95 376.99 379.32 78.58 383.89 86.11 0.00 383.26 243.32 385.13 197.87 177.11 227.94 381.53 155.87 0.00 0.00 375.94 105.88 84.32 79.96 375.50 85.79 88.77 76.05 380.16 77.94
93.63 96.92 0.00 182.92 108.40 379.90 372.81 377.32 390.89 381.92 90.00 93.59 97.31 101.98 85.04 377.27 95.42 88.50 81.18 92.60 377.05 0.00 222.20 377.69 87.28 266.11 253.97 375.17 358.70 376.18 236.85 85.90 114.80 169.94 344.73 94.90 78.52 119.48 323.03 79.43 78.13 376.67 324.07 115.68 86.31 84.31 77.60 76.76 364.46 379.63 76.14 122.70 377.74 0.00 377.28 169.38 121.75 89.69 84.08 85.51 84.32
227.23 97.07 84.27 90.63 83.59 87.28 379.79 341.82 87.28 93.16 76.72 125.19 356.85 378.37 379.71 0.00 270.94 301.89 376.19 217.88 323.19 390.60 356.73 376.76 145.07 125.42 363.80 0.00 203.36 92.60 294.54 78.73 326.40 76.88 82.61 89.22 77.01 132.91 312.74 380.89 78.13 380.21 77.15 0.00 377.67 123.69 383.42 76.32 147.41 154.17 329.25 76.23 355.25 76.32 96.70 0.00 339.71 116.75 78.96 94.46 88.99
359.67 203.74 380.91 255.90 0.00 243.32 203.74 199.91 375.28 0.00 324.35 372.81 0.00 145.07 111.56 99.41 377.29 214.38 107.27 280.58 377.95 77.01 77.60 376.06 82.23 375.94 80.54 360.58 0.00 82.61 94.46 87.38 75.38 83.08 86.64 175.02 84.23 78.52 293.45 128.97 77.77 89.69 121.53 382.28 137.87 76.23 87.41 87.07-9999.00-9999.00-9999.00-9999.00-9999.00-9999.00-9999.00-9999.00-9999.00-9999.00-9999.00-9999.00-9999.00-9999.00-9999.00-9999.00-9999.00-9999.00-9999.00-9999.00-9999.00-9999.00-9999.00-9999.00 -9999.00-9999.00-9999.00-9999.00-9999.00-9999.00-9999.00-9999.00-9999.00-9999.00-9999.00-9999.00-9999.00-9999.00-9999.00-9999.00-9999.00-9999.00-9999.00-9999.00-9999.00 88.27 84.54 81.54 94.71 157.33 377.26 376.15 381.85 386.60 382.25 411.79 99.25
84.88 76.58 79.34 81.18 338.98 337.23 377.40 377.41 378.04 338.19 333.74 0.00 360.39 376.07 378.32 357.59 121.58 106.86 0.00 376.15 377.27 168.34 181.95 166.04 101.04 88.97 79.61 81.92 88.53 357.80 277.66 376.18 375.63 377.75 154.10 215.92 312.97 253.97 375.88 372.84 308.29 337.48 0.00 327.15 0.00 377.15 327.15 375.55 378.10 0.00 375.68 285.03 324.35 376.97 375.34 376.34 299.34 86.20 271.38 92.63 78.71
352.20 137.57 131.88 76.19 75.37 83.03 85.87 83.73 76.27 84.49 79.36 119.47 137.59 252.46 149.07 141.96 347.36 79.69 91.69 375.36 92.53 380.41 114.43 85.79-9999.00-9999.00-9999.00-9999.00-9999.00-9999.00-9999.00-9999.00-9999.00-9999.00-9999.00-9999.00-9999.00-9999.00-9999.00-9999.00-9999.00-9999.00-9999.00-9999.00-9999.00 -9999.00-9999.00-9999.00-9999.00-9999.00-9999.00-9999.00-9999.00-9999.00-9999.00-9999.00-9999.00-9999.00-9999.00-9999.00-9999.00-9999.00-9999.00-9999.00-9999.00-9999.00-9999.00-9999.00-9999.00-9999.00-9999.00-9999.00-9999.00-9999.00-9999.00-9999.00-9999.00-9999.00 91.29 228.02 377.58 182.92 381.86 380.25 376.17 376.40 375.42 207.48 375.28 296.09 0.00 325.21 0.00 375.01 372.59 94.22 90.80 112.49 98.32 88.84 92.76 106.13 131.02 90.80 381.88 375.96 145.92 87.59 349.74 88.20 375.84 350.82 89.11 120.32
375.99 381.79 376.17 379.01 78.14 80.39 379.48 381.77 400.12 379.55 75.42 84.57 101.57 93.80 76.53 84.42 386.92 88.20 207.33 81.63 378.10 244.68 413.79 90.21 0.00 0.00 382.90 93.64 154.49-9999.00-9999.00-9999.00-9999.00-9999.00-9999.00-9999.00-9999.00-9999.00-9999.00-9999.00-9999.00-9999.00-9999.00-9999.00-9999.00-9999.00-9999.00-9999.00-9999.00-9999.00-9999.00-9999.00 -9999.00-9999.00-9999.00-9999.00-9999.00-9999.00-9999.00-9999.00-9999.00-9999.00-9999.00-9999.00-9999.00-9999.00-9999.00-9999.00-9999.00-9999.00-9999.00-9999.00-9999.00-9999.00-9999.00-9999.00-9999.00-9999.00-9999.00-9999.00-9999.00-9999.00-9999.00-9999.00-9999.00-9999.00-9999.00-9999.00-9999.00 283.20 367.98 375.00 375.39 374.05 350.26 375.27 375.27 375.14 0.00 296.09 333.21 288.13 0.00 359.60 296.10 376.57 375.00 296.10 296.09 296.10 376.76 376.82 296.10 375.08 0.00 349.57 99.75 99.75 108.28 381.37
0.00 296.09 296.09 296.09 378.24 0.00 359.55 375.00 296.09 0.00 0.00 0.00 0.00 375.00 296.09 375.00 296.09 320.16 0.00 0.00 375.77 378.01 176.92 375.51 274.47 375.32 366.50 133.33 375.19 319.54 154.89 376.77 158.46 77.96 158.19 75.52 146.85 134.45 85.27 97.64 238.41 368.52 376.29 100.93 376.06 169.30 94.71 83.96 363.37 376.95 85.38 383.28 79.85 174.80 76.27 375.89 81.98 376.60 89.04 377.36 85.10
299.38 0.00 375.00 0.00 375.38 296.09 0.00 296.09 375.52 375.18 296.10 296.09 375.94 375.00 330.00 375.00 0.00 0.00 296.10 296.10 0.00 377.99 375.55 226.73 375.41 295.98 125.28 148.18 375.50 100.55 375.20 375.28 377.33 81.30 79.36 378.67 290.58 139.58 78.91 0.00 83.53 138.72 83.96 161.67 79.36 77.21 413.30 97.04 379.02 83.53 89.51 0.00 385.86 147.29 83.96 96.61 85.38 168.42 100.34 80.11 0.00
