蒙特卡罗+CDRMV3/输出数据/2D水深分布/WaterDepthGIS_0141.ASC
ncols         539            
nrows         744            
xllcorner     602630.84259341
yllcorner     3914823.670891 
cellsize      50             
NODATA_value  -9999.00       
[rows 0 to 26 of 32, columns 305 to 365 of 539]
94.72 86.19 88.57 87.75 80.13 143.01 80.48 79.62 143.52 85.22 0.00 83.61 87.99 210.24 130.25 280.00 179.08 81.07-9999.00-9999.00-9999.00-9999.00-9999.00-9999.00-9999.00-9999.00-9999.00-9999.00-9999.00-9999.00 -9999.00-9999.00-9999.00-9999.00-9999.00-9999.00-9999.00-9999.00-9999.00-9999.00-9999.00-9999.00 93.72 80.97 310.53 92.34 157.45 0.00 84.97 369.70 96.64 195.33 110.57-9999.00-9999.00-9999.00-9999.00-9999.00-9999.00-9999.00-9999.00-9999.00-9999.00-9999.00-9999.00-9999.00-9999.00-9999.00-9999.00-9999.00-9999.00-9999.00-9999.00-9999.00-9999.00-9999.00-9999.00-9999.00-9999.00-9999.00-9999.00-9999.00-9999.00-9999.00-9999.00-9999.00-9999.00-9999.00-9999.00-9999.00-9999.00-9999.00-9999.00-9999.00-9999.00-9999.00-9999.00-9999.00-9999.00-9999.00-9999.00-9999.00-9999.00-9999.00-9999.00-9999.00-9999.00-9999.00-9999.00-9999.00-9999.00-9999.00-9999.00-9999.00-9999.00-9999.00-9999.00-9999.00-9999.00-9999.00-9999.00-9999.00-9999.00-9999.00-9999.00-9999.00-9999.00-9999.00-9999.00-9999.00-9999.00-9999.00-9999.00-9999.00-9999.00-9999.00-9999.00-9999.00-9999.00-9999.00 135.84 343.79 204.94 165.91 89.66 88.08 381.42 151.94 259.43 377.32 290.72 138.20 82.03 90.89 82.03 0.00 377.93 184.58 90.74 182.14 379.23 80.01 88.03 82.95-9999.00-9999.00-9999.00-9999.00-9999.00-9999.00-9999.00-9999.00-9999.00-9999.00-9999.00 -9999.00-9999.00-9999.00-9999.00-9999.00-9999.00-9999.00-9999.00-9999.00-9999.00-9999.00-9999.00-9999.00 97.80 125.16 89.95 143.96 132.36 0.00
368.64 353.24 0.00 119.43 201.17 79.36 94.29-9999.00-9999.00-9999.00-9999.00-9999.00-9999.00-9999.00-9999.00-9999.00-9999.00-9999.00-9999.00-9999.00-9999.00-9999.00-9999.00-9999.00-9999.00-9999.00-9999.00-9999.00-9999.00-9999.00-9999.00-9999.00-9999.00-9999.00-9999.00-9999.00-9999.00-9999.00-9999.00-9999.00-9999.00-9999.00-9999.00-9999.00-9999.00-9999.00-9999.00 109.44 380.79 89.87 302.74 113.57-9999.00-9999.00 87.67 84.10 91.17 84.36 83.38 376.34 428.89 84.92 101.04 81.07 229.80 84.36 91.82 82.03 90.74-9999.00-9999.00-9999.00 82.03 173.46 80.19 154.00 80.75 83.85 79.73 383.51 89.40 0.00 0.00 0.00 84.92 80.65 376.80 378.83 157.23 81.44 81.31 95.57 373.58 380.81 144.16 140.11 80.01 80.13 85.85 0.00 83.85 89.36 173.40 83.61 376.45 213.85
156.23 80.01 79.62 88.57 82.95 0.00 133.30 80.13 80.32 378.67 0.00 92.62 100.13 0.00 375.32 92.62 97.67 102.71 87.67 169.79 83.85 88.50 196.09-9999.00-9999.00-9999.00-9999.00-9999.00-9999.00 -9999.00-9999.00-9999.00-9999.00-9999.00-9999.00-9999.00-9999.00-9999.00-9999.00-9999.00 80.45 139.23 90.40 80.33 379.98 379.61 0.00 319.91 119.99 159.55 80.02 87.51 84.35 381.05 135.25 378.90 82.16 378.21 98.21 84.06 175.66-9999.00-9999.00-9999.00-9999.00-9999.00-9999.00-9999.00 92.04 84.10 95.90 85.85 95.57 83.85 86.90-9999.00-9999.00-9999.00-9999.00-9999.00-9999.00 85.22 207.48 101.81 93.41 347.29 376.60 90.89 91.65 228.30
88.50 376.37 83.16 127.68 377.40 90.89 386.72 122.58 90.74 375.53 81.87 181.78 378.99 85.22 0.00 84.36 90.10 104.62 383.97 95.26 89.46 145.19 92.56 378.03 89.98 86.19 0.00 165.21 80.25 99.23 149.48 342.86 81.07 0.00 95.57 91.48 191.45 79.61 96.94 88.64 80.32 375.65 310.52 82.56 296.11 80.25 82.75 82.37 95.26 183.26 82.75 258.07 80.85 125.69 140.58 90.22 81.72 124.51 260.96 94.72 0.00
253.73 80.95 89.87 365.79 350.69 79.84 81.87 80.65 376.92 87.67 82.95 88.64 79.60 382.10 98.82 80.01 373.53 243.44 387.78 91.44 99.57 400.71 80.48 91.33 379.10 81.72 346.50 81.31 80.56 380.25 87.28 89.09 90.22 79.59 161.62 295.43 376.64 376.84 87.67 388.34 381.51 0.00 87.28 96.23 368.42 82.20 170.42 224.20 378.54 344.96 143.60-9999.00-9999.00-9999.00-9999.00-9999.00-9999.00-9999.00-9999.00-9999.00-9999.00 -9999.00-9999.00-9999.00-9999.00-9999.00-9999.00-9999.00-9999.00 376.08 99.44 81.78 94.59 376.44 377.73 83.79 88.01 100.68
376.97 0.00 120.25 88.94 82.20 382.63 100.13 280.36 175.72 89.27 126.05 96.23 211.93 90.60 89.27 88.64 79.83 151.03 207.07 380.54 380.18 381.60 380.94 0.00 0.00 0.00 0.00 100.99 372.72 125.87 0.00 98.29 300.34 89.40 99.20 124.00 349.54 88.08 372.85 86.19-9999.00-9999.00-9999.00-9999.00-9999.00-9999.00-9999.00-9999.00-9999.00 -9999.00-9999.00 89.54 83.52 87.15 98.21 304.77 373.78 81.96 89.05 88.01 380.51 120.27 86.36 134.05 367.15 87.45 86.92 79.10 124.59 0.00 84.35
122.70 79.69 251.73 0.00 376.24 222.24 151.64 80.48 86.54 377.69 80.40 88.22 79.63 167.82 290.14 90.34 88.78 143.41 88.78 140.84 81.57 129.05 79.96 144.02 79.67 144.55 0.00 119.02 166.88 379.66 375.22 371.73 119.42 372.79 109.44 378.63 81.18 106.09 80.65 95.22 380.04 397.27 81.72 99.57-9999.00-9999.00-9999.00-9999.00-9999.00-9999.00 -9999.00-9999.00-9999.00-9999.00-9999.00 92.34 158.94 309.77 389.24 379.07 81.60 149.35 376.40 306.10 89.29 84.35 86.36 380.19 80.57 0.00 80.22
81.31 0.00 126.53 172.00 80.01 89.87 79.77 380.29 123.84 82.75 139.26 79.77 119.68 386.70 100.13 208.85 80.56 88.78 80.75 120.26 377.91 84.10 0.00 0.00 261.96 91.44 378.11 376.92 278.28 127.62 102.65 127.70 111.53 109.06 105.09 93.65 379.80 378.81 359.08 181.43 85.85-9999.00-9999.00-9999.00-9999.00-9999.00-9999.00-9999.00 -9999.00-9999.00-9999.00-9999.00-9999.00-9999.00-9999.00 86.75 132.10 182.58 0.00 123.03 86.95 78.90 159.01 78.95 341.63 0.00 169.28 376.97 222.94 163.57 81.96 194.81 375.62 92.34
142.80 87.28 79.62 146.12 341.81 89.87 0.00 101.88 379.72 377.77 369.40 329.69 215.68 200.50 93.20 369.54 94.40 91.48 80.19 173.10 257.86 85.53-9999.00-9999.00-9999.00-9999.00-9999.00-9999.00-9999.00-9999.00-9999.00 -9999.00-9999.00-9999.00-9999.00-9999.00-9999.00-9999.00-9999.00-9999.00 80.57 144.87 0.00 93.72 87.06 82.16 0.00 121.33 78.94 89.29 89.17 81.60 80.33 397.02 142.18 93.76 79.84 117.81 376.58 129.49 80.57 0.00 121.53 80.22 376.07 165.10 79.61 140.67 80.33 129.78 118.65 0.00 0.00 172.32 79.68 381.94 412.94 388.22
0.00 91.09 359.50 376.38 80.22 81.43 339.56 381.94 123.89 86.75 83.03 136.45 299.52 125.90 0.00 286.15 254.35 78.90 79.26 138.20 84.06 89.17 345.78 121.10 97.26 91.69 91.25 99.02 84.35 224.92 160.50 376.80 91.09 105.36 93.76 101.55 99.02 91.25 82.36 227.49 213.07 376.44 315.19 79.26 0.00 380.73 382.67 380.81 79.59 94.68 89.01 94.68 79.69 139.55 377.26 83.16 0.00 172.29 81.18 82.03 89.87
125.55 383.05 81.60 91.44 147.01 84.97 232.73 377.34 94.29 145.29 82.57 331.08 135.09 78.99 139.94 97.26 0.00 248.47 124.94 81.57 97.34 85.22 89.01 137.91 90.47 80.65 120.95 260.77 0.00 81.44 91.48 93.18 109.26 88.07 380.06 95.90 94.72 91.02 95.57 99.23 376.03 89.46 79.63 181.59 88.70 82.56 145.22 320.53 83.38 197.34 0.00 300.97 253.10 149.19 82.95 148.05 88.44 180.22 86.90 122.58 378.93
138.42 87.28 0.00 92.97 90.47 276.70 84.92 354.56 88.94 92.36 88.03 82.37 82.37 411.25 89.87 81.44 128.76 0.00 349.75 120.00 80.32 88.17 79.69 82.03 200.28 343.59 90.47 88.93 142.86 127.67 380.48 85.22 378.20 248.51 93.96 379.24 378.63 335.17 224.20 207.44 0.00 388.22 384.24 383.39 362.67 369.13 118.10 376.16 380.68 381.45 375.40 375.53 95.05 98.99 104.97 92.85 294.01 128.92 80.40 174.63 91.48
375.82 378.33 244.15 143.61 376.99 153.27 376.25 376.47 380.10 295.52 95.53 371.94 183.74 229.35 379.91 377.45 192.59 144.15 80.65-9999.00-9999.00-9999.00-9999.00-9999.00-9999.00-9999.00-9999.00-9999.00-9999.00-9999.00-9999.00-9999.00 -9999.00-9999.00-9999.00-9999.00-9999.00-9999.00-9999.00-9999.00-9999.00 89.67 89.07 358.11 80.97 380.45 377.69 83.52 379.97 78.84 152.57 82.57 0.00 379.09 0.00 296.19 135.79 81.60 95.43 142.89 179.31 0.00 175.59 80.22 89.41 208.12 384.20 191.67 147.83 81.27 78.90 0.00 377.01 187.38 120.27 86.36 80.12 379.94 378.24 91.07 78.90 382.48
84.35 86.83 87.70 106.37 102.19 89.76 0.00 130.00 86.36 95.22 145.53 85.63 79.61 142.08 182.61 331.07 0.00 88.01 80.22 139.33 0.00 79.21 87.02 79.10 87.70 92.51 84.08 92.71 78.97 80.01 150.46 87.95 80.75 89.87 92.56 94.72 0.00 0.00 0.00 308.79 92.15 87.16 376.10 375.91 151.55 365.04 376.89 93.02 91.17 138.26 379.22 183.08 79.69 84.10 218.06 377.71 366.62 91.44 81.72 375.98 93.41
385.94 166.34 90.47 82.95 216.26 376.52 90.89 376.23 0.00 0.00 237.56 377.00 93.11 117.16 82.76 90.39 138.77 136.84 81.18 95.57 88.93 371.48 90.10 376.74 86.54 82.56 380.27 132.15 92.17-9999.00-9999.00-9999.00-9999.00-9999.00-9999.00-9999.00-9999.00-9999.00-9999.00-9999.00-9999.00-9999.00-9999.00 -9999.00-9999.00-9999.00-9999.00-9999.00-9999.00-9999.00-9999.00-9999.00-9999.00-9999.00-9999.00-9999.00-9999.00-9999.00 97.26 93.76 366.57 108.95 99.44 95.40 327.48 377.10 379.59 0.00 129.62 79.54 78.93 117.61 367.72 88.24 81.43 118.68 196.51 0.00 146.00 88.46 86.95 79.04 180.57 0.00 236.79 79.13 91.25 79.31 0.00
235.52 91.09 88.33 120.70 82.20 307.12 102.24 98.43 100.13 99.57 81.18 384.08 87.28 376.88 283.43 82.56 87.28 82.56 362.43 302.52 126.93 81.57 123.81 377.74 94.68 383.22 375.61 145.81 155.78 85.22 94.40 87.99 79.61 81.31 199.70 390.75 88.08 80.85 79.63 167.43 0.00 0.00 388.03 89.40 87.47 101.05 380.21 166.82 119.15 79.92 80.25 119.92 80.32 375.89 139.03 82.95-9999.00-9999.00-9999.00-9999.00-9999.00-9999.00-9999.00-9999.00-9999.00-9999.00-9999.00-9999.00-9999.00-9999.00-9999.00-9999.00-9999.00-9999.00 -9999.00-9999.00-9999.00-9999.00-9999.00-9999.00-9999.00-9999.00-9999.00-9999.00-9999.00-9999.00-9999.00-9999.00-9999.00-9999.00-9999.00 89.44 89.96 102.24 126.20
377.69 107.56 92.11 0.00 0.00 0.00 111.04 340.04 97.21 176.47 84.40 379.50 376.88 376.65 81.96 126.17 98.21 79.07 335.94 379.19 99.57 216.66 393.14 88.50 96.41 376.72 87.28 89.87 0.00 98.29 381.86 341.92 336.71 144.35 82.37 89.46 89.87 177.17 89.18 258.52 376.49 352.30 130.25 80.85 96.58 173.63 80.75 79.84 139.17 83.85 0.00 89.40 191.94 278.91 107.79 382.88 82.37 89.18 99.94 384.63 379.20
84.97 134.13 377.14 86.36 379.36 379.20 0.00 380.77 93.02 372.44 376.36 88.94 390.35 0.00 86.75 84.97 92.62 155.40 375.59 97.34 390.81 384.16 392.32 385.60 380.20 123.14 88.27 90.22 85.85 382.12 82.56 368.88 80.32 87.57 93.41 263.06 83.38 81.44 138.60 342.12 377.35 117.85 92.62 88.33 80.65 125.87 0.00 0.00 373.42 291.84 359.82 240.15 135.56 80.13 87.84 131.04 91.82 79.64 120.56 95.90-9999.00-9999.00-9999.00-9999.00-9999.00-9999.00-9999.00-9999.00-9999.00-9999.00-9999.00-9999.00-9999.00-9999.00-9999.00-9999.00-9999.00-9999.00-9999.00-9999.00 -9999.00-9999.00-9999.00-9999.00-9999.00-9999.00-9999.00-9999.00-9999.00-9999.00-9999.00-9999.00-9999.00-9999.00-9999.00-9999.00-9999.00-9999.00-9999.00-9999.00
209.84 383.53 378.59 150.89 198.19 375.54 136.54 207.78 0.00 0.00 0.00 378.36 88.08 0.00 90.89 385.55 82.95 376.67 137.71 79.80 140.16 80.95 137.61 380.00 377.03 85.53 381.19 382.83 0.00 375.27 88.50 341.59 90.89 125.73 0.00 81.31 88.07 92.56 93.18 93.96 137.62 0.00 384.01 81.87 92.17 380.38 276.07 138.60 81.44-9999.00-9999.00-9999.00-9999.00-9999.00-9999.00-9999.00-9999.00-9999.00-9999.00-9999.00-9999.00-9999.00-9999.00-9999.00-9999.00-9999.00 -9999.00-9999.00-9999.00-9999.00-9999.00-9999.00-9999.00-9999.00-9999.00-9999.00-9999.00-9999.00-9999.00-9999.00-9999.00-9999.00-9999.00-9999.00-9999.00-9999.00-9999.00-9999.00-9999.00-9999.00-9999.00 97.02 79.84 214.58 371.23 85.29 426.89 130.80 83.79 80.83 136.81 95.90
88.94 81.18 120.28 373.04 144.72 81.44 79.80 138.94 377.27 0.00 375.78 142.84 89.79 92.56 89.46 88.93 95.90 0.00 124.53 81.18 90.34 376.97 238.46 81.18 82.37 213.99 372.75-9999.00-9999.00-9999.00-9999.00-9999.00-9999.00-9999.00-9999.00-9999.00-9999.00-9999.00-9999.00-9999.00-9999.00-9999.00-9999.00-9999.00-9999.00-9999.00 -9999.00-9999.00-9999.00-9999.00-9999.00-9999.00-9999.00-9999.00-9999.00-9999.00-9999.00-9999.00-9999.00-9999.00-9999.00-9999.00-9999.00-9999.00-9999.00-9999.00-9999.00-9999.00 93.72 93.76 183.11 378.49 99.85 81.60 99.85 89.95 90.40 132.20 81.78 0.00 0.00 0.00 321.05 0.00 168.07 121.26 104.97 139.94 94.90 97.02 168.69 97.26 200.87 96.26 273.58 101.10 96.26 87.57 84.97 394.86 377.51
381.16 378.17 370.25 312.32 96.23 372.43 131.63 80.95 89.87 0.00 81.57 91.99 140.08 92.97 132.41 91.65-9999.00-9999.00-9999.00-9999.00-9999.00-9999.00-9999.00-9999.00-9999.00-9999.00-9999.00-9999.00-9999.00-9999.00-9999.00-9999.00-9999.00-9999.00-9999.00-9999.00-9999.00-9999.00 -9999.00-9999.00-9999.00-9999.00-9999.00-9999.00-9999.00-9999.00-9999.00-9999.00-9999.00-9999.00-9999.00-9999.00-9999.00-9999.00-9999.00 83.79 192.72 88.94 82.16 95.56 88.46 80.69 195.36 143.78 147.15 382.84 0.00 0.00 138.05 79.42 80.33 375.85 82.57 142.28 370.26 377.02 0.00 367.92 104.13 370.15 375.81 121.26 381.60 175.25 95.40 101.18 359.57 379.00 367.40 147.01 91.69 86.75 85.63 117.44 107.56 128.28 376.75 0.00 383.48
388.36 0.00 79.65 85.85 152.49 93.18-9999.00-9999.00-9999.00-9999.00-9999.00-9999.00-9999.00-9999.00-9999.00-9999.00-9999.00-9999.00-9999.00-9999.00-9999.00-9999.00-9999.00-9999.00-9999.00-9999.00-9999.00-9999.00-9999.00-9999.00 -9999.00-9999.00-9999.00-9999.00-9999.00-9999.00-9999.00-9999.00-9999.00-9999.00-9999.00-9999.00-9999.00-9999.00-9999.00-9999.00-9999.00-9999.00-9999.00 91.44 93.76 96.30 382.59 198.21 99.23 96.64 83.27 83.27 141.61 373.02 86.36 385.49 79.93 81.78 84.06 123.58 380.21 0.00 0.00 279.81 375.53 397.00 369.43 375.46 271.11 376.71 226.09 127.44 379.41 376.27 360.76 382.38 88.94 99.85 84.06 88.01 100.20 375.19 375.70 376.46 376.69 156.52 156.25 0.00 376.57 374.48 375.92 371.04 194.50 375.84 378.29 388.77 194.50
319.34 406.74 106.48 214.21 156.25 377.89 375.60 268.78 328.32 378.64 0.00 0.00 386.35 375.97 328.37 377.69 378.74 0.00 321.72 380.42 213.08 387.76 279.81 153.79 375.42 220.62 106.62 152.04 96.64 81.43 81.96 91.05 88.18 143.55 80.78 379.95 0.00 109.26 383.49 381.04 381.89 80.48 88.07 88.78 81.72 80.65 121.06 379.45 372.90 79.71 136.69 142.55 179.16 81.07 151.46 92.97 87.28 363.73 127.19 90.10-9999.00-9999.00-9999.00-9999.00-9999.00-9999.00-9999.00-9999.00-9999.00-9999.00-9999.00-9999.00-9999.00-9999.00-9999.00-9999.00-9999.00-9999.00-9999.00-9999.00-9999.00-9999.00 -9999.00-9999.00-9999.00-9999.00-9999.00-9999.00-9999.00-9999.00-9999.00-9999.00-9999.00-9999.00-9999.00-9999.00-9999.00-9999.00-9999.00-9999.00-9999.00-9999.00-9999.00-9999.00-9999.00-9999.00-9999.00-9999.00-9999.00-9999.00-9999.00-9999.00-9999.00
375.38 375.58 242.61 375.17 242.61 0.00 326.46 375.20 376.20 0.00 273.23 109.55 269.94 120.57 133.57 171.96 376.63 129.38 88.19 370.94 368.07 109.55 84.49 93.64 92.83 104.64 133.47 107.25 131.59 148.23 379.92 376.25 376.60 171.09 297.37 285.91 376.15 376.15 376.15 0.00 0.00 0.00 331.02 376.70 318.67 0.00 367.32 274.13 377.17 360.37 196.56 230.31 375.71 150.40 375.68 381.99 375.17 93.49 375.69 381.11 106.56
380.14 384.82 85.82-9999.00-9999.00-9999.00-9999.00-9999.00-9999.00-9999.00-9999.00-9999.00-9999.00-9999.00-9999.00-9999.00-9999.00-9999.00-9999.00-9999.00-9999.00-9999.00-9999.00-9999.00-9999.00-9999.00 -9999.00-9999.00-9999.00-9999.00-9999.00-9999.00-9999.00-9999.00-9999.00-9999.00-9999.00-9999.00-9999.00-9999.00-9999.00-9999.00-9999.00-9999.00-9999.00-9999.00-9999.00-9999.00-9999.00-9999.00-9999.00-9999.00-9999.00-9999.00-9999.00-9999.00-9999.00-9999.00-9999.00-9999.00-9999.00-9999.00 153.03 377.38 375.23 376.12 377.50 375.97 376.01 377.68 377.69 378.01 297.37 297.37 0.00 0.00 318.67 375.01 384.89 375.92 300.66 300.66 375.02 377.51 300.67 376.41 300.67 0.00 360.57 97.54 97.69 91.24 96.50 103.46 107.59 86.45 200.72 227.02 126.47 87.77 388.55 87.77 116.39 120.18 91.06 102.46 376.24 129.25 104.41 0.00 385.43 292.51 376.12 90.10 384.09 186.91 0.00 376.76 376.50
375.21 235.06 0.00 382.57 375.22 241.51 375.37 375.33 327.43 171.09 371.86 313.39 375.26 140.63 96.66 90.91 91.84 89.90 81.06 89.59 108.53 104.51 90.02 376.44 93.49 380.23 88.62 95.50 106.62 92.98 81.91 133.26 102.88 378.46 84.76 81.38 83.75 380.38 81.06 125.37 104.85 375.39 112.62-9999.00-9999.00-9999.00-9999.00-9999.00-9999.00-9999.00-9999.00-9999.00-9999.00-9999.00-9999.00-9999.00-9999.00-9999.00-9999.00-9999.00-9999.00-9999.00-9999.00 -9999.00-9999.00-9999.00-9999.00-9999.00-9999.00-9999.00-9999.00-9999.00-9999.00-9999.00-9999.00-9999.00-9999.00-9999.00-9999.00-9999.00-9999.00-9999.00-9999.00-9999.00-9999.00-9999.00-9999.00-9999.00-9999.00-9999.00-9999.00-9999.00-9999.00-9999.00-9999.00-9999.00-9999.00-9999.00-9999.00-9999.00-9999.00-9999.00-9999.00-9999.00-9999.00-9999.00-9999.00-9999.00-9999.00-9999.00 375.62 297.38 0.00 375.27 274.13 375.36 318.67 380.70 0.00 375.02 297.38 375.52 353.75 274.13 375.02 375.01 379.22
297.38 297.37 0.00 297.38 0.00 0.00 297.37 375.13 377.99 375.43 375.25 257.41 324.88 204.14 376.51 375.56 199.65 148.23 212.10 193.83 108.57 399.08 369.15 346.96 93.27 88.62 0.00 88.19 97.19 83.99 101.85 138.64 382.22 88.62 210.14 221.93 92.83 375.92 389.34 385.00 205.39 94.95 94.95 100.76 101.85 382.14 85.35 359.83 410.28 375.55 149.65 94.13-9999.00-9999.00-9999.00-9999.00-9999.00-9999.00-9999.00-9999.00-9999.00-9999.00-9999.00-9999.00-9999.00-9999.00-9999.00-9999.00-9999.00-9999.00 -9999.00-9999.00-9999.00-9999.00-9999.00-9999.00-9999.00-9999.00-9999.00-9999.00-9999.00-9999.00-9999.00-9999.00-9999.00-9999.00-9999.00-9999.00-9999.00-9999.00-9999.00-9999.00-9999.00-9999.00-9999.00-9999.00-9999.00-9999.00-9999.00-9999.00-9999.00-9999.00-9999.00-9999.00-9999.00-9999.00-9999.00-9999.00-9999.00-9999.00-9999.00-9999.00-9999.00-9999.00-9999.00-9999.00-9999.00-9999.00-9999.00-9999.00-9999.00-9999.00-9999.00 375.59 0.00 297.37 375.74 230.25 371.94 279.34 318.67
