蒙特卡罗+CDRMV3/输出数据/2D水深分布/WaterDepthGIS_0164.ASC
ncols         539            
nrows         744            
xllcorner     602630.84259341
yllcorner     3914823.670891 
cellsize      50             
NODATA_value  -9999.00       
[rows 0 to 26 of 32, columns 244 to 304 of 539]
0.00 77.35 79.95 86.40 74.72 74.21 76.49-9999.00-9999.00-9999.00-9999.00-9999.00-9999.00-9999.00-9999.00-9999.00-9999.00-9999.00-9999.00-9999.00 -9999.00-9999.00-9999.00-9999.00-9999.00-9999.00-9999.00-9999.00-9999.00 91.28 84.50 374.90 322.06 79.24 381.13 429.91 77.91 84.46 321.38 137.03 82.26-9999.00-9999.00-9999.00-9999.00-9999.00-9999.00-9999.00-9999.00-9999.00-9999.00-9999.00-9999.00-9999.00-9999.00-9999.00-9999.00-9999.00-9999.00-9999.00-9999.00-9999.00-9999.00-9999.00-9999.00-9999.00-9999.00-9999.00-9999.00-9999.00-9999.00-9999.00-9999.00-9999.00-9999.00-9999.00-9999.00-9999.00-9999.00-9999.00-9999.00-9999.00-9999.00-9999.00-9999.00-9999.00-9999.00-9999.00-9999.00-9999.00-9999.00-9999.00-9999.00-9999.00-9999.00-9999.00-9999.00-9999.00-9999.00-9999.00-9999.00-9999.00-9999.00-9999.00-9999.00-9999.00-9999.00-9999.00-9999.00-9999.00-9999.00-9999.00-9999.00-9999.00-9999.00-9999.00-9999.00-9999.00-9999.00-9999.00-9999.00-9999.00-9999.00-9999.00-9999.00-9999.00-9999.00-9999.00-9999.00-9999.00-9999.00 73.17 80.08 88.69 74.38 173.37 73.17 72.87 291.23 83.04 73.39 81.36 71.80 108.78 376.27 0.00 160.23 71.79 72.78 74.72 113.01 136.33 81.47-9999.00-9999.00-9999.00-9999.00-9999.00-9999.00-9999.00-9999.00-9999.00-9999.00-9999.00-9999.00 -9999.00-9999.00-9999.00-9999.00-9999.00-9999.00-9999.00-9999.00-9999.00 85.96 375.98 94.44 116.19 375.31 94.44 378.89 0.00 75.78 376.02 207.63 83.07 72.83-9999.00-9999.00-9999.00-9999.00-9999.00-9999.00-9999.00-9999.00-9999.00-9999.00-9999.00-9999.00-9999.00-9999.00-9999.00-9999.00-9999.00-9999.00-9999.00-9999.00-9999.00-9999.00-9999.00-9999.00-9999.00-9999.00-9999.00-9999.00-9999.00-9999.00-9999.00-9999.00-9999.00-9999.00-9999.00-9999.00-9999.00-9999.00-9999.00-9999.00-9999.00-9999.00-9999.00-9999.00-9999.00-9999.00-9999.00-9999.00-9999.00-9999.00-9999.00-9999.00-9999.00-9999.00-9999.00-9999.00-9999.00-9999.00-9999.00-9999.00-9999.00-9999.00-9999.00-9999.00-9999.00-9999.00-9999.00-9999.00-9999.00-9999.00-9999.00-9999.00-9999.00-9999.00-9999.00-9999.00-9999.00-9999.00-9999.00-9999.00-9999.00-9999.00-9999.00-9999.00-9999.00-9999.00-9999.00-9999.00 75.75 166.18 110.61 80.83 103.26
376.76 392.12 299.59 77.35 86.91-9999.00-9999.00-9999.00-9999.00-9999.00-9999.00-9999.00 75.75 80.92 73.91 80.15 79.51 378.36 156.89 378.29 74.55 132.39 376.92 85.66 89.77 365.75 86.65 380.31 72.12 75.98 358.79 73.28 71.87 72.54 72.00 72.54 258.93 0.00 375.50 131.37 72.96 111.11 72.17 342.33 141.75 184.48 75.31 80.46 112.80 375.63 364.82 376.55 0.00 74.55 82.42 0.00 96.15 93.11 78.72 76.49 85.66 353.08 85.50-9999.00-9999.00-9999.00 -9999.00-9999.00-9999.00-9999.00-9999.00-9999.00-9999.00-9999.00-9999.00-9999.00-9999.00-9999.00-9999.00-9999.00 79.20 78.11 117.48 83.15
81.36 163.43 73.91 147.10 80.86 353.90 76.77 176.26 381.28 73.77 381.92 74.21 380.07 163.31 72.40 88.36 82.41 73.28 73.28 381.79 88.05 78.00 0.00 119.15 82.42 83.39 74.55 83.21 72.47 379.77 72.96 138.88 79.82 88.36 80.64 81.13 75.75 71.93 377.85 112.04 73.17 79.95 82.72 112.92 125.95 79.14 71.93 265.73 73.91 73.51 72.62 0.00 358.87 79.11 118.16 113.10 113.96 73.64 168.77 110.94 114.92
0.00 0.00 0.00 0.00 141.42 136.36 72.17 82.26 91.54 73.91 84.34 72.04 377.39 0.00 376.50 0.00 91.29 89.26 170.70 104.65 91.11 377.51 73.91 218.35 329.54 83.59-9999.00-9999.00-9999.00-9999.00-9999.00-9999.00 -9999.00-9999.00-9999.00-9999.00-9999.00-9999.00-9999.00-9999.00-9999.00-9999.00-9999.00-9999.00 91.28 91.82 75.78 83.07 81.21 70.88 110.18 0.00 70.33 71.01 70.60 0.00 70.28 71.34 295.57 79.83 72.51 381.74 377.11 178.28 72.10-9999.00-9999.00-9999.00 75.78 78.77 266.53 83.51 75.20 139.09 387.15 92.49 85.20 134.68 103.26 376.88 377.00
79.20 73.75 81.54 79.83 72.23 78.69 91.28 79.72 89.54 380.16 76.42 306.68 379.55 79.72 378.78 74.67 148.39 71.34 378.22 71.34 304.85 109.65 0.00 378.28 76.77 92.04 143.97 93.76 131.16 113.96 252.34 87.18 72.04 274.05 0.00 73.39 89.77 118.86 0.00 379.24 109.90 74.91 73.28 375.60 75.52 78.72 110.50 377.29 378.86 89.26 0.00 72.22 86.40 82.26 140.59 119.38 72.13 114.13 0.00 356.03 270.97
83.29 79.72 78.33 370.49 279.22 74.93 77.13 150.29 77.51 0.00 353.63 125.58 73.51 85.43 123.84 71.83 373.16 364.18 72.22 73.39 378.97 0.00 72.12 71.74 362.03 0.00 109.25 82.99 82.88 132.69 82.26 71.96 377.04 114.00 73.64 176.14 122.87 0.00 110.00 74.91 72.40 110.35 0.00 72.70 83.21 85.66 282.09 73.51 84.55 74.21 76.77 132.01 188.76 384.38 168.15 152.36 78.00 84.55 81.03 79.11 81.36
74.42 79.95 75.20 80.47 129.95 306.23 80.75 76.09 0.00 107.83 124.19 73.75 75.20 382.44 73.55 85.52 72.78 114.00 381.21 142.86 122.31 72.34 164.61 0.00 0.00 115.22 71.79 72.12 71.93 135.42 378.21 72.54 71.96 108.80 354.41 376.08 78.35 0.00 71.87 83.95 72.34 0.00 242.81 72.08 73.39 370.47 131.79 73.51 77.67 137.58 204.44 377.98 182.92 0.00 384.53 378.28 377.56 382.44 128.53 83.59 74.21
371.30 378.03 71.43 80.90 71.63 0.00 83.15 72.37 381.16 381.54 184.11 71.85 81.54 92.93 75.20 70.76 150.98 74.21 114.39 82.41 85.90 79.11 110.28 0.00 381.19 72.70 83.76 130.70 83.21 80.83 80.08 72.54 109.14 147.53 161.10 0.00 72.12 77.05 0.00 167.68 109.67 73.64 75.52 84.84 86.91 84.76 128.00 71.96 113.11 165.99 358.03 0.00 72.00 113.55 80.83 81.24 80.46 82.99 154.88 82.56 79.09
77.72 77.91 74.91 378.72 379.23 0.00 376.89 368.79 379.48 375.55 72.47 79.11 322.37 72.04 246.08 73.51 164.90 74.38 0.00 344.64 73.06 162.64 81.59 377.53 72.47 85.43 73.91 134.39 316.67 377.08 73.28 114.40 81.24 74.38 114.40 0.00 72.62 75.98 175.99 72.00 87.46 373.24 115.79 74.06 233.26 92.49 0.00 109.50 72.17 83.95 72.22 116.38 0.00 121.38 85.90 71.93 74.21 238.17 0.00 85.50 81.98
84.14 114.59 72.62 118.22 185.75 88.69 74.38 114.72 0.00 123.44 113.34 82.72 83.76 140.78 123.89 0.00 284.78 114.12 75.98 194.44 80.01 81.13 72.08 184.95 376.64 379.25 145.50 74.91 136.58 0.00 0.00 0.00 310.83 223.26 73.17 144.01 72.28 126.89 376.15 0.00 390.05 386.21 133.69 78.82 191.64 112.62 72.17 80.55 80.38 117.93 345.44 198.46 73.51 322.11 347.20 375.51 73.91-9999.00-9999.00-9999.00-9999.00-9999.00-9999.00-9999.00-9999.00 -9999.00-9999.00-9999.00-9999.00-9999.00-9999.00-9999.00-9999.00-9999.00-9999.00 81.71 84.98 70.24
362.77 378.10 384.34 100.57 87.18 82.99 382.42 0.00 98.89 0.00 375.50 199.61 380.59 165.37 0.00 0.00 295.43 75.75 75.31 0.00 119.23 72.34 80.30 90.61 74.38 87.75 81.98 75.52 84.98-9999.00-9999.00-9999.00-9999.00-9999.00-9999.00-9999.00-9999.00-9999.00 -9999.00-9999.00-9999.00-9999.00-9999.00-9999.00-9999.00-9999.00-9999.00-9999.00 70.48 144.21 0.00 287.34 70.31 174.48 74.93 71.74 354.47 0.00 123.48 71.25 70.70 140.55 175.78 0.00 370.50 210.17 138.45 122.75 77.51 73.35 380.22 119.00 75.20 88.89 95.68 76.77 70.88 375.70 72.10
0.00 70.31 78.22 75.20 0.00 71.85 81.54 73.96 71.34 71.09 140.03 0.00 0.00 70.88 225.32 72.51 86.40 76.09 384.28 375.19 378.21 71.85 70.94 73.75 379.89 70.36 78.93 71.53 0.00 108.54 73.55 84.98 77.87 172.14 83.07 80.90 377.08 71.01 377.21 70.37 137.52 192.47 76.09 0.00 70.81 82.86 81.21 71.74 139.52 84.22 181.01 72.62 120.38 406.98 73.39 0.00 378.82 157.50 117.84 81.88 73.67
71.17 106.52 0.00 116.92 71.01 82.65 88.10 70.33 73.75 212.46 378.36 71.17 284.45 0.00 80.39 320.82 85.66 377.74 85.40 87.00 368.79 166.85 0.00 74.38 81.03 72.40 381.23 79.94 267.22 75.98 79.51 376.81 73.28 71.85 0.00 110.21 249.80 0.00 357.93 77.35 78.00 77.05 369.65 77.67 79.77 73.06 382.44 79.11 85.66 95.01 101.76 383.41 98.88 96.77 90.21 385.91 230.48 376.23 377.78 370.41 0.00
74.21 352.47 78.00 389.01 82.99 112.11 73.77 74.21 345.08 377.67 0.00 375.51 146.13 0.00 0.00 0.00 75.80 91.69 87.81 0.00 327.61 91.29 0.00 377.85 379.58 72.96 87.18 128.38 75.75 311.25 81.36-9999.00-9999.00-9999.00-9999.00-9999.00-9999.00-9999.00-9999.00-9999.00-9999.00-9999.00-9999.00-9999.00-9999.00 -9999.00-9999.00-9999.00-9999.00-9999.00-9999.00-9999.00-9999.00-9999.00-9999.00-9999.00 78.33 163.52 86.10 74.93 81.32 375.98 71.85 378.56 70.26 136.62 363.67 0.00 141.58 157.94 108.93 78.69 79.20 78.69 71.09 74.42 124.31 0.00 0.00 74.42 71.01 174.19 79.30 70.41 0.00
70.41 152.10 72.10 77.72 73.55 0.00 159.75 98.94 120.82 258.59 71.17 70.41 150.41 71.63 74.93 70.29 0.00 183.45 70.31 81.71 153.20 79.61 84.72 72.10 174.49 79.11 283.27 122.98 376.38 71.34 197.56 85.50 0.00 418.02 389.95 392.40 384.93 383.39 100.89 377.17 352.31 76.49 83.76 74.38 75.31 90.95 83.59 413.68 398.03 379.25 335.03 81.36 376.37 72.34 79.94 71.83 73.06 80.08 79.77 72.12 72.17
122.88 377.24 376.17 114.94 77.67 88.69-9999.00-9999.00-9999.00-9999.00-9999.00-9999.00-9999.00-9999.00-9999.00-9999.00-9999.00-9999.00-9999.00-9999.00-9999.00-9999.00-9999.00-9999.00 -9999.00-9999.00-9999.00-9999.00-9999.00-9999.00-9999.00-9999.00-9999.00-9999.00-9999.00-9999.00-9999.00-9999.00-9999.00-9999.00-9999.00 79.24 382.54 375.77 329.08 73.17 70.81 71.74 73.75 0.00 196.66 76.09 79.83 74.19 78.84 153.79 237.05 70.81 377.03 341.84 0.00 0.00 0.00 118.23 73.55 78.40 73.55 76.09 0.00 149.93 70.94 135.32 113.95 70.60 79.61 74.42 125.21 235.68 374.64 377.20 0.00 351.77 113.57 152.85 80.23 76.77 72.51 165.30 333.91 377.33 372.38 0.00 0.00 377.10 352.69
128.71 376.03 0.00 124.53 84.20 99.63 278.09 82.99 383.81 379.27 380.20 72.87 71.85 78.95 79.56 79.09 79.39 79.22 88.36-9999.00-9999.00-9999.00-9999.00-9999.00-9999.00-9999.00-9999.00-9999.00-9999.00-9999.00-9999.00-9999.00-9999.00-9999.00-9999.00-9999.00-9999.00-9999.00 -9999.00-9999.00-9999.00-9999.00-9999.00-9999.00-9999.00-9999.00-9999.00-9999.00-9999.00-9999.00-9999.00-9999.00-9999.00-9999.00-9999.00-9999.00 83.15 78.33 86.40 88.10 77.91 71.43 0.00 137.53 75.20 75.20 88.89 78.22 131.76 158.67 135.47 71.97 72.99 117.63 77.56 70.25 0.00 91.91 207.00 152.61 114.58 76.42 84.44 72.51 121.15 382.19 379.60 74.42 83.29 84.46 70.31 87.04 79.20 114.84 359.39 375.64 0.00
206.13 0.00 379.00 111.34 72.34 80.08 80.64 275.15 127.56 108.75 72.47 82.72 81.59 75.75-9999.00-9999.00-9999.00-9999.00-9999.00-9999.00-9999.00-9999.00-9999.00-9999.00-9999.00-9999.00-9999.00-9999.00-9999.00-9999.00-9999.00-9999.00-9999.00-9999.00-9999.00 -9999.00-9999.00-9999.00-9999.00-9999.00-9999.00-9999.00-9999.00-9999.00-9999.00-9999.00-9999.00-9999.00-9999.00-9999.00-9999.00-9999.00-9999.00-9999.00 78.77 126.37 380.17 412.45 305.18 135.99 86.71 312.14 87.38 336.43 106.93 77.79 72.10 106.60 345.57 379.11 0.00 206.26 71.43 77.59 82.07 73.35 113.22 0.00 117.51 71.63 71.25 183.93 120.83 187.54 141.11 88.49 378.31 71.63 73.17 363.21 136.74 91.91 368.66 115.45 0.00 340.46 71.97 71.62 82.46 96.16
380.44 379.53 341.79 71.93 173.62 76.77-9999.00-9999.00-9999.00-9999.00-9999.00-9999.00-9999.00-9999.00-9999.00-9999.00-9999.00-9999.00-9999.00-9999.00-9999.00-9999.00-9999.00 -9999.00-9999.00-9999.00-9999.00-9999.00-9999.00-9999.00-9999.00-9999.00-9999.00-9999.00-9999.00-9999.00-9999.00-9999.00-9999.00-9999.00-9999.00-9999.00-9999.00-9999.00-9999.00-9999.00-9999.00-9999.00 80.23 248.87 73.17 263.99 74.42 76.42 381.79 117.75 128.07 148.71 71.09 120.73 0.00 0.00 0.00 0.00 0.00 319.55 82.51 70.94 83.81 378.46 0.00 0.00 375.48 284.99 352.31 353.20 267.58 306.92 378.73 289.95 89.54 326.06 106.00 76.52 92.17 81.85 76.42 78.33 376.27 108.62 73.35 172.61 373.09 397.00 77.91 336.45 76.09 75.82 0.00 376.83 161.88 382.04
0.00 0.00 377.26 118.47 130.12 155.33 90.25 297.37 379.56 81.32 377.97 81.91 94.44 92.93 88.10 90.68 0.00 0.00 120.28 0.00 286.47 375.28 85.10 79.47 120.74 89.19 377.25 382.82 89.54 145.38 84.46 76.77 329.25 98.94 73.35 75.20 152.18 132.99 375.86 0.00 161.88 376.97 303.94 211.03 280.67 174.42 339.77 375.90 377.72 182.34 79.51 76.77 343.14 72.47 74.72 81.36 378.42 350.97 72.17 80.23 153.32
94.61 282.72 377.31 379.89 385.01 103.72 254.81 325.52 85.21 99.96 120.13 88.52 337.55 0.00 161.88 375.49 375.60 375.19 74.19 89.54 204.20 84.50 88.49 234.04 85.21 76.09 121.50 304.67 378.08 124.31 0.00 376.38 238.07 375.91 354.85 233.59 356.95 386.88 233.66 384.15 98.77 104.47 83.15 0.00 96.15 74.72 87.46 84.14 81.88 149.39 74.21 90.21 309.42 318.13 73.06 81.47 375.89 79.82 73.06 0.00 0.00
224.49 343.30 95.64 162.39 93.19 376.31 375.41 262.70 201.17 0.00 381.68 74.93 73.55 85.96 378.33 205.50 344.47 142.03 153.40 96.85 380.49 376.20 215.23 195.24 0.00 375.45 211.03 375.34 314.27 0.00 0.00 262.73 0.00 390.08 376.75 195.07 104.22 120.13 72.37 80.39 201.59 77.05 98.32 206.39 381.17 79.51 219.83 0.00 369.14 137.91 78.00 164.05 123.68 364.44 114.41 71.74 130.88 377.27 72.78 85.20 86.65
72.70 143.47 380.70 0.00 77.05 84.98 159.45 80.34 80.15 78.35 112.97 109.56 383.43 337.39 375.88 252.14 234.31 74.06 256.97 120.40 217.54 84.14 112.06 72.08 344.09 75.31-9999.00-9999.00-9999.00-9999.00-9999.00-9999.00-9999.00-9999.00-9999.00-9999.00-9999.00-9999.00-9999.00-9999.00-9999.00-9999.00-9999.00-9999.00-9999.00-9999.00-9999.00-9999.00 -9999.00-9999.00-9999.00-9999.00-9999.00-9999.00-9999.00-9999.00-9999.00-9999.00-9999.00-9999.00-9999.00-9999.00-9999.00-9999.00-9999.00-9999.00-9999.00-9999.00-9999.00-9999.00-9999.00-9999.00-9999.00-9999.00-9999.00-9999.00-9999.00 80.23 78.77 151.22 376.96 366.46 71.85 378.02 379.11 161.88 351.74 375.85 383.28 0.00 326.32 377.46 375.53 109.98 183.01 320.10 0.00 211.03 307.62 107.40 369.65 90.87 87.03 82.61 87.93 90.25 84.22 82.56 84.75 90.87 78.77
375.33 294.08 351.01 248.53 336.04 375.01 0.00 221.17 0.00 319.96 312.06 376.56 312.06 0.00 376.85 364.54 248.53 335.49 375.35 183.01 377.71 381.71 377.88 109.19 120.12 85.81 381.10 87.24 375.38 117.37 79.75 152.91 112.62 70.13 72.06 71.42 78.41 79.14 80.83 74.55 71.96 109.50 108.81 71.90 153.35 82.12 277.22 84.48 87.75 375.16 375.29 98.47-9999.00-9999.00-9999.00-9999.00-9999.00-9999.00-9999.00-9999.00-9999.00-9999.00-9999.00-9999.00-9999.00-9999.00-9999.00-9999.00-9999.00-9999.00-9999.00-9999.00-9999.00 -9999.00-9999.00-9999.00-9999.00-9999.00-9999.00-9999.00-9999.00-9999.00-9999.00-9999.00-9999.00-9999.00-9999.00-9999.00-9999.00-9999.00-9999.00-9999.00-9999.00-9999.00-9999.00-9999.00-9999.00-9999.00-9999.00-9999.00-9999.00-9999.00-9999.00-9999.00 124.31 85.21 85.96 216.27 375.93 380.64 238.00 369.06
381.65 253.48 297.39 385.20 397.74 375.06 99.04 251.72 394.12 287.06 99.13 91.48 376.39 379.75 91.85 377.59 381.18 78.50 125.71 113.44 375.30 89.05 375.14 105.93 375.40 0.00 375.52 375.37 378.34 76.31 97.35 186.73 375.87 375.41 100.39 98.85 112.44 85.18 86.28 381.53 400.14 112.56 81.07 73.06 114.17 378.21 70.41 376.01 137.11 97.35 89.21 80.50 385.61 378.89 312.33 71.78 75.82 228.22 378.45 77.24 81.07
79.23 72.06 80.79 95.35 82.93 378.17 77.64 352.78 76.86 113.06 224.23 91.85 74.65 86.26 284.75 342.83 117.04 81.83 126.30 78.20 74.27 357.49 73.24 79.85-9999.00-9999.00-9999.00-9999.00-9999.00-9999.00-9999.00-9999.00-9999.00-9999.00-9999.00-9999.00-9999.00-9999.00-9999.00-9999.00-9999.00-9999.00-9999.00-9999.00 -9999.00-9999.00-9999.00-9999.00-9999.00-9999.00-9999.00-9999.00-9999.00-9999.00-9999.00-9999.00-9999.00-9999.00-9999.00-9999.00-9999.00-9999.00-9999.00-9999.00-9999.00-9999.00-9999.00-9999.00-9999.00-9999.00-9999.00-9999.00-9999.00-9999.00-9999.00-9999.00-9999.00-9999.00-9999.00-9999.00-9999.00-9999.00-9999.00-9999.00-9999.00-9999.00-9999.00-9999.00-9999.00-9999.00 375.28 375.12 0.00 294.08 375.91 314.40 303.55 375.11 248.53 0.00 375.00 294.08 375.41 294.08 375.00 375.00 377.03 375.00 0.00 248.53 294.08 376.96 294.08 376.08 377.47 377.01 377.01 379.04 253.48 297.39 377.74 0.00 0.00 375.21 375.21 375.58
75.95 102.62 88.79 90.15 88.40 376.15 300.72 77.09 80.34 136.57 80.50 90.58 0.00 75.21 173.46 80.50 86.57 378.86 74.92 133.12 70.21 82.63 132.68 383.38 85.81 381.05 337.35 387.70 188.48 88.40 379.07 92.49 123.06 75.04 377.23 209.07 76.80-9999.00-9999.00-9999.00-9999.00-9999.00-9999.00-9999.00-9999.00-9999.00-9999.00-9999.00-9999.00-9999.00-9999.00-9999.00-9999.00-9999.00-9999.00 -9999.00-9999.00-9999.00-9999.00-9999.00-9999.00-9999.00-9999.00-9999.00-9999.00-9999.00-9999.00-9999.00-9999.00-9999.00-9999.00-9999.00-9999.00-9999.00-9999.00-9999.00-9999.00-9999.00-9999.00-9999.00-9999.00-9999.00-9999.00-9999.00-9999.00-9999.00-9999.00-9999.00-9999.00-9999.00-9999.00-9999.00-9999.00-9999.00-9999.00-9999.00-9999.00-9999.00-9999.00-9999.00-9999.00-9999.00-9999.00-9999.00-9999.00-9999.00-9999.00 375.31 248.53 0.00 377.03 294.08 319.26 323.42 273.99 225.74 0.00 380.87 294.08 0.00 375.86 294.08 0.00 0.00 294.08 294.08 375.31 294.08 375.52 375.20
