蒙特卡罗+CDRMV3/输出数据/2D水深分布/WaterDepthGIS_0167.ASC
ncols         539            
nrows         744            
xllcorner     602630.84259341
yllcorner     3914823.670891 
cellsize      50             
NODATA_value  -9999.00       
[rows 0 to 26 of 32, columns 122 to 182 of 539]
76.21 380.18 127.35 71.69 149.83 81.22-9999.00-9999.00-9999.00-9999.00-9999.00-9999.00-9999.00-9999.00-9999.00-9999.00-9999.00-9999.00-9999.00-9999.00 -9999.00-9999.00-9999.00-9999.00-9999.00-9999.00-9999.00-9999.00-9999.00-9999.00-9999.00-9999.00-9999.00-9999.00-9999.00-9999.00-9999.00-9999.00-9999.00-9999.00-9999.00-9999.00-9999.00-9999.00-9999.00-9999.00-9999.00-9999.00-9999.00-9999.00-9999.00-9999.00-9999.00-9999.00-9999.00-9999.00-9999.00-9999.00-9999.00-9999.00-9999.00-9999.00-9999.00-9999.00-9999.00-9999.00-9999.00-9999.00-9999.00-9999.00-9999.00-9999.00-9999.00-9999.00-9999.00-9999.00-9999.00-9999.00-9999.00-9999.00-9999.00-9999.00-9999.00-9999.00-9999.00-9999.00-9999.00-9999.00-9999.00-9999.00-9999.00-9999.00-9999.00-9999.00-9999.00-9999.00-9999.00-9999.00-9999.00-9999.00-9999.00-9999.00-9999.00-9999.00-9999.00-9999.00-9999.00-9999.00-9999.00-9999.00-9999.00-9999.00-9999.00-9999.00-9999.00-9999.00-9999.00-9999.00-9999.00-9999.00-9999.00-9999.00-9999.00-9999.00-9999.00-9999.00-9999.00-9999.00-9999.00-9999.00-9999.00-9999.00-9999.00-9999.00-9999.00-9999.00 70.87 157.50 72.08 121.81 70.70 361.82 385.55 70.72 170.47 0.00 124.18 71.53 336.64 71.53 73.12-9999.00-9999.00-9999.00-9999.00-9999.00-9999.00-9999.00-9999.00-9999.00-9999.00-9999.00-9999.00-9999.00-9999.00 -9999.00-9999.00-9999.00-9999.00-9999.00-9999.00-9999.00-9999.00-9999.00-9999.00-9999.00-9999.00 84.15 75.02 86.97 87.39 75.69 85.00-9999.00-9999.00-9999.00-9999.00-9999.00-9999.00-9999.00-9999.00-9999.00-9999.00-9999.00-9999.00-9999.00-9999.00-9999.00-9999.00-9999.00-9999.00-9999.00-9999.00-9999.00-9999.00-9999.00-9999.00-9999.00-9999.00-9999.00-9999.00-9999.00-9999.00-9999.00-9999.00-9999.00-9999.00-9999.00-9999.00-9999.00-9999.00-9999.00-9999.00-9999.00-9999.00-9999.00-9999.00-9999.00-9999.00-9999.00-9999.00-9999.00-9999.00-9999.00-9999.00-9999.00-9999.00-9999.00-9999.00-9999.00-9999.00-9999.00-9999.00-9999.00-9999.00-9999.00-9999.00-9999.00-9999.00-9999.00-9999.00-9999.00-9999.00-9999.00-9999.00-9999.00-9999.00-9999.00-9999.00-9999.00-9999.00-9999.00-9999.00-9999.00-9999.00-9999.00-9999.00-9999.00-9999.00-9999.00-9999.00-9999.00-9999.00-9999.00-9999.00-9999.00-9999.00-9999.00-9999.00-9999.00 71.38 107.41 146.35 376.08 72.19 261.76 383.99 76.85 77.79 71.53 0.00 74.63 311.47 72.68 78.17 125.96 79.11-9999.00-9999.00-9999.00-9999.00-9999.00-9999.00-9999.00-9999.00-9999.00-9999.00-9999.00-9999.00-9999.00 -9999.00-9999.00-9999.00-9999.00-9999.00-9999.00-9999.00-9999.00-9999.00-9999.00-9999.00 75.02 137.79 169.43 88.17 165.41 278.32 73.15-9999.00-9999.00-9999.00-9999.00-9999.00-9999.00-9999.00-9999.00-9999.00-9999.00-9999.00-9999.00-9999.00-9999.00-9999.00-9999.00-9999.00-9999.00-9999.00-9999.00-9999.00-9999.00-9999.00-9999.00-9999.00-9999.00-9999.00-9999.00-9999.00-9999.00-9999.00-9999.00-9999.00-9999.00-9999.00-9999.00-9999.00-9999.00-9999.00-9999.00-9999.00-9999.00-9999.00-9999.00-9999.00-9999.00-9999.00-9999.00-9999.00-9999.00-9999.00-9999.00-9999.00-9999.00-9999.00-9999.00-9999.00-9999.00-9999.00-9999.00-9999.00-9999.00-9999.00-9999.00-9999.00-9999.00-9999.00-9999.00-9999.00-9999.00-9999.00-9999.00-9999.00-9999.00-9999.00-9999.00-9999.00-9999.00-9999.00-9999.00-9999.00-9999.00-9999.00-9999.00-9999.00-9999.00-9999.00-9999.00-9999.00-9999.00-9999.00-9999.00-9999.00-9999.00-9999.00-9999.00-9999.00 78.29 78.89 82.01 71.97 378.30 384.02 75.91
109.70 80.15 200.44 71.78 78.58 81.36 78.96 72.08 83.79 82.95 71.38 83.65 124.26 75.11 78.33 0.00 167.68 71.31 73.80 215.58 378.17 382.53 381.60 72.08 71.04 179.74 117.30 81.22-9999.00-9999.00 -9999.00-9999.00-9999.00-9999.00-9999.00-9999.00-9999.00-9999.00-9999.00-9999.00-9999.00-9999.00-9999.00-9999.00-9999.00 69.93 119.49 330.18 70.62 69.38 0.00 83.62 86.27 129.87 79.12-9999.00-9999.00-9999.00-9999.00-9999.00-9999.00-9999.00-9999.00-9999.00-9999.00-9999.00-9999.00-9999.00-9999.00-9999.00-9999.00-9999.00-9999.00-9999.00-9999.00-9999.00-9999.00-9999.00-9999.00-9999.00-9999.00-9999.00-9999.00-9999.00-9999.00-9999.00-9999.00-9999.00-9999.00-9999.00-9999.00-9999.00-9999.00-9999.00-9999.00-9999.00 77.93 93.53-9999.00-9999.00-9999.00-9999.00-9999.00-9999.00 81.06 80.16 114.14 80.39 77.55 379.86 74.41 81.84 309.83 154.34-9999.00-9999.00-9999.00-9999.00-9999.00-9999.00-9999.00-9999.00 71.88 111.25 131.44 384.21 271.27 81.20 364.33 81.84 75.11 377.53
70.84 158.24 125.32 362.55 0.00 128.17 113.29 70.84 69.87 398.05 224.74 83.37 164.28 90.09 88.17 94.57-9999.00-9999.00-9999.00-9999.00-9999.00-9999.00-9999.00-9999.00-9999.00-9999.00-9999.00-9999.00-9999.00-9999.00-9999.00-9999.00-9999.00-9999.00-9999.00-9999.00-9999.00-9999.00-9999.00-9999.00-9999.00-9999.00 74.41 96.15 82.38 93.53 76.52 83.79 84.25 195.46 85.22 377.68 79.44 376.38 81.06 78.70 84.72 84.25 72.30 125.65 377.08 83.79 73.28 0.00 0.00 357.08 74.63 74.00 114.02 380.55 74.00 79.44 75.91 81.36 79.44 71.69 155.76 72.08 78.70 70.95 378.71 113.22 79.63 77.19 71.78 72.68 71.97
124.34 158.49 0.00 0.00 272.62 73.44 74.63 78.76 88.94 78.82 74.41 0.00 139.88 0.00 139.88 377.81 167.10 78.33 84.06 414.27 377.52 376.20 79.20 87.18-9999.00-9999.00-9999.00-9999.00-9999.00-9999.00 -9999.00-9999.00-9999.00-9999.00-9999.00-9999.00-9999.00-9999.00-9999.00-9999.00-9999.00-9999.00 193.07 83.40 74.71 72.72 105.51 158.61 323.79 0.00 137.29 70.62 69.55 0.00 377.23 70.84 69.38 217.20 71.08 377.50 79.65 127.83 78.73-9999.00-9999.00-9999.00-9999.00 86.61 87.75 70.73 161.44 378.37 74.20 381.10 73.28 79.20 175.67 83.01 172.44 77.55 350.68 83.57
119.09 131.40 74.42 88.17 301.63 82.87 77.24 377.38 82.71 378.97 127.68 89.50 82.18 74.42 77.37 71.21 386.33 377.89 85.48 381.32 148.71 83.65 96.15 92.38 80.78 76.21 83.36 75.11 357.36 0.00 85.48 379.51 70.99 0.00 72.96 121.04 77.55 83.79 86.44 100.19 71.53 274.91 128.18 72.42 76.85 0.00 71.08 80.39 79.83 75.11 76.21 81.06 273.42 75.91 0.00 114.58 71.61 140.76 79.93 110.18 278.53
83.65 89.36 74.63 122.23 108.52 73.44 75.63 380.35 70.74 0.00 77.93 79.63 70.68 0.00 70.91 85.48 82.75 375.26 77.93 80.15 376.05 71.78 132.33 79.35 71.69 0.00 108.93 71.69 71.97 148.04 0.00 168.59 119.31 290.47 92.38 168.31 121.51 72.08 79.93 141.44 91.82 379.74 326.19 72.08 84.02 72.68 128.03 394.96 379.75 71.14 380.54 125.06 75.36 71.53 376.04 171.52 84.02 336.98 71.25 201.81 83.57
77.24 88.17 85.48 107.72 377.41 72.96 378.51 378.03 0.00 0.00 71.45 119.42 0.00 107.32 71.25 84.25 77.93 380.91 70.99 71.38 143.17 80.27 72.19 71.97 0.00 108.69 71.88 77.96 117.22 0.00 75.63 234.30 73.12 121.86 81.06 86.02 112.43 219.79 95.67 378.59 384.59 286.13 218.30 86.58 315.53 192.40 71.78 87.50 78.17 70.95 0.00 78.76 82.19 121.35 79.73 79.83 80.92 71.88 186.21 73.28 79.93
285.40 252.24 88.39 325.09 82.64 85.75 76.21 78.76 72.08 118.79 125.01 77.55 0.00 75.91 384.27 375.76 283.59 190.87 72.42 72.19 118.57 78.53 79.44 73.44 0.00 71.19 81.51 119.96 0.00 71.38 71.25 112.20 79.35 78.70 83.57 76.52 71.14 111.97 166.12 91.20 0.00 107.49 71.25 79.93 71.88 81.67 79.27 74.00 244.28 108.01 0.00 81.79 81.84 80.04 78.96 75.36 108.17 380.04 108.92 79.44 73.62
71.79 70.68 81.84 256.94 74.41 80.16 131.97 72.30 109.99 375.91 377.32 79.67 0.00 74.20 382.68 378.57 381.62 73.28 73.44 79.83 87.83 141.09 375.99 73.80 79.20 91.82 79.19 78.76 0.00 316.64 127.02 71.38 79.19 197.58 113.37 73.44 86.88 212.01 357.72 0.00 152.11 71.61 90.02 124.74 384.19 368.78 81.36 87.83 70.72 236.12 84.97 76.21 0.00 108.82 76.85 79.11 79.83 77.99 74.00 378.16 0.00
140.12 0.00 0.00 81.20 84.25 89.36 138.00 85.48 129.37 119.22 0.00 81.79 332.84 126.63 120.49 78.48 79.73 79.27 72.30 140.63 377.95 0.00 0.00 132.08 76.85 0.00 81.22 129.86 128.32 72.82 78.76 118.71 77.55 377.84 0.00 97.19 380.61 380.40 113.69 74.20 81.51 80.64 79.11 74.00 73.80 91.28 86.88 169.12 75.36 136.57 88.55-9999.00-9999.00-9999.00-9999.00-9999.00-9999.00-9999.00-9999.00 -9999.00-9999.00-9999.00-9999.00-9999.00-9999.00-9999.00-9999.00-9999.00-9999.00 76.96 109.41 111.12 0.00 377.39 70.08 73.38 78.97 79.94
0.00 375.52 73.74 0.00 386.21 380.73 311.67 0.00 375.44 364.65 223.63 82.13 82.19 78.76 385.50 72.96 74.00 72.30 72.19 84.72 85.48 342.97 130.16 79.67-9999.00-9999.00-9999.00-9999.00-9999.00-9999.00-9999.00-9999.00 -9999.00-9999.00-9999.00-9999.00-9999.00-9999.00-9999.00-9999.00-9999.00-9999.00 80.43 119.06 107.75 0.00 162.47 80.60 87.16 76.48 69.41 79.65 390.92 69.47 77.59 77.91 69.54 0.00 140.53 70.00 87.35 75.02 121.00 69.75 163.64 379.91 192.00 111.67 74.14 70.42 205.98 382.20 82.87 78.62 386.98 70.96 82.41 80.21
0.00 73.38 83.62 76.42 122.44 116.53 72.14 0.00 261.17 238.20 108.34 79.65 83.12 378.32 84.43 122.39 326.57 73.62 81.15 376.34 78.00 69.75 153.13 0.00 79.64 85.61 79.94 76.78 69.24 78.39 81.75 375.63 76.74 250.22 76.27 77.91 69.22 272.81 0.00 142.22 120.48 69.34 76.56 75.69 284.58 73.28 136.86 374.91 373.77 70.91 141.58 0.00 123.12 71.38 80.64 82.37 72.19 131.19 0.00 114.32 79.20
0.00 115.18 71.97 159.99 86.48 69.26 133.74 303.51 378.27 142.40 81.97 74.63 0.00 379.80 75.11 395.00 73.12 97.96 80.68 122.33 0.00 132.67 73.62 72.08 380.55 77.19 75.91 152.98 85.22 375.42 84.48 70.68 385.64 93.79 72.42 82.38 0.00 376.23 298.43 77.55 75.36 376.05 70.70 80.04 72.68 379.53 73.80 304.21 376.79 383.39 83.65 88.98 150.97 381.59 228.75 376.16 253.46 253.46 0.00 375.27 375.45
81.79 73.44 78.33 254.24 0.00 0.00 244.84 376.59 378.55 253.53 0.00 0.00 0.00 97.38 157.74 203.42 0.00 0.00 0.00 75.55 0.00 0.00 380.12 89.36 73.62 327.76 376.71 108.54 71.69 72.82 83.79-9999.00-9999.00-9999.00-9999.00-9999.00-9999.00-9999.00-9999.00-9999.00-9999.00-9999.00-9999.00-9999.00-9999.00 -9999.00-9999.00-9999.00-9999.00-9999.00-9999.00-9999.00-9999.00-9999.00-9999.00 85.65 159.01 181.73 80.10 145.53 135.98 337.30 79.50 80.10 287.54 370.79 0.00 74.71 69.27 69.60 77.81 78.73 78.62 174.54 72.93 112.29 0.00 280.57 0.00 123.22 108.34 107.17 77.37 70.33
0.00 107.75 69.69 83.16 0.00 138.62 107.02 78.10 76.74 73.62 0.00 70.16 160.22 71.21 83.12 139.37 78.97 76.70 70.00 78.29 69.51 0.00 0.00 110.43 69.51 291.27 118.40 77.44 83.62 72.52 355.37 79.79 119.89 323.24 136.46 111.08 71.25 379.25 0.00 376.09 375.27 365.53 80.16 94.77 81.36 81.60 71.97 74.20 325.94 281.28 78.57 380.86 109.34 73.12 72.68 159.28 79.27 112.41 73.44 363.23 184.64
223.15 192.72 0.00 125.28 70.02 72.61 80.04 383.54 376.55 375.92 70.87 81.20 70.74 111.22 80.15 81.20 72.42-9999.00-9999.00-9999.00-9999.00-9999.00-9999.00-9999.00-9999.00-9999.00-9999.00-9999.00-9999.00-9999.00-9999.00-9999.00-9999.00 -9999.00-9999.00-9999.00-9999.00-9999.00-9999.00-9999.00-9999.00-9999.00-9999.00-9999.00-9999.00-9999.00-9999.00-9999.00-9999.00-9999.00 94.61 82.04 75.69 73.15 80.10 71.08 69.33 113.16 0.00 69.60 80.96 70.96 204.28 69.29 153.05 378.45 69.60 385.68 0.00 106.51 71.97 70.16 0.00 76.42 77.12 69.81 155.85 376.14 0.00 382.14 381.35 377.72 281.52 150.33 71.35 76.37 108.47 153.57 352.31 0.00 76.05 78.00 78.61
87.83 378.42 73.12 128.20 79.83 72.30 71.53 380.89 73.62 78.96 72.55 70.66 107.53 0.00 109.75 82.38 85.22 91.82 202.89 75.86 85.03 73.62 85.22 157.60 112.02 71.69 83.79 264.13 142.07 119.31 83.65-9999.00-9999.00-9999.00-9999.00-9999.00-9999.00-9999.00-9999.00-9999.00-9999.00-9999.00-9999.00-9999.00-9999.00-9999.00-9999.00-9999.00-9999.00-9999.00 -9999.00-9999.00-9999.00-9999.00-9999.00-9999.00-9999.00-9999.00-9999.00-9999.00-9999.00-9999.00-9999.00-9999.00-9999.00-9999.00-9999.00 73.87 238.14 131.86 74.71 156.15 354.73 70.33 0.00 132.63 72.93 80.80 83.88 82.18 80.78 71.21 72.93 80.10 84.71 72.52 105.52 140.16 0.00 89.50 378.54 69.44 81.75 72.72 89.08 81.97
175.74 72.82 111.78 151.33 78.29 78.70 71.61 81.06 78.38 71.88 70.72 110.90 158.12 381.37 400.79 378.86 0.00 0.00 80.16 375.99 373.41 375.68 207.53 132.01 107.21 71.08 74.63 132.19 80.39 85.22-9999.00-9999.00-9999.00-9999.00-9999.00-9999.00-9999.00-9999.00-9999.00-9999.00-9999.00-9999.00-9999.00-9999.00-9999.00-9999.00-9999.00-9999.00-9999.00-9999.00-9999.00 -9999.00-9999.00-9999.00-9999.00-9999.00-9999.00-9999.00-9999.00-9999.00-9999.00-9999.00-9999.00-9999.00-9999.00-9999.00-9999.00-9999.00-9999.00-9999.00 86.48 376.78 135.60 82.71 382.06 78.62 84.71 139.82 85.93 340.73 71.64 75.35 190.42 224.46 116.92 107.64 377.05 0.00 140.28 106.30 81.41 72.52 110.93 0.00 280.14 111.74 70.24 69.51 71.21 108.28
376.35 80.64 71.78 362.86 0.00 0.00 0.00 0.00 75.36 73.44 91.13 0.00 0.00 0.00 77.55 71.69 111.59 376.62 70.69 70.71 118.10 210.96 70.95 81.67-9999.00-9999.00-9999.00-9999.00-9999.00-9999.00-9999.00-9999.00-9999.00-9999.00-9999.00-9999.00-9999.00-9999.00-9999.00-9999.00-9999.00 -9999.00-9999.00-9999.00-9999.00-9999.00-9999.00-9999.00-9999.00-9999.00-9999.00-9999.00-9999.00-9999.00-9999.00-9999.00-9999.00-9999.00-9999.00-9999.00-9999.00-9999.00-9999.00-9999.00-9999.00-9999.00 169.51 232.64 377.54 373.22 379.44 388.58 379.46 0.00 0.00 0.00 0.00 0.00 358.91 73.15 74.14 153.13 83.40 0.00 0.00 0.00 0.00 0.00 316.69 99.04 0.00 0.00 376.94 276.07 365.22 378.72 266.61 375.68 84.86 85.31 78.69 85.60
381.24 108.48 72.08-9999.00-9999.00-9999.00-9999.00-9999.00-9999.00-9999.00-9999.00-9999.00-9999.00-9999.00-9999.00-9999.00-9999.00-9999.00-9999.00-9999.00-9999.00 -9999.00-9999.00-9999.00-9999.00-9999.00-9999.00-9999.00-9999.00-9999.00-9999.00-9999.00-9999.00-9999.00-9999.00-9999.00-9999.00-9999.00-9999.00-9999.00-9999.00-9999.00-9999.00-9999.00-9999.00 97.69 80.60 78.50 71.49 379.48 75.69 78.39 76.59 77.83 117.31 106.80 107.01 86.27 75.69 73.15 75.69 0.00 379.00 331.57 141.78 83.40 89.57 84.12 278.61 378.07 381.28 186.37 79.12 272.73 83.40 363.63 159.35 0.00 248.24 94.92 259.90 164.69 76.82 77.67 74.14 293.31 79.12 382.32 377.42 77.24 84.12 209.58 377.64 379.81 79.12 88.17 74.42 288.39 0.00 0.00 0.00 0.00
0.00 76.82 78.10 71.08 109.95 348.16 0.00 379.10 93.33 139.81 70.92 107.39 81.82 361.87 124.62 83.62 73.15 86.48 309.57 93.33 416.66 316.66 102.82 90.72 72.93 290.62 377.21 0.00 0.00 101.01 84.02 79.12 79.12 85.00 98.60 108.27 375.58 171.04 80.21 101.98 73.62 118.80 295.35 378.26 378.42 236.73 0.00 236.73 375.71 245.79 261.80 371.97 384.05 375.47 218.48 382.94 164.56 84.86 80.21 0.00 370.52
377.41 0.00 376.37 381.61 295.08 376.89 375.46 104.25 149.65 101.12 78.13 351.21 80.21 329.64 197.32 81.55 110.14 401.66 152.58 329.44 95.77 81.41 386.26 400.93 0.00 0.00 351.64 316.88 384.34 97.14 87.75 246.33 79.12 213.58 74.14 73.87 376.84 198.04 340.13 121.66 0.00 378.07 0.00 375.13 369.11 376.36 285.95 375.19 0.00 209.37 377.03 226.41 80.78 102.44 85.73 71.49 73.44 87.18 85.75 90.26 84.02
0.00 376.69 0.00 303.39 375.32 375.38 380.63 325.78 325.81 376.64 0.00 376.08 0.00 375.25 379.10 93.80 101.82 375.80 90.03 304.68 86.48 73.57 335.95 120.96 76.42 72.19 108.28 355.55 245.77 0.00 376.76 200.82 90.50 130.44 79.73 109.04 134.85 384.63 108.15 375.51 291.77 129.62 123.50 72.96 211.24 222.71 290.41 71.38 129.92 377.44 71.97 147.62-9999.00-9999.00-9999.00-9999.00-9999.00-9999.00-9999.00-9999.00-9999.00-9999.00-9999.00-9999.00-9999.00-9999.00-9999.00-9999.00-9999.00-9999.00-9999.00-9999.00-9999.00-9999.00 -9999.00-9999.00-9999.00-9999.00-9999.00-9999.00-9999.00-9999.00-9999.00-9999.00-9999.00-9999.00-9999.00-9999.00-9999.00-9999.00-9999.00-9999.00-9999.00-9999.00-9999.00-9999.00-9999.00-9999.00-9999.00-9999.00-9999.00-9999.00 84.86 123.47 92.34 88.17 83.40 71.97 376.37 81.41
376.67 375.68 111.66 342.32 0.00 156.59 90.93 225.34 305.08 322.17 377.52 379.85 234.74 94.57 83.40 372.04 311.31 242.90 376.81 379.51 380.98 0.00 0.00 0.00 0.00 0.00 376.65 181.02 293.64 106.03 181.02 336.02 0.00 293.64 375.53 0.00 377.37 375.18 293.64 376.90 293.64 0.00 0.00 0.00 0.00 0.00 0.00 0.00 376.92 154.36 89.39 84.71 376.47 389.99 378.62 76.04 83.99 321.60 105.23 69.74 72.44
379.65 78.33 90.02 381.84 82.73-9999.00-9999.00-9999.00-9999.00-9999.00-9999.00-9999.00-9999.00-9999.00-9999.00-9999.00-9999.00-9999.00-9999.00-9999.00-9999.00-9999.00-9999.00-9999.00-9999.00-9999.00 -9999.00-9999.00-9999.00-9999.00-9999.00-9999.00-9999.00-9999.00-9999.00-9999.00-9999.00-9999.00-9999.00-9999.00-9999.00-9999.00-9999.00-9999.00-9999.00-9999.00-9999.00-9999.00-9999.00-9999.00-9999.00-9999.00-9999.00-9999.00-9999.00-9999.00-9999.00-9999.00-9999.00 336.75 377.53 379.13 143.61 385.11 382.42 376.31 377.17 268.18 293.64 293.64 293.64 268.18 268.18 0.00 375.23 375.14 377.86 375.29 377.40 378.60 378.78 378.46 379.00 390.58 79.39 76.97 378.61 384.26 247.67 397.09 388.24 394.33 350.13 84.65 88.70 92.93 79.39 376.28 376.30 375.42 376.31 252.14 87.26 86.35 377.14 84.11 375.81 381.69 0.00 375.97 375.15 287.77 78.33 101.04
293.64 293.64 391.91 293.64 375.13 219.97 0.00 375.88 273.28 378.71 237.30 377.45 378.36 154.36 355.09 312.70 389.30 387.14 380.43 252.60 273.28 380.52 377.38 377.15 0.00 378.86 375.64 375.63 0.00 0.00 0.00 0.00 0.00 375.60 347.79 279.22 354.68 109.78 76.16 136.58 0.00 193.52 106.74 76.98 209.12 69.20 86.13 91.10 83.94 222.74 75.43 382.36 375.43 72.44 75.43 91.10 86.85 136.05 71.51 80.35 86.13
379.64 76.33 81.94 379.75 76.85-9999.00-9999.00-9999.00-9999.00-9999.00-9999.00-9999.00-9999.00-9999.00-9999.00-9999.00-9999.00-9999.00-9999.00-9999.00-9999.00-9999.00-9999.00 -9999.00-9999.00-9999.00-9999.00-9999.00-9999.00-9999.00-9999.00-9999.00-9999.00-9999.00-9999.00-9999.00-9999.00-9999.00-9999.00-9999.00-9999.00-9999.00-9999.00-9999.00-9999.00-9999.00-9999.00-9999.00-9999.00-9999.00-9999.00-9999.00-9999.00-9999.00-9999.00-9999.00-9999.00-9999.00-9999.00-9999.00-9999.00-9999.00-9999.00-9999.00-9999.00-9999.00-9999.00-9999.00-9999.00-9999.00-9999.00-9999.00-9999.00-9999.00 293.64 0.00 247.67 293.64 375.62 375.04 0.00 0.00 0.00 378.47 224.50 314.25 364.18 0.00 311.17 375.12 0.00 293.64 293.64 0.00 375.00 375.00 293.64 375.68 375.41 293.64 293.64 0.00 375.00 293.64 376.45 0.00 219.97 268.18 311.17 220.03 375.48 375.30 375.30 150.22 75.27 172.53 88.02 390.10 378.91 379.50 382.01 69.40 78.13 79.09 91.70 74.16 384.64 143.36 80.55
