蒙特卡罗+CDRMV3/输出数据/2D水深分布/WaterDepthGIS_0149.ASC
ncols         539            
nrows         744            
xllcorner     602630.84259341
yllcorner     3914823.670891 
cellsize      50             
NODATA_value  -9999.00       
[rows 0 to 26 of 32, columns 61 to 121 of 539]
75.76-9999.00-9999.00-9999.00-9999.00-9999.00-9999.00-9999.00-9999.00-9999.00-9999.00-9999.00-9999.00-9999.00-9999.00-9999.00-9999.00 -9999.00-9999.00-9999.00-9999.00-9999.00-9999.00-9999.00-9999.00-9999.00-9999.00-9999.00-9999.00-9999.00-9999.00-9999.00-9999.00-9999.00-9999.00-9999.00-9999.00-9999.00-9999.00-9999.00-9999.00-9999.00-9999.00-9999.00-9999.00-9999.00-9999.00-9999.00-9999.00-9999.00-9999.00-9999.00-9999.00-9999.00-9999.00-9999.00-9999.00-9999.00-9999.00-9999.00-9999.00-9999.00-9999.00-9999.00-9999.00-9999.00-9999.00-9999.00-9999.00-9999.00-9999.00-9999.00-9999.00-9999.00-9999.00-9999.00-9999.00-9999.00-9999.00-9999.00-9999.00-9999.00-9999.00-9999.00-9999.00-9999.00-9999.00-9999.00-9999.00-9999.00-9999.00-9999.00-9999.00-9999.00-9999.00-9999.00-9999.00-9999.00-9999.00-9999.00-9999.00-9999.00-9999.00-9999.00-9999.00-9999.00-9999.00-9999.00-9999.00-9999.00-9999.00-9999.00-9999.00-9999.00-9999.00-9999.00-9999.00-9999.00-9999.00-9999.00-9999.00-9999.00-9999.00-9999.00-9999.00-9999.00-9999.00-9999.00-9999.00-9999.00-9999.00-9999.00-9999.00-9999.00-9999.00-9999.00-9999.00 86.63 90.96 75.72 381.93 90.46 380.71 135.07 75.86 76.43 87.88-9999.00-9999.00-9999.00-9999.00-9999.00-9999.00-9999.00-9999.00-9999.00-9999.00-9999.00-9999.00-9999.00-9999.00-9999.00 -9999.00-9999.00-9999.00-9999.00-9999.00-9999.00-9999.00-9999.00-9999.00-9999.00-9999.00-9999.00-9999.00-9999.00-9999.00-9999.00-9999.00-9999.00-9999.00-9999.00-9999.00-9999.00-9999.00-9999.00-9999.00-9999.00-9999.00-9999.00-9999.00-9999.00-9999.00-9999.00-9999.00-9999.00-9999.00-9999.00-9999.00-9999.00-9999.00-9999.00-9999.00-9999.00-9999.00-9999.00-9999.00-9999.00-9999.00-9999.00-9999.00-9999.00-9999.00-9999.00-9999.00-9999.00-9999.00-9999.00-9999.00-9999.00-9999.00-9999.00-9999.00-9999.00-9999.00-9999.00-9999.00-9999.00-9999.00-9999.00-9999.00-9999.00-9999.00-9999.00-9999.00-9999.00-9999.00-9999.00-9999.00-9999.00-9999.00-9999.00-9999.00-9999.00-9999.00-9999.00-9999.00-9999.00-9999.00-9999.00-9999.00-9999.00-9999.00-9999.00-9999.00-9999.00-9999.00-9999.00-9999.00-9999.00-9999.00-9999.00-9999.00-9999.00-9999.00-9999.00-9999.00-9999.00-9999.00-9999.00-9999.00-9999.00-9999.00-9999.00-9999.00-9999.00-9999.00-9999.00-9999.00-9999.00-9999.00 83.34 75.99 87.71 76.13 385.41 379.87 87.38 99.25 79.66 161.86 160.70 98.07-9999.00-9999.00-9999.00-9999.00-9999.00-9999.00-9999.00-9999.00-9999.00-9999.00-9999.00-9999.00-9999.00-9999.00 -9999.00-9999.00-9999.00-9999.00-9999.00-9999.00-9999.00-9999.00-9999.00-9999.00-9999.00-9999.00-9999.00-9999.00-9999.00-9999.00-9999.00-9999.00-9999.00-9999.00-9999.00-9999.00-9999.00-9999.00-9999.00-9999.00-9999.00-9999.00-9999.00-9999.00-9999.00-9999.00-9999.00-9999.00-9999.00-9999.00-9999.00-9999.00-9999.00-9999.00-9999.00-9999.00-9999.00-9999.00-9999.00-9999.00-9999.00-9999.00-9999.00-9999.00-9999.00-9999.00-9999.00-9999.00-9999.00-9999.00-9999.00-9999.00-9999.00-9999.00-9999.00-9999.00-9999.00-9999.00-9999.00-9999.00-9999.00-9999.00-9999.00-9999.00-9999.00-9999.00-9999.00-9999.00-9999.00-9999.00-9999.00-9999.00-9999.00-9999.00-9999.00-9999.00-9999.00-9999.00-9999.00-9999.00-9999.00-9999.00-9999.00-9999.00-9999.00-9999.00-9999.00-9999.00-9999.00-9999.00-9999.00-9999.00-9999.00-9999.00-9999.00-9999.00-9999.00-9999.00-9999.00-9999.00-9999.00-9999.00-9999.00-9999.00-9999.00-9999.00-9999.00-9999.00-9999.00-9999.00-9999.00-9999.00-9999.00 75.59 193.55 76.88 129.98 76.78 0.00 75.99 78.23 379.56 270.89 115.22 93.94-9999.00-9999.00-9999.00-9999.00-9999.00-9999.00-9999.00-9999.00-9999.00-9999.00-9999.00-9999.00-9999.00-9999.00 -9999.00-9999.00-9999.00-9999.00-9999.00-9999.00-9999.00-9999.00-9999.00-9999.00-9999.00-9999.00-9999.00-9999.00-9999.00-9999.00-9999.00-9999.00-9999.00-9999.00-9999.00-9999.00-9999.00-9999.00-9999.00-9999.00-9999.00-9999.00-9999.00-9999.00-9999.00-9999.00-9999.00-9999.00-9999.00-9999.00-9999.00-9999.00-9999.00-9999.00-9999.00-9999.00-9999.00-9999.00-9999.00-9999.00-9999.00-9999.00-9999.00-9999.00-9999.00-9999.00-9999.00-9999.00-9999.00-9999.00-9999.00-9999.00-9999.00-9999.00-9999.00-9999.00-9999.00-9999.00-9999.00-9999.00-9999.00-9999.00-9999.00-9999.00-9999.00-9999.00-9999.00-9999.00-9999.00-9999.00-9999.00-9999.00-9999.00-9999.00-9999.00-9999.00-9999.00-9999.00-9999.00-9999.00-9999.00-9999.00-9999.00-9999.00-9999.00-9999.00-9999.00-9999.00-9999.00-9999.00-9999.00-9999.00-9999.00-9999.00-9999.00-9999.00-9999.00-9999.00-9999.00-9999.00-9999.00-9999.00-9999.00-9999.00-9999.00-9999.00-9999.00-9999.00-9999.00-9999.00-9999.00-9999.00 84.23 75.66 113.98 376.78 95.41 79.43 0.00 75.86 376.37 84.79 85.04 85.98 96.29-9999.00-9999.00-9999.00-9999.00-9999.00-9999.00-9999.00-9999.00-9999.00-9999.00-9999.00-9999.00-9999.00-9999.00 -9999.00-9999.00-9999.00-9999.00-9999.00-9999.00-9999.00-9999.00-9999.00-9999.00-9999.00-9999.00-9999.00-9999.00-9999.00-9999.00-9999.00-9999.00-9999.00-9999.00-9999.00-9999.00-9999.00-9999.00-9999.00-9999.00-9999.00-9999.00-9999.00-9999.00-9999.00-9999.00-9999.00-9999.00-9999.00-9999.00-9999.00-9999.00-9999.00-9999.00-9999.00-9999.00-9999.00-9999.00-9999.00-9999.00-9999.00-9999.00-9999.00-9999.00-9999.00-9999.00-9999.00-9999.00-9999.00-9999.00-9999.00-9999.00-9999.00-9999.00-9999.00-9999.00-9999.00-9999.00-9999.00-9999.00-9999.00-9999.00-9999.00-9999.00-9999.00-9999.00-9999.00-9999.00-9999.00-9999.00-9999.00-9999.00-9999.00-9999.00-9999.00-9999.00-9999.00-9999.00-9999.00-9999.00-9999.00-9999.00-9999.00-9999.00-9999.00-9999.00-9999.00-9999.00-9999.00-9999.00-9999.00-9999.00-9999.00-9999.00-9999.00-9999.00-9999.00-9999.00-9999.00-9999.00-9999.00-9999.00-9999.00-9999.00-9999.00-9999.00-9999.00-9999.00-9999.00-9999.00-9999.00 78.41 84.17 117.11 169.15 80.17 364.15 0.00 0.00
77.10 116.08 262.63 378.22 79.43 77.22 375.83 101.46 0.00 76.43 86.49 94.10 78.06 398.26 377.56 412.29 77.61 379.95 137.20 77.75-9999.00-9999.00-9999.00 -9999.00-9999.00-9999.00-9999.00-9999.00-9999.00-9999.00-9999.00-9999.00-9999.00-9999.00-9999.00-9999.00-9999.00-9999.00 77.32 256.06 85.49 79.04 113.31 0.00 322.54 172.03 77.81-9999.00-9999.00-9999.00-9999.00-9999.00-9999.00-9999.00-9999.00-9999.00-9999.00-9999.00-9999.00-9999.00-9999.00-9999.00-9999.00-9999.00-9999.00-9999.00-9999.00-9999.00-9999.00-9999.00-9999.00-9999.00-9999.00-9999.00-9999.00-9999.00-9999.00-9999.00-9999.00-9999.00-9999.00-9999.00-9999.00-9999.00-9999.00-9999.00-9999.00-9999.00-9999.00-9999.00-9999.00-9999.00-9999.00-9999.00-9999.00-9999.00-9999.00-9999.00-9999.00 81.02 81.02 377.19 378.37 91.25 88.24 89.76 79.43-9999.00-9999.00-9999.00-9999.00-9999.00-9999.00-9999.00-9999.00 76.15 130.76 375.87 295.79 82.71 352.75 122.92 79.43 378.67 286.42 77.75 217.27 118.42 86.36 197.85 275.85 77.22 81.02 76.43 129.56 119.00 117.14 0.00
110.09 88.63 80.17 379.48 146.83 80.44-9999.00 78.41 170.06 76.35 321.38 77.61 84.06 75.94 383.47 79.66 158.19 98.00 91.25 84.29 85.64 75.94 188.63 84.35 0.00 121.46 76.15 76.59 332.55 76.51 0.00 0.00 0.00 80.44 77.75 77.10 0.00 377.23 312.54 0.00 0.00 0.00 0.00 0.00 0.00 0.00 121.26 83.49 89.46 231.73 0.00 377.90 377.14 95.00 143.31 78.99 202.43 89.46 89.69-9999.00-9999.00-9999.00-9999.00-9999.00 -9999.00-9999.00-9999.00-9999.00-9999.00-9999.00-9999.00-9999.00-9999.00-9999.00-9999.00-9999.00 77.03 251.79
205.48 377.71 88.63 89.03 93.94 78.06 379.19 144.92 89.69 86.49 374.19 0.00 140.62 89.11 87.90 76.68 372.20 81.65 377.31 78.59 204.11 0.00 375.71 176.96 76.43 85.14 75.59 76.22 142.98 375.87 0.00 187.53 243.78 140.51 76.51 89.69 85.23 84.35 79.21 75.73 129.81 120.81 82.34 115.44 380.46 78.41 77.47 142.61 87.71 88.43 89.03 151.96 84.35 78.41 85.43 85.64 198.28 79.21 117.00 117.00 117.71
88.43 84.71 115.08 114.56 390.09 77.47 94.96 91.25 85.04 75.73 80.44 0.00 0.00 83.09 164.47 379.74 82.34 374.12 126.37 76.09 84.87 152.13 379.77 75.59 75.99 86.63 77.34 129.90 141.20 352.41 377.30 151.32 86.26 371.07 0.00 99.01 382.83 379.86 86.32 378.55 91.21 97.58-9999.00-9999.00-9999.00-9999.00-9999.00-9999.00-9999.00-9999.00-9999.00-9999.00-9999.00 -9999.00-9999.00-9999.00-9999.00-9999.00-9999.00-9999.00-9999.00-9999.00-9999.00 95.90 376.28 92.13 160.07 369.79 76.76 224.38 75.79 382.99 82.77 0.00 83.60 75.72 75.27 152.29 76.12 75.72 164.81
83.53 148.54 75.75 382.34 0.00 0.00 110.09 92.03 116.70 389.46 382.75 87.47 380.44 378.41 142.56 78.59 90.17-9999.00-9999.00-9999.00-9999.00-9999.00-9999.00-9999.00-9999.00-9999.00 -9999.00-9999.00-9999.00-9999.00 89.72 77.81 323.20 76.76 102.63 376.72 79.04 86.61 85.46 81.64 269.49 375.84 82.77 113.63 142.77 190.25 0.00 78.38 84.38 377.39 305.02 375.44 76.64 88.50 282.50 273.53 85.22 377.26 93.65 89.19 91.26 388.92 122.92 75.79 80.97 100.91 95.90 88.72 79.79 117.59 0.00 75.39 87.88
382.91 0.00 327.00 95.00 106.17 140.57 142.77 379.37 104.70 119.22 112.56 385.72 81.65 87.90 186.41 85.27-9999.00-9999.00-9999.00-9999.00-9999.00-9999.00-9999.00-9999.00 -9999.00-9999.00-9999.00 89.43 93.24 181.93 376.60 387.54 125.11 84.47 127.61 380.12 75.66 77.17 75.05 116.78 380.14 76.53 75.15 0.00 81.30 262.52 118.59 160.49 76.53 80.36 84.88 84.88 86.61 75.17 126.59 378.50 0.00 0.00 0.00 115.12 78.59 90.50 80.97 319.96 75.87 308.36 0.00 284.14 76.21 84.12 88.50
0.00 0.00 375.94 100.06 99.47 237.78 388.11 384.80 387.65 382.38 170.40 86.32 92.96 340.06 76.22 86.79 202.51 143.27 91.55-9999.00-9999.00-9999.00-9999.00-9999.00-9999.00 -9999.00-9999.00-9999.00-9999.00-9999.00-9999.00 143.88 75.34 253.09 0.00 84.99 137.72 76.21 79.04 126.33 181.31 86.78 76.12 0.00 168.80 75.11 171.19 86.30 168.07 171.15 81.64 76.12 378.43 78.59 84.99 75.13 0.00 142.73 75.43 87.68 75.48 376.93 81.30 378.57 75.95 75.87 0.00 152.04 75.23 78.18 273.81 382.48
380.30 380.07 378.53 77.10 83.91 86.63 76.28 191.59 79.21-9999.00-9999.00-9999.00-9999.00-9999.00-9999.00-9999.00 -9999.00-9999.00-9999.00-9999.00-9999.00-9999.00-9999.00-9999.00-9999.00 75.94 311.12 0.00 78.59 84.47 80.07 0.00 97.30 367.12 114.45 76.89 85.46 87.30 86.57 379.79 78.38 83.37 133.27 76.76 117.71 383.27 0.00 76.31 0.00 0.00 114.58 77.17 115.04 82.77 0.00 120.72 84.38 96.83 0.00 76.42 295.14 165.31 76.76 142.97 201.30 381.33 93.08 75.08 251.91 219.83 279.06 384.21 375.94 83.91 78.59 0.00
112.97 192.67 120.31 0.00 83.60 75.13 375.92 77.48 86.02 85.86 135.79 78.81 79.53 326.73 84.38 166.09 87.30 86.57 95.43 101.65 89.19 196.25 94.08 249.19 99.18 92.13 180.49 75.20 139.38 77.03 114.33 140.96 220.98 0.00 75.93 85.53 77.61 354.44 213.36 96.07 96.73 83.33 126.55 75.99 145.88 0.00 79.43 84.11 87.22 107.97 83.09 86.11 81.33 89.24 99.71 77.22 394.40 143.77 201.75 256.51 80.17
277.87 375.80 127.03 75.19 152.79 0.00 115.95 76.51 77.72 374.35 377.25 180.47 83.49 75.66 149.98 179.89 347.87 0.00 356.86 344.77 141.31 87.90 92.54 159.30 377.92 96.29 376.02 92.03 92.91 81.02 88.43 88.49 170.91 75.99 76.22 79.66 76.15 175.16 80.44 0.00 336.36 106.63 380.02 375.52 80.44 84.35 83.87 85.43 89.03 116.74 88.83 83.71 77.10 98.41 87.88 86.92 89.11 237.97 379.22 378.97 385.08
156.46 381.70 76.35 134.50 88.83 81.02 116.59 395.17 0.00 123.72 80.44 319.34 136.17 75.66 85.43 78.23 80.44 76.04 125.82 381.68 131.23 88.83 217.95 86.77 129.26 102.37 364.76 90.42 82.71 366.15 376.66 184.74 267.57 0.00 169.25 376.58 361.64 372.77 90.86 218.05 347.45 152.12 359.70 76.68 75.82 349.64 75.79 85.14 377.00 375.91 76.15 92.54-9999.00-9999.00-9999.00-9999.00-9999.00-9999.00-9999.00-9999.00-9999.00-9999.00 -9999.00-9999.00-9999.00-9999.00-9999.00-9999.00-9999.00-9999.00-9999.00 75.39 116.80 316.19 0.00 113.52 76.76 85.46 117.38
159.32 188.41 383.46 92.70 141.76 75.09 80.94 93.69 94.10 77.90 77.22 87.07 211.83 75.68 88.83 87.38-9999.00-9999.00-9999.00-9999.00-9999.00-9999.00-9999.00-9999.00-9999.00-9999.00-9999.00-9999.00-9999.00 -9999.00-9999.00-9999.00-9999.00-9999.00-9999.00-9999.00-9999.00-9999.00-9999.00 78.59 246.83 378.97 0.00 0.00 0.00 0.00 0.00 0.00 388.89 351.48 75.95 0.00 279.56 138.01 77.03 83.60 93.24 84.47 0.00 92.84 88.08 90.79 84.20 376.74 312.30 160.67 77.81 75.11 146.47 0.00 166.24 78.18 89.19 78.38 378.21 76.64 184.45 381.65 75.08 380.20 76.03 75.10 113.43
0.00 322.68 75.60 84.38 144.65 85.10 122.81 98.69 0.00 385.42 246.36 154.65 77.48 75.34 123.82 137.90 0.00 378.96 77.03 84.99 76.03 0.00 148.51 336.70 77.03 298.93 77.32 125.42 77.61 119.62 78.30 77.61 123.21 224.15 354.42 376.41 379.61 0.00 371.20 375.59 389.10 0.00 0.00 0.00 0.00 0.00 0.00 0.00 375.99 334.08 379.47 78.99 80.72 161.62 89.46 206.17 382.29 79.66 235.70 82.34 372.47
87.38 86.79 378.99 89.11 91.86 89.03 83.91 126.51 380.05 382.48 76.28 78.59 127.17 142.03 358.88 377.83 0.00 315.64 377.34 366.11 180.00 86.99 363.00 82.09 98.31 342.82 77.75 75.68 76.09 378.81 77.10 76.99 376.18 385.39 339.51 76.15 89.46-9999.00-9999.00-9999.00-9999.00-9999.00-9999.00-9999.00-9999.00-9999.00-9999.00-9999.00-9999.00-9999.00-9999.00 -9999.00-9999.00-9999.00-9999.00-9999.00-9999.00-9999.00-9999.00-9999.00-9999.00-9999.00-9999.00-9999.00 95.43 80.07 86.02 145.80 377.71 83.60 89.69 79.53 215.18 76.53 75.06 0.00 77.81 372.46 0.00 399.49 78.59 77.03 75.79 82.83 80.36 96.30 102.63
86.00 84.20 75.37 253.50 378.41 382.92 0.00 75.04 135.23 75.95 84.21 82.74 114.95 376.50 83.33 75.77 76.64 328.23 0.00 75.77 75.08 75.06 121.13 377.22 83.68 87.47 189.34 401.31 117.63 108.08 96.29 80.44 376.42 376.51 123.03 78.79 99.25 89.76 78.06 92.54 78.99 92.54 81.99 392.54 78.23 92.91 358.01 80.44 89.46 150.15 153.81 85.14 76.51 176.58 174.78 76.99 373.35 0.00 78.23 86.36 80.44
79.28 79.53 82.85 83.32 82.38 0.00 0.00 116.32 86.95 145.74 77.48 137.37 79.04 76.31 308.61 77.81 375.87 224.50 87.68 82.94 83.37 82.77 81.64 207.67 0.00 79.35 266.53 375.68 76.76 378.39 106.26 0.00 89.72 195.08 84.98 106.26 75.43 83.18 75.48 86.61 92.46 80.07 313.33 85.64 338.77 90.42 76.59 415.44 330.53 81.99 371.14 217.78 85.76 308.72 79.43 0.00 75.82 76.99 78.99 143.82 76.51
83.96 378.59 181.07 376.72 0.00 75.15 86.61 86.02 83.49 81.30 426.17 76.31 84.77 86.30 90.22 84.05 76.21 350.84 76.21 350.88 86.30 117.80 84.99 84.99 129.40 369.21 378.83 0.00 82.77 364.46 99.18 90.46 134.41 79.53 209.31 373.17 384.87 89.72 97.30 124.35 377.70 86.02 88.50 201.80 79.28 209.28 0.00 0.00 0.00 386.78 195.22 99.81 78.79 88.83 91.55 82.71 86.63 78.79 378.26 356.03 375.55
256.88 382.73 173.13 244.19 169.54 99.18 377.54 378.09 0.00 368.26 375.93 173.73 375.90 243.76 366.92 81.63 240.66 205.99 90.93 125.21 375.48 379.56 78.59 93.24 75.39 273.98 100.91 99.70 140.43 86.57 278.09 0.00 93.08 0.00 243.76 98.43 376.68 378.72 94.95 349.28 327.44 379.12 211.31 94.53 76.09 75.82 76.09 137.18 75.61 90.42 381.63 76.59 83.55 140.89 76.78 81.99 383.77 346.51 75.82 75.82 377.44
87.49 79.53 95.43 264.60 379.92 148.70 80.97 95.90 86.57 108.00 378.90 94.11 77.99 331.08 0.00 383.53 375.54 376.30 375.85 148.51 0.00 246.21 85.77 94.96 140.57 224.34 348.24 155.63 83.49 345.22 375.96 120.85 81.02 81.02 192.81 76.04 85.27 366.32 84.79 77.75 85.27 114.19 138.17 375.98 0.00 380.36 377.87 375.66 298.45 81.65 84.14 76.68 81.33 0.00 114.10 75.60 84.17 90.42 79.66 144.78 357.77
188.27 0.00 378.09 188.27 383.20 285.79 218.43 376.60 251.55 376.54 135.55 376.06 371.57 92.19 89.76 387.89 383.01 394.19 77.90 87.90 373.71 80.72 87.22 117.47 86.92 253.52 87.07 77.22 86.36 77.61 271.78 0.00 384.77 376.38 284.39 76.78 130.92 161.13 77.47 92.54 0.00 381.11 378.93 377.46 379.16 266.99 148.75 122.47 86.79-9999.00-9999.00-9999.00-9999.00-9999.00-9999.00-9999.00-9999.00-9999.00-9999.00-9999.00-9999.00-9999.00-9999.00-9999.00-9999.00-9999.00-9999.00-9999.00-9999.00 -9999.00-9999.00-9999.00-9999.00-9999.00-9999.00-9999.00-9999.00-9999.00-9999.00-9999.00-9999.00-9999.00-9999.00-9999.00-9999.00-9999.00-9999.00-9999.00-9999.00 85.49 192.45 361.59 378.69 382.67 348.96 77.48 89.95 369.32 123.94 80.97
320.02 377.03 375.00 375.22 0.00 254.86 384.26 84.51 86.02 381.74 386.84 378.32 359.42 166.08 78.79 86.26 284.88 85.53 88.49 117.10 381.41 248.35 0.00 378.47 376.06 376.70 263.92 375.86 244.44 360.15 202.21 86.63 89.93 76.59 0.00 378.12 261.40 83.91 232.49 80.72-9999.00-9999.00-9999.00-9999.00-9999.00-9999.00-9999.00-9999.00-9999.00-9999.00-9999.00-9999.00-9999.00-9999.00-9999.00-9999.00-9999.00-9999.00-9999.00-9999.00-9999.00-9999.00-9999.00 -9999.00-9999.00-9999.00-9999.00-9999.00-9999.00-9999.00-9999.00-9999.00-9999.00-9999.00-9999.00-9999.00-9999.00-9999.00-9999.00-9999.00 80.07 164.48 378.73 373.50 82.38 285.54 76.53 202.99 142.40 433.02 100.86 90.22 82.77 131.67 243.60 80.36 0.00 0.00 0.00 0.00
384.70 75.66 83.34 84.35 87.22 85.43 88.06 87.38 289.35 85.23 377.11 143.26 380.70 160.26 142.75-9999.00-9999.00-9999.00-9999.00-9999.00-9999.00-9999.00-9999.00-9999.00-9999.00-9999.00-9999.00-9999.00-9999.00-9999.00-9999.00-9999.00-9999.00-9999.00-9999.00-9999.00-9999.00-9999.00 -9999.00-9999.00-9999.00-9999.00-9999.00-9999.00-9999.00-9999.00-9999.00-9999.00-9999.00-9999.00-9999.00-9999.00-9999.00-9999.00-9999.00-9999.00-9999.00-9999.00-9999.00-9999.00-9999.00-9999.00-9999.00-9999.00 91.75 79.28 315.66 222.95 94.97 86.57 94.97 98.69 85.49 196.45 329.25 376.61 392.83 0.00 0.00 376.31 376.84 135.55 200.57 251.55 365.08 377.47 0.00 380.09 378.87 378.58 376.62 328.48 376.14 97.87 375.56 256.36 87.14 95.20 128.27 376.55 375.66 378.58 108.81 293.72 379.17 284.33 173.73 98.59 375.16
325.46 0.00 375.12 376.99 330.12 376.55 227.13 231.85 252.80 376.06 299.09 275.80 377.50 378.43 0.00 0.00 0.00 364.34 0.00 195.77 387.65 378.83 334.27 138.35 120.11 75.79 115.96 379.27 377.93 135.07 117.00 77.22 99.71 93.29 88.24 85.98 95.85 79.66 77.61 75.99 114.05 376.02 86.79 121.12 78.41-9999.00-9999.00-9999.00-9999.00-9999.00-9999.00-9999.00-9999.00-9999.00-9999.00-9999.00-9999.00-9999.00-9999.00-9999.00-9999.00-9999.00-9999.00-9999.00-9999.00-9999.00 -9999.00-9999.00-9999.00-9999.00-9999.00-9999.00-9999.00-9999.00-9999.00-9999.00-9999.00-9999.00-9999.00-9999.00-9999.00-9999.00-9999.00-9999.00-9999.00-9999.00-9999.00-9999.00-9999.00-9999.00-9999.00-9999.00-9999.00-9999.00-9999.00-9999.00 101.65 98.43 91.26 377.64 94.11 379.83 382.94 383.78 385.02 239.20 305.34 266.41 251.55 375.44 0.00
102.84 87.40 375.96 385.29 375.38 379.71 388.95 381.67 381.06 147.85 78.43 85.37 88.42 89.49 376.23 387.83 383.57 316.43 365.23 99.32 375.24 375.26 375.90 376.35 0.00 375.34 357.68 83.67 97.68 207.98 373.36 377.22 375.34 92.31 285.16 94.32 378.31 86.11 88.49 374.95 375.46 353.30 77.81 76.57 76.72 84.32 88.42 86.76 93.51 377.06 83.20 101.43 379.74 315.63 82.11 377.94 134.08 84.44 105.57 377.74 98.00
386.11 218.96 179.13 201.32 294.90 168.28 0.00 376.30 212.36 378.35 177.60 375.20 195.77 382.07 380.71 326.44 359.75 369.36 145.56 79.17 78.11 76.81 0.00 0.00 223.69 81.16 130.12 89.91 92.43 146.74 353.91 85.37 80.59 85.37 100.26 0.00 99.97 93.13 84.90 96.13 82.11 86.38 125.54 84.90 91.37-9999.00-9999.00-9999.00-9999.00-9999.00-9999.00-9999.00-9999.00-9999.00-9999.00-9999.00-9999.00-9999.00-9999.00-9999.00-9999.00-9999.00-9999.00-9999.00-9999.00-9999.00-9999.00-9999.00 -9999.00-9999.00-9999.00-9999.00-9999.00-9999.00-9999.00-9999.00-9999.00-9999.00-9999.00-9999.00-9999.00-9999.00-9999.00-9999.00-9999.00-9999.00-9999.00-9999.00-9999.00-9999.00-9999.00-9999.00-9999.00-9999.00-9999.00-9999.00-9999.00-9999.00-9999.00-9999.00-9999.00-9999.00-9999.00-9999.00-9999.00-9999.00-9999.00-9999.00-9999.00-9999.00-9999.00 227.13 375.36 272.32 272.32 375.52 0.00 375.41 296.24 320.22 296.24 0.00 252.78 376.28 296.24 375.42
375.51 296.24 299.53 0.00 320.22 375.00 375.00 0.00 296.24 296.24 0.00 375.36 375.06 375.24 296.24 375.60 375.00 316.43 0.00 296.24 376.41 272.32 0.00 0.00 0.00 375.20 375.24 300.86 143.39 171.47 84.11 368.81 0.00 378.94 378.57 87.25 82.07 375.52 321.00 143.04 85.86 86.22 382.03 245.07 79.60 81.46 380.12 304.82 90.40 91.45 101.25 359.52 382.75 85.86 129.20 91.45 84.90 399.50 82.82 376.91 161.82
