蒙特卡罗+CDRMV3/输出数据/2D水深分布/WaterDepthGIS_0140.ASC
ncols         539            
nrows         744            
xllcorner     602630.84259341
yllcorner     3914823.670891 
cellsize      50             
NODATA_value  -9999.00       
[rows 0 to 26 of 32, columns 61 to 121 of 539]
80.34-9999.00-9999.00-9999.00-9999.00-9999.00-9999.00-9999.00-9999.00-9999.00-9999.00-9999.00-9999.00-9999.00-9999.00-9999.00-9999.00 -9999.00-9999.00-9999.00-9999.00-9999.00-9999.00-9999.00-9999.00-9999.00-9999.00-9999.00-9999.00-9999.00-9999.00-9999.00-9999.00-9999.00-9999.00-9999.00-9999.00-9999.00-9999.00-9999.00-9999.00-9999.00-9999.00-9999.00-9999.00-9999.00-9999.00-9999.00-9999.00-9999.00-9999.00-9999.00-9999.00-9999.00-9999.00-9999.00-9999.00-9999.00-9999.00-9999.00-9999.00-9999.00-9999.00-9999.00-9999.00-9999.00-9999.00-9999.00-9999.00-9999.00-9999.00-9999.00-9999.00-9999.00-9999.00-9999.00-9999.00-9999.00-9999.00-9999.00-9999.00-9999.00-9999.00-9999.00-9999.00-9999.00-9999.00-9999.00-9999.00-9999.00-9999.00-9999.00-9999.00-9999.00-9999.00-9999.00-9999.00-9999.00-9999.00-9999.00-9999.00-9999.00-9999.00-9999.00-9999.00-9999.00-9999.00-9999.00-9999.00-9999.00-9999.00-9999.00-9999.00-9999.00-9999.00-9999.00-9999.00-9999.00-9999.00-9999.00-9999.00-9999.00-9999.00-9999.00-9999.00-9999.00-9999.00-9999.00-9999.00-9999.00-9999.00-9999.00-9999.00-9999.00-9999.00-9999.00-9999.00 91.30 95.86 80.29 382.48 95.31 381.48 141.89 80.44 81.04 92.56-9999.00-9999.00-9999.00-9999.00-9999.00-9999.00-9999.00-9999.00-9999.00-9999.00-9999.00-9999.00-9999.00-9999.00-9999.00 -9999.00-9999.00-9999.00-9999.00-9999.00-9999.00-9999.00-9999.00-9999.00-9999.00-9999.00-9999.00-9999.00-9999.00-9999.00-9999.00-9999.00-9999.00-9999.00-9999.00-9999.00-9999.00-9999.00-9999.00-9999.00-9999.00-9999.00-9999.00-9999.00-9999.00-9999.00-9999.00-9999.00-9999.00-9999.00-9999.00-9999.00-9999.00-9999.00-9999.00-9999.00-9999.00-9999.00-9999.00-9999.00-9999.00-9999.00-9999.00-9999.00-9999.00-9999.00-9999.00-9999.00-9999.00-9999.00-9999.00-9999.00-9999.00-9999.00-9999.00-9999.00-9999.00-9999.00-9999.00-9999.00-9999.00-9999.00-9999.00-9999.00-9999.00-9999.00-9999.00-9999.00-9999.00-9999.00-9999.00-9999.00-9999.00-9999.00-9999.00-9999.00-9999.00-9999.00-9999.00-9999.00-9999.00-9999.00-9999.00-9999.00-9999.00-9999.00-9999.00-9999.00-9999.00-9999.00-9999.00-9999.00-9999.00-9999.00-9999.00-9999.00-9999.00-9999.00-9999.00-9999.00-9999.00-9999.00-9999.00-9999.00-9999.00-9999.00-9999.00-9999.00-9999.00-9999.00-9999.00-9999.00-9999.00-9999.00 88.08 80.58 92.38 80.73 386.27 380.55 92.05 103.83 84.43 168.10 177.44 102.41-9999.00-9999.00-9999.00-9999.00-9999.00-9999.00-9999.00-9999.00-9999.00-9999.00-9999.00-9999.00-9999.00-9999.00 -9999.00-9999.00-9999.00-9999.00-9999.00-9999.00-9999.00-9999.00-9999.00-9999.00-9999.00-9999.00-9999.00-9999.00-9999.00-9999.00-9999.00-9999.00-9999.00-9999.00-9999.00-9999.00-9999.00-9999.00-9999.00-9999.00-9999.00-9999.00-9999.00-9999.00-9999.00-9999.00-9999.00-9999.00-9999.00-9999.00-9999.00-9999.00-9999.00-9999.00-9999.00-9999.00-9999.00-9999.00-9999.00-9999.00-9999.00-9999.00-9999.00-9999.00-9999.00-9999.00-9999.00-9999.00-9999.00-9999.00-9999.00-9999.00-9999.00-9999.00-9999.00-9999.00-9999.00-9999.00-9999.00-9999.00-9999.00-9999.00-9999.00-9999.00-9999.00-9999.00-9999.00-9999.00-9999.00-9999.00-9999.00-9999.00-9999.00-9999.00-9999.00-9999.00-9999.00-9999.00-9999.00-9999.00-9999.00-9999.00-9999.00-9999.00-9999.00-9999.00-9999.00-9999.00-9999.00-9999.00-9999.00-9999.00-9999.00-9999.00-9999.00-9999.00-9999.00-9999.00-9999.00-9999.00-9999.00-9999.00-9999.00-9999.00-9999.00-9999.00-9999.00-9999.00-9999.00-9999.00-9999.00-9999.00-9999.00 80.16 199.63 81.52 136.97 81.41 0.00 80.58 82.95 379.85 293.47 120.70 98.86-9999.00-9999.00-9999.00-9999.00-9999.00-9999.00-9999.00-9999.00-9999.00-9999.00-9999.00-9999.00-9999.00-9999.00 -9999.00-9999.00-9999.00-9999.00-9999.00-9999.00-9999.00-9999.00-9999.00-9999.00-9999.00-9999.00-9999.00-9999.00-9999.00-9999.00-9999.00-9999.00-9999.00-9999.00-9999.00-9999.00-9999.00-9999.00-9999.00-9999.00-9999.00-9999.00-9999.00-9999.00-9999.00-9999.00-9999.00-9999.00-9999.00-9999.00-9999.00-9999.00-9999.00-9999.00-9999.00-9999.00-9999.00-9999.00-9999.00-9999.00-9999.00-9999.00-9999.00-9999.00-9999.00-9999.00-9999.00-9999.00-9999.00-9999.00-9999.00-9999.00-9999.00-9999.00-9999.00-9999.00-9999.00-9999.00-9999.00-9999.00-9999.00-9999.00-9999.00-9999.00-9999.00-9999.00-9999.00-9999.00-9999.00-9999.00-9999.00-9999.00-9999.00-9999.00-9999.00-9999.00-9999.00-9999.00-9999.00-9999.00-9999.00-9999.00-9999.00-9999.00-9999.00-9999.00-9999.00-9999.00-9999.00-9999.00-9999.00-9999.00-9999.00-9999.00-9999.00-9999.00-9999.00-9999.00-9999.00-9999.00-9999.00-9999.00-9999.00-9999.00-9999.00-9999.00-9999.00-9999.00-9999.00-9999.00-9999.00-9999.00 88.95 80.23 119.57 376.69 100.11 84.18 0.00 80.44 376.72 89.49 89.74 90.66 100.83-9999.00-9999.00-9999.00-9999.00-9999.00-9999.00-9999.00-9999.00-9999.00-9999.00-9999.00-9999.00-9999.00-9999.00 -9999.00-9999.00-9999.00-9999.00-9999.00-9999.00-9999.00-9999.00-9999.00-9999.00-9999.00-9999.00-9999.00-9999.00-9999.00-9999.00-9999.00-9999.00-9999.00-9999.00-9999.00-9999.00-9999.00-9999.00-9999.00-9999.00-9999.00-9999.00-9999.00-9999.00-9999.00-9999.00-9999.00-9999.00-9999.00-9999.00-9999.00-9999.00-9999.00-9999.00-9999.00-9999.00-9999.00-9999.00-9999.00-9999.00-9999.00-9999.00-9999.00-9999.00-9999.00-9999.00-9999.00-9999.00-9999.00-9999.00-9999.00-9999.00-9999.00-9999.00-9999.00-9999.00-9999.00-9999.00-9999.00-9999.00-9999.00-9999.00-9999.00-9999.00-9999.00-9999.00-9999.00-9999.00-9999.00-9999.00-9999.00-9999.00-9999.00-9999.00-9999.00-9999.00-9999.00-9999.00-9999.00-9999.00-9999.00-9999.00-9999.00-9999.00-9999.00-9999.00-9999.00-9999.00-9999.00-9999.00-9999.00-9999.00-9999.00-9999.00-9999.00-9999.00-9999.00-9999.00-9999.00-9999.00-9999.00-9999.00-9999.00-9999.00-9999.00-9999.00-9999.00-9999.00-9999.00-9999.00-9999.00 83.13 88.89 122.36 189.35 84.94 369.59 0.00 0.00
81.75 121.82 286.18 378.40 84.18 81.88 376.67 107.20 0.00 81.04 91.16 99.00 82.77 399.73 377.83 413.64 82.29 379.87 144.66 82.44-9999.00-9999.00-9999.00 -9999.00-9999.00-9999.00-9999.00-9999.00-9999.00-9999.00-9999.00-9999.00-9999.00-9999.00-9999.00-9999.00-9999.00-9999.00 81.81 275.60 89.98 83.57 118.59 0.00 339.40 185.84 82.32-9999.00-9999.00-9999.00-9999.00-9999.00-9999.00-9999.00-9999.00-9999.00-9999.00-9999.00-9999.00-9999.00-9999.00-9999.00-9999.00-9999.00-9999.00-9999.00-9999.00-9999.00-9999.00-9999.00-9999.00-9999.00-9999.00-9999.00-9999.00-9999.00-9999.00-9999.00-9999.00-9999.00-9999.00-9999.00-9999.00-9999.00-9999.00-9999.00-9999.00-9999.00-9999.00-9999.00-9999.00-9999.00-9999.00-9999.00-9999.00-9999.00-9999.00-9999.00-9999.00 85.79 85.79 377.84 378.68 96.17 92.93 94.54 84.18-9999.00-9999.00-9999.00-9999.00-9999.00-9999.00-9999.00-9999.00 80.75 138.48 376.48 304.97 87.47 366.62 129.58 84.18 378.94 312.28 82.44 251.07 124.28 91.03 228.04 298.81 81.88 85.79 81.04 137.24 124.42 122.31 0.00
118.93 93.33 84.94 380.05 159.13 85.21-9999.00 83.13 175.51 80.96 345.65 82.29 88.78 80.53 384.59 84.43 177.37 102.33 96.17 89.00 90.32 80.53 204.41 89.06 0.00 126.78 80.75 81.22 346.13 81.13 0.00 0.00 0.00 85.21 82.44 81.75 0.00 377.52 322.82 0.00 0.00 0.00 0.00 0.00 0.00 0.00 127.10 88.23 94.22 256.01 0.00 378.03 377.19 99.77 150.37 83.73 225.10 94.22 94.47-9999.00-9999.00-9999.00-9999.00-9999.00 -9999.00-9999.00-9999.00-9999.00-9999.00-9999.00-9999.00-9999.00-9999.00-9999.00-9999.00-9999.00 81.51 271.00
227.39 378.12 93.33 93.76 98.86 82.77 379.25 156.59 94.47 91.16 376.06 0.00 151.71 93.84 92.57 81.31 375.62 86.42 377.89 83.32 225.65 0.00 375.86 185.90 81.04 89.83 80.16 80.82 145.76 376.69 0.00 197.47 254.09 144.27 81.13 94.47 89.92 89.06 83.95 80.30 137.74 126.10 87.10 120.78 380.74 83.13 82.15 145.81 92.38 93.13 93.76 159.35 89.07 83.13 90.11 90.32 206.09 83.95 122.78 122.78 123.48
93.13 89.41 121.05 119.44 390.77 82.15 99.74 96.17 89.74 80.30 85.21 0.00 0.00 87.84 179.04 380.07 87.10 376.13 135.23 80.69 89.57 159.31 380.13 80.15 80.58 91.30 82.01 137.20 156.02 369.67 377.36 167.70 90.93 375.34 0.00 103.51 383.20 380.13 93.60 378.59 96.13 101.93-9999.00-9999.00-9999.00-9999.00-9999.00-9999.00-9999.00-9999.00-9999.00-9999.00-9999.00 -9999.00-9999.00-9999.00-9999.00-9999.00-9999.00-9999.00-9999.00-9999.00-9999.00 100.36 376.35 96.86 167.20 375.26 81.23 246.12 80.22 383.45 87.28 0.00 88.11 80.15 79.67 158.84 80.56 80.15 172.93
88.26 154.90 80.33 383.29 0.00 0.00 118.93 97.01 125.47 390.79 383.51 94.69 381.12 378.92 147.72 83.32 94.99-9999.00-9999.00-9999.00-9999.00-9999.00-9999.00-9999.00-9999.00-9999.00 -9999.00-9999.00-9999.00-9999.00 94.31 82.32 335.75 81.23 108.44 377.10 83.57 91.10 89.95 86.18 282.07 376.27 87.28 118.70 152.36 207.65 0.00 82.90 88.87 377.80 323.25 375.93 81.11 93.03 288.74 293.59 89.70 377.60 98.35 93.75 95.96 389.78 129.16 80.22 85.51 106.00 100.36 93.26 84.33 122.91 0.00 79.80 92.56
382.92 0.00 342.00 99.77 113.95 151.26 158.78 379.94 115.96 128.79 121.89 386.87 86.42 92.57 209.89 89.96-9999.00-9999.00-9999.00-9999.00-9999.00-9999.00-9999.00-9999.00 -9999.00-9999.00-9999.00 94.01 97.96 212.47 377.41 388.48 130.62 88.96 132.99 380.77 80.08 81.66 79.44 122.23 380.60 80.99 79.55 0.00 85.84 287.36 123.71 170.30 80.99 84.90 89.36 89.36 91.10 79.57 133.68 378.65 0.00 0.00 0.00 120.45 83.12 95.15 85.51 335.50 80.30 327.18 0.00 307.83 80.66 88.61 93.03
0.00 0.00 376.10 105.02 110.14 260.60 389.16 385.68 388.73 383.21 187.07 94.86 102.26 352.38 80.82 91.45 221.51 146.80 96.49-9999.00-9999.00-9999.00-9999.00-9999.00-9999.00 -9999.00-9999.00-9999.00-9999.00-9999.00-9999.00 153.08 79.75 259.98 0.00 89.48 142.14 80.66 83.57 132.71 195.22 91.26 80.56 0.00 176.36 79.50 176.10 90.78 170.50 184.76 86.18 80.56 378.94 83.12 89.47 79.52 0.00 147.92 79.84 92.18 79.90 377.18 85.84 378.90 80.38 80.30 0.00 159.76 79.63 82.70 290.15 382.49
381.06 380.77 379.17 81.75 88.64 91.30 80.89 211.94 83.95-9999.00-9999.00-9999.00-9999.00-9999.00-9999.00-9999.00 -9999.00-9999.00-9999.00-9999.00-9999.00-9999.00-9999.00-9999.00-9999.00 80.38 323.02 0.00 83.12 88.96 84.61 0.00 101.61 374.74 119.79 81.37 89.95 91.79 91.05 379.83 82.90 87.88 138.64 81.23 123.18 383.52 0.00 80.76 0.00 0.00 119.39 81.66 120.41 87.28 0.00 126.21 88.87 101.18 0.00 80.87 324.83 169.45 81.23 150.92 221.74 382.15 97.81 79.47 269.32 227.88 297.34 384.70 375.94 88.64 83.32 0.00
117.65 207.09 125.87 0.00 88.11 79.52 376.30 81.97 90.50 90.34 140.43 83.34 84.07 344.31 88.87 174.99 91.79 91.05 99.96 107.05 93.75 218.62 98.75 262.59 103.64 96.86 197.37 79.60 143.12 81.51 119.66 147.00 247.44 0.00 80.51 90.22 82.29 366.24 237.78 100.65 101.19 88.07 132.10 80.58 158.26 0.00 84.18 88.83 91.89 116.29 87.84 90.78 86.10 93.99 104.49 81.88 395.54 149.44 210.37 256.34 84.94
292.60 376.15 132.55 79.59 169.77 0.00 121.61 81.13 82.27 374.24 377.56 192.01 88.23 80.23 157.08 211.16 365.61 0.00 365.83 362.22 147.68 92.57 97.53 169.20 378.14 100.83 376.58 97.01 97.89 85.79 93.13 93.19 188.54 80.58 80.82 84.43 80.75 197.90 85.21 0.00 345.88 114.56 380.76 376.43 85.21 89.07 88.59 90.11 93.76 122.34 93.54 88.44 81.75 102.77 92.56 91.58 93.84 256.48 379.60 379.40 385.82
163.12 381.81 80.96 139.66 93.54 85.79 122.07 396.07 0.00 130.28 85.21 334.46 143.80 80.23 90.11 82.95 85.21 80.63 133.22 382.55 136.71 93.54 239.13 91.44 137.43 108.59 367.80 95.27 87.47 374.04 376.77 193.41 271.06 0.00 172.39 376.74 369.85 376.37 98.44 236.73 358.04 161.56 366.89 81.31 80.40 366.42 80.36 89.83 377.20 376.23 80.75 97.53-9999.00-9999.00-9999.00-9999.00-9999.00-9999.00-9999.00-9999.00-9999.00-9999.00 -9999.00-9999.00-9999.00-9999.00-9999.00-9999.00-9999.00-9999.00-9999.00 79.80 122.26 329.72 0.00 118.81 81.23 89.95 122.45
174.96 203.17 384.37 100.79 145.96 79.51 85.52 98.63 99.00 82.60 81.88 91.73 228.80 80.25 93.54 92.05-9999.00-9999.00-9999.00-9999.00-9999.00-9999.00-9999.00-9999.00-9999.00-9999.00-9999.00-9999.00-9999.00 -9999.00-9999.00-9999.00-9999.00-9999.00-9999.00-9999.00-9999.00-9999.00-9999.00 83.12 260.46 378.99 0.00 0.00 0.00 0.00 0.00 0.00 390.04 361.48 80.38 0.00 288.49 142.13 81.51 88.11 97.96 88.96 0.00 97.57 92.59 95.46 88.70 377.29 334.47 167.46 82.32 79.51 158.57 0.00 187.31 82.70 93.75 82.90 378.39 81.11 200.90 382.89 79.47 380.65 80.47 79.49 118.73
0.00 336.80 80.01 88.87 154.24 89.59 128.60 103.06 0.00 386.17 280.20 162.63 81.97 79.75 130.26 147.93 0.00 379.16 81.51 89.47 80.47 0.00 157.54 350.81 81.51 319.84 81.81 130.90 82.29 125.14 82.87 82.29 128.74 246.16 369.30 376.46 379.71 0.00 375.31 375.62 389.65 0.00 0.00 0.00 0.00 0.00 0.00 0.00 376.00 342.00 379.87 83.73 85.50 179.99 96.79 228.45 383.08 84.43 250.63 87.10 375.50
92.05 91.45 379.47 93.84 96.83 93.76 88.64 132.14 380.17 383.50 80.89 83.32 134.21 155.85 373.05 377.89 0.00 316.87 377.42 375.95 196.37 94.22 367.48 88.94 106.18 362.18 82.44 80.25 80.69 379.01 81.75 81.63 376.67 386.57 351.63 80.75 94.22-9999.00-9999.00-9999.00-9999.00-9999.00-9999.00-9999.00-9999.00-9999.00-9999.00-9999.00-9999.00-9999.00-9999.00 -9999.00-9999.00-9999.00-9999.00-9999.00-9999.00-9999.00-9999.00-9999.00-9999.00-9999.00-9999.00-9999.00 99.96 84.61 90.50 160.98 378.13 88.11 94.28 84.07 234.52 80.99 79.46 0.00 82.32 375.58 0.00 400.03 83.12 81.51 80.22 87.34 84.90 100.71 108.44
90.49 88.70 79.78 278.86 378.71 383.32 0.00 79.43 140.88 80.38 88.52 87.25 119.75 376.60 87.83 80.20 81.11 340.75 0.00 80.20 79.48 79.45 126.76 377.73 91.10 94.69 211.74 403.50 126.90 116.58 100.83 85.21 377.14 376.93 129.66 83.52 103.83 94.54 82.77 97.53 83.73 97.53 86.76 394.36 82.95 97.89 364.77 85.21 94.22 165.72 162.54 89.83 81.13 198.92 186.52 81.63 376.68 0.00 82.95 91.03 85.21
83.81 84.07 87.37 87.83 86.90 0.00 0.00 121.26 91.43 156.01 81.97 141.63 83.57 80.76 322.78 82.32 375.94 236.56 92.18 87.46 87.88 87.28 86.18 227.19 0.00 83.71 288.25 375.71 81.23 378.49 113.30 0.00 94.31 215.85 91.44 113.30 79.84 87.69 79.90 91.10 97.19 84.61 336.05 90.32 358.76 95.27 81.22 419.29 338.74 86.76 375.36 239.11 90.43 330.58 84.18 0.00 80.40 81.63 83.73 151.09 81.13
88.46 379.07 190.39 377.56 0.00 79.55 91.10 90.50 87.99 85.84 430.01 80.76 89.26 90.78 94.84 88.54 80.66 362.31 80.66 364.22 90.78 123.22 89.47 89.48 134.77 373.64 379.57 0.00 87.28 368.68 103.64 95.11 141.73 84.07 223.92 370.18 385.54 94.31 101.61 130.88 378.04 90.50 93.03 221.37 83.81 222.77 0.00 0.00 0.00 387.73 209.46 108.55 83.52 93.54 96.49 87.47 91.30 83.52 378.53 365.17 376.06
276.13 383.43 190.38 274.24 185.79 103.64 377.61 378.24 0.00 376.02 375.93 181.55 376.10 247.68 373.49 85.97 262.02 228.40 95.46 135.02 375.51 379.66 83.12 97.96 79.80 291.18 106.00 104.31 145.04 91.05 291.24 0.00 97.81 0.00 247.68 102.76 376.78 378.90 102.71 358.73 336.12 379.53 231.96 99.37 80.69 80.40 80.69 144.28 80.17 95.27 382.15 81.22 88.29 154.35 81.41 86.76 384.84 360.33 80.40 80.40 377.66
91.98 84.07 99.96 281.48 381.08 161.81 85.51 100.36 91.05 115.48 379.15 98.78 82.51 338.80 0.00 384.03 375.55 376.37 375.90 157.54 0.00 256.32 90.09 99.39 151.26 239.04 361.36 173.47 88.23 351.75 376.47 126.85 85.79 85.79 210.03 80.63 89.96 372.00 89.49 82.44 89.96 119.20 149.59 376.68 0.00 380.59 378.07 376.06 324.85 86.42 91.55 81.31 86.10 0.00 119.70 80.16 88.89 95.27 84.43 155.70 364.92
195.28 0.00 378.12 195.28 383.33 289.40 223.37 376.68 254.80 376.69 144.58 376.07 373.98 97.17 94.54 388.30 383.34 394.90 82.60 92.57 375.84 85.50 91.89 123.24 91.58 293.38 91.73 81.88 91.03 82.29 286.23 0.00 385.91 377.09 311.89 81.29 136.30 164.76 82.15 97.53 0.00 381.70 379.44 377.93 379.61 299.73 166.96 127.87 91.45-9999.00-9999.00-9999.00-9999.00-9999.00-9999.00-9999.00-9999.00-9999.00-9999.00-9999.00-9999.00-9999.00-9999.00-9999.00-9999.00-9999.00-9999.00-9999.00-9999.00 -9999.00-9999.00-9999.00-9999.00-9999.00-9999.00-9999.00-9999.00-9999.00-9999.00-9999.00-9999.00-9999.00-9999.00-9999.00-9999.00-9999.00-9999.00-9999.00-9999.00 89.98 211.89 371.06 378.77 382.82 363.14 81.97 94.56 374.70 130.21 85.51
321.96 377.26 375.03 375.25 0.00 262.76 384.63 89.00 90.50 382.04 387.12 378.50 370.84 186.30 83.52 90.93 303.69 90.22 93.19 127.05 381.64 253.25 0.00 378.99 376.70 377.23 272.68 375.88 244.92 368.95 211.32 91.30 94.72 81.22 0.00 378.50 277.15 88.64 249.20 85.50-9999.00-9999.00-9999.00-9999.00-9999.00-9999.00-9999.00-9999.00-9999.00-9999.00-9999.00-9999.00-9999.00-9999.00-9999.00-9999.00-9999.00-9999.00-9999.00-9999.00-9999.00-9999.00-9999.00 -9999.00-9999.00-9999.00-9999.00-9999.00-9999.00-9999.00-9999.00-9999.00-9999.00-9999.00-9999.00-9999.00-9999.00-9999.00-9999.00-9999.00 84.61 171.27 379.02 374.31 86.90 290.44 80.99 209.36 154.76 437.48 105.92 94.84 87.28 135.37 258.73 84.90 0.00 0.00 0.00 0.00
385.09 80.23 88.08 89.07 91.89 90.11 92.74 92.05 291.09 89.92 377.33 146.50 381.16 166.93 147.24-9999.00-9999.00-9999.00-9999.00-9999.00-9999.00-9999.00-9999.00-9999.00-9999.00-9999.00-9999.00-9999.00-9999.00-9999.00-9999.00-9999.00-9999.00-9999.00-9999.00-9999.00-9999.00-9999.00 -9999.00-9999.00-9999.00-9999.00-9999.00-9999.00-9999.00-9999.00-9999.00-9999.00-9999.00-9999.00-9999.00-9999.00-9999.00-9999.00-9999.00-9999.00-9999.00-9999.00-9999.00-9999.00-9999.00-9999.00-9999.00-9999.00 96.47 83.81 328.38 243.32 99.55 91.05 99.55 103.06 89.98 216.56 326.97 376.61 393.66 0.00 0.00 376.35 376.98 144.58 206.50 254.80 365.77 377.52 0.00 380.12 378.88 378.59 376.63 348.62 376.37 107.86 375.70 272.12 91.63 99.75 139.46 376.74 375.77 379.15 116.47 298.12 379.28 289.63 181.55 102.97 375.21
326.69 0.00 375.12 377.11 331.13 376.64 230.64 235.46 255.31 376.07 307.03 283.70 377.50 378.83 0.00 0.00 0.00 369.52 0.00 201.34 387.96 378.97 356.91 142.91 126.58 80.36 121.29 379.55 377.90 140.45 122.78 81.88 104.49 98.25 92.93 90.66 100.47 84.43 82.29 80.58 121.05 376.68 91.45 127.32 83.13-9999.00-9999.00-9999.00-9999.00-9999.00-9999.00-9999.00-9999.00-9999.00-9999.00-9999.00-9999.00-9999.00-9999.00-9999.00-9999.00-9999.00-9999.00-9999.00-9999.00-9999.00 -9999.00-9999.00-9999.00-9999.00-9999.00-9999.00-9999.00-9999.00-9999.00-9999.00-9999.00-9999.00-9999.00-9999.00-9999.00-9999.00-9999.00-9999.00-9999.00-9999.00-9999.00-9999.00-9999.00-9999.00-9999.00-9999.00-9999.00-9999.00-9999.00-9999.00 107.05 102.76 95.96 378.11 98.78 380.39 383.61 384.51 386.06 243.03 306.59 269.10 254.80 375.90 0.00
113.67 96.06 376.59 386.56 375.44 379.73 390.09 383.56 382.97 156.59 83.11 90.10 93.14 98.31 376.38 389.20 383.99 318.95 369.25 109.87 375.33 375.32 375.99 376.47 0.00 375.34 362.16 88.21 102.28 212.49 373.82 377.38 375.39 97.12 292.24 99.14 378.61 90.64 93.06 375.06 375.48 363.69 82.48 81.18 81.34 89.06 93.14 91.47 98.56 377.43 87.95 106.45 379.76 319.09 86.86 378.19 139.91 89.18 111.79 377.74 102.33
386.42 234.65 197.70 220.28 303.91 175.37 0.00 376.31 217.00 378.39 183.78 375.20 201.34 382.73 381.25 324.86 367.61 375.13 152.52 83.88 82.78 81.43 0.00 0.00 242.36 85.90 138.81 94.70 97.42 154.91 358.88 90.10 85.33 90.10 105.09 0.00 104.76 98.17 89.63 101.11 86.86 91.10 134.10 89.63 95.54-9999.00-9999.00-9999.00-9999.00-9999.00-9999.00-9999.00-9999.00-9999.00-9999.00-9999.00-9999.00-9999.00-9999.00-9999.00-9999.00-9999.00-9999.00-9999.00-9999.00-9999.00-9999.00-9999.00 -9999.00-9999.00-9999.00-9999.00-9999.00-9999.00-9999.00-9999.00-9999.00-9999.00-9999.00-9999.00-9999.00-9999.00-9999.00-9999.00-9999.00-9999.00-9999.00-9999.00-9999.00-9999.00-9999.00-9999.00-9999.00-9999.00-9999.00-9999.00-9999.00-9999.00-9999.00-9999.00-9999.00-9999.00-9999.00-9999.00-9999.00-9999.00-9999.00-9999.00-9999.00-9999.00-9999.00 230.64 375.36 274.35 274.35 375.52 0.00 375.41 297.51 320.79 297.51 0.00 255.28 376.41 297.51 375.42
377.29 297.51 300.80 0.00 320.79 375.02 375.01 0.00 297.51 297.51 0.00 375.49 375.22 375.93 297.52 375.64 375.01 318.95 0.00 297.52 376.42 274.35 0.00 0.00 0.00 375.20 375.25 302.09 151.29 177.98 88.65 364.10 0.00 379.36 378.98 91.79 86.62 375.54 340.85 152.92 90.59 90.94 382.40 254.52 84.32 86.21 380.01 307.37 95.22 96.36 106.23 364.54 383.19 90.59 137.80 96.36 89.63 402.20 87.57 377.30 179.47
