蒙特卡罗+CDRMV3/输出数据/2D水深分布/WaterDepthGIS_0137.ASC
ncols         539            
nrows         744            
xllcorner     602630.84259341
yllcorner     3914823.670891 
cellsize      50             
NODATA_value  -9999.00       
[rows 0 to 26 of 32, columns 305 to 365 of 539]
97.14 88.53 90.89 90.08 82.47 146.00 82.83 81.94 144.97 87.58 0.00 85.98 90.31 218.03 133.35 296.73 184.69 83.42-9999.00-9999.00-9999.00-9999.00-9999.00-9999.00-9999.00-9999.00-9999.00-9999.00-9999.00-9999.00 -9999.00-9999.00-9999.00-9999.00-9999.00-9999.00-9999.00-9999.00-9999.00-9999.00-9999.00-9999.00 96.01 83.21 319.61 94.60 164.04 0.00 87.20 372.84 98.91 205.64 113.98-9999.00-9999.00-9999.00-9999.00-9999.00-9999.00-9999.00-9999.00-9999.00-9999.00-9999.00-9999.00-9999.00-9999.00-9999.00-9999.00-9999.00-9999.00-9999.00-9999.00-9999.00-9999.00-9999.00-9999.00-9999.00-9999.00-9999.00-9999.00-9999.00-9999.00-9999.00-9999.00-9999.00-9999.00-9999.00-9999.00-9999.00-9999.00-9999.00-9999.00-9999.00-9999.00-9999.00-9999.00-9999.00-9999.00-9999.00-9999.00-9999.00-9999.00-9999.00-9999.00-9999.00-9999.00-9999.00-9999.00-9999.00-9999.00-9999.00-9999.00-9999.00-9999.00-9999.00-9999.00-9999.00-9999.00-9999.00-9999.00-9999.00-9999.00-9999.00-9999.00-9999.00-9999.00-9999.00-9999.00-9999.00-9999.00-9999.00-9999.00-9999.00-9999.00-9999.00-9999.00-9999.00-9999.00-9999.00 138.22 353.69 213.12 170.23 91.97 90.40 381.72 159.78 270.29 377.67 301.57 140.97 84.40 93.21 84.40 0.00 378.10 189.99 93.06 193.33 379.54 82.35 90.35 85.32-9999.00-9999.00-9999.00-9999.00-9999.00-9999.00-9999.00-9999.00-9999.00-9999.00-9999.00 -9999.00-9999.00-9999.00-9999.00-9999.00-9999.00-9999.00-9999.00-9999.00-9999.00-9999.00-9999.00-9999.00 100.02 127.82 92.17 148.98 135.05 0.00
370.32 357.65 0.00 121.94 210.20 81.59 96.59-9999.00-9999.00-9999.00-9999.00-9999.00-9999.00-9999.00-9999.00-9999.00-9999.00-9999.00-9999.00-9999.00-9999.00-9999.00-9999.00-9999.00-9999.00-9999.00-9999.00-9999.00-9999.00-9999.00-9999.00-9999.00-9999.00-9999.00-9999.00-9999.00-9999.00-9999.00-9999.00-9999.00-9999.00-9999.00-9999.00-9999.00-9999.00-9999.00-9999.00 113.05 381.09 92.19 308.66 117.68-9999.00-9999.00 90.00 86.47 93.50 86.73 85.75 376.53 434.26 87.29 103.15 83.42 241.12 86.73 94.16 84.40 93.06-9999.00-9999.00-9999.00 84.40 175.23 82.53 157.09 83.10 86.22 82.06 383.83 91.71 0.00 0.00 0.00 87.29 83.00 377.11 379.09 165.32 83.80 83.67 98.01 375.33 382.18 145.56 142.60 82.35 82.47 88.20 0.00 86.22 91.67 182.56 85.98 376.51 218.11
159.60 82.35 81.95 90.89 85.32 0.00 136.71 82.47 82.67 379.10 0.00 94.98 102.25 0.00 375.55 94.98 100.02 105.03 90.00 179.86 86.22 90.82 203.27-9999.00-9999.00-9999.00-9999.00-9999.00-9999.00 -9999.00-9999.00-9999.00-9999.00-9999.00-9999.00-9999.00-9999.00-9999.00-9999.00-9999.00 82.69 141.28 92.62 82.57 380.27 379.89 0.00 327.87 122.43 162.91 82.26 89.73 86.59 381.19 137.52 379.04 84.40 378.23 100.40 86.30 176.73-9999.00-9999.00-9999.00-9999.00-9999.00-9999.00-9999.00 94.30 86.47 98.33 88.20 98.01 86.22 89.24-9999.00-9999.00-9999.00-9999.00-9999.00-9999.00 87.58 214.13 103.98 95.80 353.64 376.85 93.21 93.98 234.63
90.82 376.43 85.54 130.78 377.47 93.21 388.03 126.93 93.06 375.82 84.24 191.21 379.24 87.58 0.00 86.73 92.41 107.36 386.68 97.70 91.77 150.92 94.92 378.28 92.30 88.53 0.00 167.87 82.60 101.43 156.31 350.21 83.42 0.00 98.01 93.82 199.75 81.94 99.33 90.95 82.67 375.86 320.41 84.93 308.15 82.60 85.12 84.75 97.70 188.94 85.12 266.67 83.20 128.70 142.50 92.53 84.09 127.42 271.04 97.14 0.00
258.07 83.31 92.18 368.85 357.58 82.17 84.24 83.00 377.14 90.00 85.32 90.95 81.92 382.77 101.06 82.35 375.43 247.90 388.25 93.77 101.74 401.37 82.83 93.65 379.31 84.09 354.07 83.67 82.91 380.36 89.61 91.41 92.53 81.92 163.24 307.10 376.71 376.93 90.00 388.74 381.59 0.00 89.61 98.66 370.67 84.57 178.67 227.18 378.54 350.26 148.57-9999.00-9999.00-9999.00-9999.00-9999.00-9999.00-9999.00-9999.00-9999.00-9999.00 -9999.00-9999.00-9999.00-9999.00-9999.00-9999.00-9999.00-9999.00 376.63 101.55 84.02 96.89 376.58 377.91 86.03 90.22 102.75
377.26 0.00 122.77 91.25 84.57 382.79 102.25 286.84 179.26 91.58 129.11 98.66 220.74 92.92 91.58 90.95 82.16 155.27 215.65 380.78 380.43 381.90 381.23 0.00 0.00 0.00 0.00 103.09 374.82 130.69 0.00 100.59 306.23 91.71 101.40 128.76 352.46 90.40 375.34 88.53-9999.00-9999.00-9999.00-9999.00-9999.00-9999.00-9999.00-9999.00-9999.00 -9999.00-9999.00 91.76 85.77 89.36 100.40 324.89 374.96 84.21 91.26 90.22 383.08 122.72 88.58 137.12 374.28 89.67 89.13 81.32 127.36 0.00 86.59
126.41 82.02 259.23 0.00 376.74 237.08 154.79 82.83 88.88 378.12 82.75 90.54 81.96 169.94 308.42 92.66 91.09 146.44 91.09 142.74 83.94 131.67 82.30 145.32 82.00 145.77 0.00 123.55 171.43 379.84 375.23 373.16 124.91 375.45 113.05 379.13 83.54 111.52 83.00 99.97 380.36 398.11 84.09 101.74-9999.00-9999.00-9999.00-9999.00-9999.00-9999.00 -9999.00-9999.00-9999.00-9999.00-9999.00 94.60 163.31 323.55 389.41 379.98 83.85 155.11 376.47 314.10 91.50 86.59 88.58 380.26 82.81 0.00 82.46
83.67 0.00 129.16 174.45 82.35 92.18 82.10 380.54 126.49 85.12 141.35 82.10 122.47 387.17 102.25 219.20 82.91 91.09 83.10 123.03 377.97 86.47 0.00 0.00 269.54 93.77 378.12 376.92 289.16 132.04 107.93 132.13 117.07 114.54 110.49 98.39 380.08 379.02 364.71 187.79 88.20-9999.00-9999.00-9999.00-9999.00-9999.00-9999.00-9999.00 -9999.00-9999.00-9999.00-9999.00-9999.00-9999.00-9999.00 88.96 134.49 191.95 0.00 125.60 89.17 81.12 162.48 81.17 346.44 0.00 177.65 377.30 240.46 166.30 84.21 197.93 375.89 94.60
146.62 89.61 81.95 149.29 347.47 92.19 0.00 104.06 379.97 377.78 369.33 327.48 226.34 206.97 97.92 372.98 96.83 93.82 82.53 177.54 268.80 87.89-9999.00-9999.00-9999.00-9999.00-9999.00-9999.00-9999.00-9999.00-9999.00 -9999.00-9999.00-9999.00-9999.00-9999.00-9999.00-9999.00-9999.00-9999.00 82.81 147.72 0.00 96.01 89.28 84.40 0.00 123.96 81.16 91.50 91.38 83.85 82.57 399.00 147.28 96.05 82.08 120.40 376.63 132.33 82.81 0.00 124.06 82.46 376.13 166.41 81.84 142.43 82.57 133.37 121.03 0.00 0.00 174.26 81.92 383.34 416.34 388.69
0.00 93.32 364.16 376.60 82.46 83.68 343.97 384.43 126.54 88.96 85.27 138.68 310.16 128.50 0.00 292.99 264.54 81.12 81.48 140.28 86.30 91.38 352.25 124.36 99.51 93.94 93.49 101.16 86.59 233.75 168.00 376.95 93.32 108.05 96.05 103.65 101.16 93.49 84.61 232.99 216.18 376.64 312.28 81.48 0.00 381.22 383.19 381.42 81.92 97.11 91.32 97.11 82.02 142.92 377.48 85.54 0.00 181.60 83.54 84.40 92.18
128.47 383.58 83.85 93.68 151.26 87.20 237.97 378.89 96.59 150.96 84.82 338.30 137.83 81.21 142.02 99.51 0.00 263.37 127.82 83.94 99.71 87.58 91.32 140.13 92.79 83.00 123.73 271.53 0.00 83.80 93.82 95.57 112.85 90.40 380.28 98.33 97.14 93.35 98.01 101.43 376.09 91.77 81.96 184.80 91.02 84.93 148.32 330.20 85.75 200.73 0.00 300.15 263.18 154.33 85.32 151.28 90.76 189.88 89.24 125.24 379.37
140.56 89.61 0.00 95.34 92.79 279.00 87.29 360.65 91.25 94.72 90.35 84.75 84.75 413.15 92.19 83.80 132.01 0.00 353.83 122.79 82.67 90.49 82.02 84.40 209.20 354.22 92.79 91.24 147.27 130.42 380.80 87.58 378.25 256.54 96.37 379.32 378.73 339.02 227.18 210.89 0.00 389.01 384.57 383.68 366.41 370.70 121.66 376.27 381.14 381.81 375.44 375.56 99.80 103.91 110.36 97.57 306.48 131.65 82.75 178.84 93.82
375.82 378.35 250.90 150.39 377.09 160.40 376.28 376.64 380.25 303.00 97.97 374.83 192.97 237.33 380.09 377.59 207.33 145.61 83.00-9999.00-9999.00-9999.00-9999.00-9999.00-9999.00-9999.00-9999.00-9999.00-9999.00-9999.00-9999.00-9999.00 -9999.00-9999.00-9999.00-9999.00-9999.00-9999.00-9999.00-9999.00-9999.00 91.89 92.41 364.75 83.21 380.55 377.80 85.77 381.36 80.98 155.96 84.82 0.00 380.41 0.00 307.90 138.29 83.85 98.94 145.19 187.17 0.00 180.53 82.46 91.63 214.93 384.96 202.00 152.31 83.51 81.12 0.00 377.23 194.44 122.72 88.58 82.36 380.64 380.50 93.31 81.12 382.84
86.59 89.05 89.92 110.14 105.85 93.11 0.00 132.53 88.58 97.52 149.60 87.86 81.84 145.03 187.64 343.33 0.00 90.22 82.46 141.38 0.00 81.44 89.24 81.32 89.92 97.00 86.21 94.98 81.19 82.35 156.92 90.27 83.10 92.18 94.92 97.14 0.00 0.00 0.00 315.72 95.92 89.39 376.16 375.96 156.21 368.38 377.36 95.33 93.50 144.70 379.65 188.29 82.02 86.47 228.93 377.97 369.87 93.77 84.09 376.19 95.80
386.59 171.57 92.79 85.32 225.51 376.99 93.21 376.40 0.00 0.00 239.94 377.36 96.89 122.78 85.03 92.63 143.12 139.67 83.54 98.01 91.24 374.00 92.41 376.90 88.88 84.93 380.95 137.59 94.52-9999.00-9999.00-9999.00-9999.00-9999.00-9999.00-9999.00-9999.00-9999.00-9999.00-9999.00-9999.00-9999.00-9999.00 -9999.00-9999.00-9999.00-9999.00-9999.00-9999.00-9999.00-9999.00-9999.00-9999.00-9999.00-9999.00-9999.00-9999.00-9999.00 99.51 96.05 369.11 112.18 101.55 97.70 344.24 377.18 379.70 0.00 133.95 81.77 81.15 119.94 369.93 90.46 83.68 121.26 202.32 0.00 150.27 90.68 89.17 81.26 190.79 0.00 251.03 81.36 93.49 81.53 0.00
250.23 93.32 90.55 123.34 84.57 312.54 104.46 100.72 102.25 101.74 83.54 384.52 89.61 377.04 287.15 84.93 89.61 84.93 365.08 310.56 129.55 83.94 126.46 379.15 97.11 383.91 376.21 152.11 163.06 87.58 96.83 90.31 81.94 83.67 205.55 392.23 90.40 83.20 81.96 171.80 0.00 0.00 388.99 91.71 89.69 105.39 380.46 169.84 121.93 82.25 82.60 122.42 82.67 376.28 141.15 85.32-9999.00-9999.00-9999.00-9999.00-9999.00-9999.00-9999.00-9999.00-9999.00-9999.00-9999.00-9999.00-9999.00-9999.00-9999.00-9999.00-9999.00-9999.00 -9999.00-9999.00-9999.00-9999.00-9999.00-9999.00-9999.00-9999.00-9999.00-9999.00-9999.00-9999.00-9999.00-9999.00-9999.00-9999.00-9999.00 91.66 92.18 104.42 131.04
377.72 110.60 95.84 0.00 0.00 0.00 114.50 345.90 99.31 181.11 86.53 379.77 377.09 376.85 84.21 129.07 100.40 81.29 342.95 379.30 101.74 225.60 394.89 90.82 98.83 376.95 89.61 92.19 0.00 100.59 381.96 348.86 347.11 146.68 84.75 91.77 92.19 183.52 91.49 265.97 376.61 356.20 133.33 83.20 98.99 183.33 83.10 82.17 141.91 86.22 0.00 91.71 197.54 278.79 111.15 383.22 84.75 91.49 102.09 384.91 379.41
87.20 136.44 377.20 88.58 379.53 379.42 0.00 380.97 95.30 375.45 376.56 91.15 391.54 0.00 88.96 87.20 94.98 160.20 375.92 99.71 391.40 384.46 392.81 385.89 380.41 125.73 90.59 92.53 88.20 382.43 84.93 370.75 82.67 89.90 95.80 265.06 85.75 83.80 141.05 349.98 377.37 122.30 94.98 90.65 83.00 130.69 0.00 0.00 375.33 288.46 358.61 249.85 138.81 82.47 90.17 134.08 94.16 81.97 123.18 98.33-9999.00-9999.00-9999.00-9999.00-9999.00-9999.00-9999.00-9999.00-9999.00-9999.00-9999.00-9999.00-9999.00-9999.00-9999.00-9999.00-9999.00-9999.00-9999.00-9999.00 -9999.00-9999.00-9999.00-9999.00-9999.00-9999.00-9999.00-9999.00-9999.00-9999.00-9999.00-9999.00-9999.00-9999.00-9999.00-9999.00-9999.00-9999.00-9999.00-9999.00
212.55 384.32 378.77 157.69 205.12 375.57 142.40 211.22 0.00 0.00 0.00 378.64 90.40 0.00 93.21 385.96 85.32 376.80 140.75 82.13 145.14 83.31 140.36 380.21 377.17 87.89 381.49 383.18 0.00 375.45 90.82 346.55 93.21 130.65 0.00 83.67 90.40 94.92 95.57 96.37 140.40 0.00 384.42 84.24 94.52 380.83 290.81 141.05 83.80-9999.00-9999.00-9999.00-9999.00-9999.00-9999.00-9999.00-9999.00-9999.00-9999.00-9999.00-9999.00-9999.00-9999.00-9999.00-9999.00-9999.00 -9999.00-9999.00-9999.00-9999.00-9999.00-9999.00-9999.00-9999.00-9999.00-9999.00-9999.00-9999.00-9999.00-9999.00-9999.00-9999.00-9999.00-9999.00-9999.00-9999.00-9999.00-9999.00-9999.00-9999.00-9999.00 99.28 82.08 220.87 374.27 87.52 439.54 134.72 86.03 83.07 139.18 98.20
91.25 83.54 123.04 375.67 146.85 83.80 82.13 141.74 377.14 0.00 375.94 148.06 93.65 94.92 91.77 91.24 98.33 0.00 127.44 83.54 92.66 377.00 252.00 83.54 84.75 225.97 375.27-9999.00-9999.00-9999.00-9999.00-9999.00-9999.00-9999.00-9999.00-9999.00-9999.00-9999.00-9999.00-9999.00-9999.00-9999.00-9999.00-9999.00-9999.00-9999.00 -9999.00-9999.00-9999.00-9999.00-9999.00-9999.00-9999.00-9999.00-9999.00-9999.00-9999.00-9999.00-9999.00-9999.00-9999.00-9999.00-9999.00-9999.00-9999.00-9999.00-9999.00-9999.00 96.01 96.05 191.38 378.66 101.94 83.85 101.94 92.17 92.62 134.80 84.02 0.00 0.00 0.00 325.27 0.00 171.89 125.40 110.09 145.35 97.20 99.28 172.49 99.51 208.61 98.55 282.35 103.18 98.55 89.78 87.20 398.09 377.71
381.23 378.23 373.06 315.63 100.29 373.61 134.95 83.31 92.19 0.00 83.94 94.34 146.23 95.34 138.39 93.98-9999.00-9999.00-9999.00-9999.00-9999.00-9999.00-9999.00-9999.00-9999.00-9999.00-9999.00-9999.00-9999.00-9999.00-9999.00-9999.00-9999.00-9999.00-9999.00-9999.00-9999.00-9999.00 -9999.00-9999.00-9999.00-9999.00-9999.00-9999.00-9999.00-9999.00-9999.00-9999.00-9999.00-9999.00-9999.00-9999.00-9999.00-9999.00-9999.00 86.03 196.84 91.15 84.40 97.86 90.68 82.94 203.84 149.51 152.61 383.58 0.00 0.00 140.28 81.64 82.57 376.07 84.82 144.45 374.03 377.63 0.00 371.39 106.70 372.54 375.81 125.40 381.86 181.55 97.70 103.26 362.66 379.22 369.38 151.26 93.94 88.96 87.86 122.66 110.60 132.59 376.83 0.00 383.80
389.42 0.00 81.98 88.20 159.18 95.57-9999.00-9999.00-9999.00-9999.00-9999.00-9999.00-9999.00-9999.00-9999.00-9999.00-9999.00-9999.00-9999.00-9999.00-9999.00-9999.00-9999.00-9999.00-9999.00-9999.00-9999.00-9999.00-9999.00-9999.00 -9999.00-9999.00-9999.00-9999.00-9999.00-9999.00-9999.00-9999.00-9999.00-9999.00-9999.00-9999.00-9999.00-9999.00-9999.00-9999.00-9999.00-9999.00-9999.00 93.68 96.05 98.59 383.70 207.85 101.35 98.91 85.52 85.52 147.44 375.55 88.58 388.59 82.17 84.02 86.30 126.25 380.39 0.00 0.00 282.56 377.86 399.67 374.31 375.49 274.24 376.76 230.90 131.72 379.90 376.94 362.84 382.62 91.15 101.94 86.30 90.22 102.28 375.21 375.73 376.58 376.71 160.61 162.59 0.00 376.92 375.05 375.97 373.31 197.62 375.85 378.32 389.46 197.62
323.64 410.79 109.41 216.62 162.59 378.00 375.68 269.96 329.34 385.32 0.00 0.00 391.06 378.75 329.52 383.99 383.95 0.00 323.02 383.58 219.43 393.23 282.56 157.74 375.45 229.08 111.77 156.21 98.91 83.68 84.21 93.39 90.52 146.66 83.12 380.31 0.00 112.85 383.78 381.27 382.11 82.83 90.40 91.09 84.09 83.00 123.86 379.53 374.41 82.04 140.36 149.14 179.75 83.42 157.00 95.34 89.61 366.65 131.04 92.41-9999.00-9999.00-9999.00-9999.00-9999.00-9999.00-9999.00-9999.00-9999.00-9999.00-9999.00-9999.00-9999.00-9999.00-9999.00-9999.00-9999.00-9999.00-9999.00-9999.00-9999.00-9999.00 -9999.00-9999.00-9999.00-9999.00-9999.00-9999.00-9999.00-9999.00-9999.00-9999.00-9999.00-9999.00-9999.00-9999.00-9999.00-9999.00-9999.00-9999.00-9999.00-9999.00-9999.00-9999.00-9999.00-9999.00-9999.00-9999.00-9999.00-9999.00-9999.00-9999.00-9999.00
375.47 375.73 244.29 375.17 244.29 0.00 327.45 375.49 376.22 0.00 276.65 114.94 278.75 125.88 138.46 178.91 376.89 133.92 90.53 373.32 370.56 114.94 86.85 96.03 95.20 107.08 137.29 110.01 136.63 154.16 380.16 376.26 376.63 174.15 297.93 287.44 376.15 376.15 376.15 0.00 0.00 0.00 331.46 376.75 319.76 0.00 369.46 275.03 377.50 360.06 198.96 231.85 375.74 153.97 375.89 382.24 375.20 95.88 376.01 381.38 111.92
380.35 385.69 87.80-9999.00-9999.00-9999.00-9999.00-9999.00-9999.00-9999.00-9999.00-9999.00-9999.00-9999.00-9999.00-9999.00-9999.00-9999.00-9999.00-9999.00-9999.00-9999.00-9999.00-9999.00-9999.00-9999.00 -9999.00-9999.00-9999.00-9999.00-9999.00-9999.00-9999.00-9999.00-9999.00-9999.00-9999.00-9999.00-9999.00-9999.00-9999.00-9999.00-9999.00-9999.00-9999.00-9999.00-9999.00-9999.00-9999.00-9999.00-9999.00-9999.00-9999.00-9999.00-9999.00-9999.00-9999.00-9999.00-9999.00-9999.00-9999.00-9999.00 159.66 377.53 375.26 376.25 377.94 376.19 376.25 378.38 378.45 378.91 297.93 297.93 0.00 0.00 319.77 375.02 388.01 375.96 301.25 301.25 375.06 378.50 301.27 376.48 301.27 0.00 362.58 99.87 100.02 93.50 100.27 107.36 111.60 88.69 203.19 229.35 130.41 90.12 388.93 90.12 120.48 123.98 93.40 107.67 376.52 133.78 109.72 0.00 386.99 294.46 376.18 92.34 384.29 189.75 0.00 377.17 376.87
375.21 236.65 0.00 382.65 375.23 246.37 375.37 375.33 330.02 174.15 371.60 314.22 375.50 146.31 99.12 93.24 94.19 92.24 83.40 91.92 111.41 106.90 92.35 376.64 95.88 380.69 90.95 97.95 109.27 95.35 84.26 136.11 105.18 378.52 87.12 83.73 86.11 380.68 83.40 127.82 107.68 375.68 117.30-9999.00-9999.00-9999.00-9999.00-9999.00-9999.00-9999.00-9999.00-9999.00-9999.00-9999.00-9999.00-9999.00-9999.00-9999.00-9999.00-9999.00-9999.00-9999.00-9999.00 -9999.00-9999.00-9999.00-9999.00-9999.00-9999.00-9999.00-9999.00-9999.00-9999.00-9999.00-9999.00-9999.00-9999.00-9999.00-9999.00-9999.00-9999.00-9999.00-9999.00-9999.00-9999.00-9999.00-9999.00-9999.00-9999.00-9999.00-9999.00-9999.00-9999.00-9999.00-9999.00-9999.00-9999.00-9999.00-9999.00-9999.00-9999.00-9999.00-9999.00-9999.00-9999.00-9999.00-9999.00-9999.00-9999.00-9999.00 375.62 297.94 0.00 375.28 275.03 375.44 319.77 384.68 0.00 375.07 297.94 375.54 354.22 275.03 375.06 375.04 381.36
297.94 297.93 0.00 297.94 0.00 0.00 297.93 375.13 377.98 375.43 375.25 261.55 324.82 206.34 376.50 375.58 202.73 154.16 214.09 196.49 113.95 399.69 370.63 354.27 97.99 90.95 0.00 90.53 99.65 86.35 104.15 143.65 382.31 90.95 218.59 226.32 95.20 376.14 390.57 387.36 213.38 97.39 97.39 103.10 104.15 383.93 87.32 362.99 413.39 375.70 155.01 96.15-9999.00-9999.00-9999.00-9999.00-9999.00-9999.00-9999.00-9999.00-9999.00-9999.00-9999.00-9999.00-9999.00-9999.00-9999.00-9999.00-9999.00-9999.00 -9999.00-9999.00-9999.00-9999.00-9999.00-9999.00-9999.00-9999.00-9999.00-9999.00-9999.00-9999.00-9999.00-9999.00-9999.00-9999.00-9999.00-9999.00-9999.00-9999.00-9999.00-9999.00-9999.00-9999.00-9999.00-9999.00-9999.00-9999.00-9999.00-9999.00-9999.00-9999.00-9999.00-9999.00-9999.00-9999.00-9999.00-9999.00-9999.00-9999.00-9999.00-9999.00-9999.00-9999.00-9999.00-9999.00-9999.00-9999.00-9999.00-9999.00-9999.00-9999.00-9999.00 375.59 0.00 297.93 376.00 231.80 377.69 280.26 319.77
