蒙特卡罗+CDRMV3/输出数据/2D水深分布/WaterDepthGIS_0161.ASC
ncols         539            
nrows         744            
xllcorner     602630.84259341
yllcorner     3914823.670891 
cellsize      50             
NODATA_value  -9999.00       
[rows 0 to 26 of 32, columns 366 to 426 of 539]
133.66 188.96 137.63 87.55-9999.00-9999.00-9999.00-9999.00-9999.00-9999.00-9999.00-9999.00-9999.00-9999.00-9999.00-9999.00-9999.00-9999.00-9999.00-9999.00-9999.00-9999.00-9999.00-9999.00-9999.00-9999.00-9999.00-9999.00-9999.00-9999.00-9999.00-9999.00-9999.00-9999.00-9999.00-9999.00-9999.00-9999.00-9999.00-9999.00-9999.00-9999.00-9999.00-9999.00-9999.00-9999.00-9999.00-9999.00-9999.00-9999.00-9999.00-9999.00-9999.00-9999.00-9999.00-9999.00-9999.00-9999.00-9999.00-9999.00-9999.00 94.80 81.94 90.12-9999.00-9999.00-9999.00-9999.00-9999.00-9999.00-9999.00-9999.00-9999.00-9999.00-9999.00-9999.00-9999.00-9999.00-9999.00-9999.00-9999.00-9999.00-9999.00-9999.00-9999.00-9999.00-9999.00-9999.00-9999.00-9999.00 73.24 369.99 86.48 376.95 113.19 80.73 73.04 80.96 73.51 113.69 134.84 376.26 376.89 381.10 384.81 383.79 78.08 0.00 117.42 82.01 376.77 138.32 76.52 73.58 291.80 76.52-9999.00-9999.00-9999.00-9999.00-9999.00-9999.00-9999.00-9999.00-9999.00-9999.00 -9999.00-9999.00-9999.00-9999.00-9999.00-9999.00-9999.00-9999.00-9999.00-9999.00-9999.00-9999.00-9999.00-9999.00 79.49 83.61 81.24 84.89 231.95 0.00 0.00 112.56 81.77-9999.00-9999.00-9999.00-9999.00-9999.00-9999.00-9999.00-9999.00-9999.00-9999.00-9999.00-9999.00-9999.00-9999.00-9999.00-9999.00-9999.00-9999.00-9999.00-9999.00-9999.00-9999.00-9999.00-9999.00-9999.00-9999.00-9999.00-9999.00-9999.00-9999.00-9999.00-9999.00-9999.00-9999.00-9999.00-9999.00-9999.00-9999.00-9999.00-9999.00-9999.00-9999.00-9999.00-9999.00-9999.00-9999.00-9999.00-9999.00-9999.00-9999.00-9999.00-9999.00-9999.00-9999.00-9999.00-9999.00-9999.00 92.45 378.41 76.99-9999.00-9999.00-9999.00-9999.00-9999.00-9999.00-9999.00-9999.00-9999.00-9999.00-9999.00-9999.00-9999.00-9999.00-9999.00-9999.00-9999.00-9999.00-9999.00-9999.00-9999.00-9999.00-9999.00-9999.00-9999.00-9999.00 82.32 187.18 83.35 376.85 218.18 72.96 280.36 74.36 86.71 73.14 112.81 376.51 373.62 383.76 78.71
274.37 150.12 81.09 85.02 78.71 78.71 122.46 0.00 82.96 84.07 0.00 378.53 264.46 367.82 157.02 87.68 119.66 87.70-9999.00-9999.00-9999.00 -9999.00-9999.00-9999.00-9999.00-9999.00-9999.00-9999.00-9999.00-9999.00-9999.00-9999.00-9999.00-9999.00-9999.00 72.23 125.18 291.72 74.26 74.64 0.00 129.73 72.31 84.89 82.53 91.00 99.37-9999.00-9999.00-9999.00-9999.00-9999.00-9999.00-9999.00-9999.00-9999.00-9999.00-9999.00-9999.00-9999.00-9999.00-9999.00-9999.00-9999.00-9999.00-9999.00-9999.00-9999.00-9999.00-9999.00-9999.00-9999.00-9999.00-9999.00-9999.00-9999.00-9999.00-9999.00-9999.00-9999.00-9999.00-9999.00-9999.00-9999.00 86.26 75.19 332.80 89.11 78.39 79.40 372.45-9999.00 83.35 112.94 120.34 76.10 323.32 300.45 0.00 88.67 263.46 82.96 375.75 81.02 76.99 79.40 376.36 75.53-9999.00-9999.00 80.42 80.96 74.03 298.71 264.80 124.41 111.41
88.51 89.43 107.10 325.02 383.23 382.15 272.18 124.94 77.79 78.08 124.54 173.35 75.53 143.10 380.81 0.00 81.94 134.26 90.12 73.19 181.79 73.24 74.36 380.42 75.19 365.90 112.37 86.04 73.19 110.42 375.84 375.94 73.51 82.68 92.70 72.77 244.15 377.83 73.84 73.93 388.56 383.04 0.00 0.00 0.00 120.76 73.58 142.69 72.71 72.89 73.24 82.21 76.52 73.00 73.43 72.96 80.28 74.61 73.30 0.00 138.83
74.89 205.14 378.67 79.78 178.03 74.14 207.99 72.96 114.73 77.51 160.03 334.12 350.34 74.36 81.09 79.40 0.00 0.00 94.89 95.32 84.07 86.39 96.85 87.44 230.54 87.96 76.75-9999.00-9999.00-9999.00-9999.00-9999.00-9999.00-9999.00-9999.00 -9999.00-9999.00-9999.00-9999.00-9999.00-9999.00-9999.00-9999.00-9999.00-9999.00-9999.00-9999.00 87.90 227.30 152.13 71.76 109.71 73.30 71.94 0.00 73.17 110.54 74.84 0.00 89.68 274.12 397.05 72.70 379.60 78.27 76.04 82.87 84.01 96.26 90.54 77.91 157.33 250.60 97.93 88.77 84.89 83.81 125.75 382.99 76.10
80.17 72.49 113.18 0.00 262.20 124.39 72.40 85.36 73.04 80.77 85.36 76.60 76.90 162.76 89.71 379.40 80.17 346.74 83.42 72.92 379.16 157.61 76.60 86.12 87.11 268.60 76.04 328.04 0.00 322.75 79.05 178.10 98.16 100.88 73.43 370.09 375.58 88.23 73.00 125.74 0.00 73.37 83.20 122.00 0.00 118.70 241.47 77.51 73.84 376.60 84.66 75.04 127.39 84.12 80.23 376.54 0.00 73.04 84.29 121.44 110.54
79.77 80.36 284.98 121.87 80.40 71.57 348.06 380.05 72.23 378.98 74.26 71.54 0.00 120.35 348.82 377.68 74.84 71.76 79.37 82.21 71.87 0.00 137.15 73.17 222.52 74.26 74.03 375.94 92.22 75.36 114.54 379.00 385.74 0.00 76.99 82.44 80.14 74.75 0.00 110.55 82.44 74.49 377.90 76.52 73.84 111.10 379.51 379.86 74.75 0.00 87.70 81.30 76.75 124.47 74.89 0.00 131.22 124.05 73.93 73.24 82.21
339.72 84.44 376.33 241.89 141.90 72.80 111.08 80.66 71.57 107.97 0.00 152.87 78.66 82.87 85.36 116.33 83.05 377.05 89.28 81.77 0.00 141.30 71.44 82.06 96.79 90.54 282.45 91.00 84.30 73.58 168.09 375.58 74.89 75.71 126.83 72.81 0.00 141.13 73.09 80.03 111.50 206.89 376.95 120.21 75.19 74.14 121.97 80.68 84.83 0.00 85.61 81.54 87.19 113.41 0.00 85.27 380.59 375.21 330.03 112.69 73.93
80.66 72.07 378.18 81.24 115.68 0.00 71.87 71.32 72.23 182.53 380.53 74.26 125.71 80.00 75.29 0.00 78.27 382.86 71.81 74.08 71.81 79.49 86.67 77.56 83.61 71.76 112.56 365.75 170.68 82.21 130.26 77.25 114.13 0.00 72.76 291.13 249.40 73.58 84.47 88.81 80.63 130.16 74.61 117.84 134.25 0.00 73.04 92.45 0.00 72.81 80.78 73.51 73.93 195.81 73.30 78.39 344.50 74.36 112.72 321.54 358.88
200.23 73.59 83.61 72.15 136.07 203.10 310.59 376.91 377.38 377.75 377.34 0.00 142.54 75.53 169.49 86.26 81.02 382.08 79.78 72.79 110.52 272.03 377.39 326.32 0.00 333.27 114.31 76.75 86.04 299.24 375.86 85.27 81.02 133.54 219.61 382.15 143.21 384.20 73.75 75.71 73.04 0.00 367.25 362.08 114.94 73.09 72.93 196.37 375.95 82.01 74.03 375.68 0.00 135.94 110.69 79.05 80.46 73.24 0.00 117.86 74.25
97.27 88.51 207.02 168.50 149.91 73.75 84.83 78.39 98.20 211.31 80.90 74.36 73.00 376.99 82.96 0.00 376.30 79.05 80.17 378.34 0.00 339.39 87.96 81.38 82.93 115.67 80.23 78.39 126.97 127.53 74.25 361.46 75.19 118.70 309.26 132.95 85.90 0.00 0.00 76.31 222.49 85.21 80.31 75.04 0.00 0.00 380.05 180.30 379.52 375.45 356.04 301.15 244.00 121.37 74.36 377.49 73.75 86.71 74.03 378.48 76.52
118.66 82.80 83.35 86.48 83.07 84.12 78.39 86.55 78.39 125.07 357.49 201.83 232.32 0.00 0.00 103.99 376.91 334.07 380.88 379.05 239.99 0.00 91.34 0.00 81.02 77.79 123.62 111.99 82.44 174.05 355.40 140.48 125.65 85.90-9999.00-9999.00-9999.00-9999.00-9999.00-9999.00-9999.00-9999.00-9999.00 -9999.00-9999.00-9999.00-9999.00-9999.00-9999.00-9999.00-9999.00-9999.00-9999.00 71.94 232.76 0.00 72.49 78.86 76.04 79.21 73.30 0.00 110.54 82.21 73.30 121.71 80.36 73.44 0.00 71.62 283.17 116.37 76.90 77.22 382.09 124.35 76.90 86.39 221.85
100.01-9999.00-9999.00-9999.00-9999.00-9999.00-9999.00-9999.00-9999.00-9999.00-9999.00 -9999.00-9999.00-9999.00-9999.00-9999.00-9999.00-9999.00-9999.00-9999.00 72.80 109.92 396.43 0.00 73.30 73.44 0.00 76.04 81.11 74.26 116.68 114.12 71.71 109.53 359.90 0.00 177.23 83.06 84.22 72.92 210.25 384.55 72.31 76.60 83.23 141.88 380.66 75.06 72.59 108.29 373.52 0.00 148.83 134.40 75.29 72.31 375.78 72.92 72.49 381.40 72.59 377.87 71.35 118.75 71.35 0.00 125.17 71.30 83.81 84.89 79.56 80.40 211.23 287.57 84.01 77.79 140.81 375.41 0.00
348.37 72.07 71.52 108.13 0.00 88.90 133.94 131.04 88.90 125.56 79.62 71.47 385.77 0.00 0.00 376.42 136.77 75.19 354.85 240.82 84.62 74.61 143.02 147.89 342.02 0.00 75.90 73.66 384.40 224.67 375.63 334.53 168.52 377.10 74.89 82.44 81.94 0.00 0.00 0.00 0.00 0.00 0.00 0.00 90.35 244.18 77.79 382.62 175.39 88.23 81.47 378.96 378.40 0.00 81.47 266.06 377.63 377.07 390.41 300.79 376.77
123.74 356.28 381.43 75.90 75.36 76.31 112.17 329.40 384.15 0.00 200.78 375.83 128.85 377.69 234.39 375.63 374.26 165.35 80.64 121.89 172.08 112.51 0.00 79.40 305.59 140.01 76.10 377.93 140.98 76.75-9999.00-9999.00-9999.00-9999.00-9999.00-9999.00-9999.00-9999.00-9999.00-9999.00-9999.00-9999.00-9999.00-9999.00 -9999.00-9999.00-9999.00-9999.00-9999.00-9999.00-9999.00-9999.00-9999.00-9999.00-9999.00 87.87 82.48 86.95 79.06 377.28 77.56 376.41 76.60 78.51 80.09 177.70 379.48 0.00 0.00 0.00 76.31 72.70 118.44 0.00 0.00 0.00 75.06 0.00 85.64 122.34 275.81 79.92 71.35 265.71 0.00
89.68 151.45 76.60 377.34 73.04 81.24 71.37 120.12 238.66 112.29 76.90 0.00 319.25 71.39 86.95 86.65 82.21 84.89 78.27 376.60 71.44 144.22 376.07 162.37 0.00 0.00 0.00 377.81 302.16 379.12 87.93 372.18 384.03 383.09 135.09 84.07 88.81 77.79 82.93 75.53 77.25 377.28 75.53 72.74 73.51 132.11 367.15 87.93 78.39 76.75 138.79 91.34 84.07 130.04 190.04 378.37 123.57 86.26 100.88 84.47 83.35
377.49 378.52 378.75 78.66 0.00 73.17 173.48 71.47 72.59 133.31 365.19 72.70 144.50 188.71 130.70 113.72 74.08 0.00 139.85 73.30 75.53 0.00 0.00 72.70 81.11 338.43 73.59 91.00 81.63 76.04 82.37 79.49 80.77 72.49 377.00 0.00 390.66 279.69 73.17 77.91 167.28 82.37 83.67 199.07 414.06 0.00 79.06 374.02 116.47 129.79 83.05 376.90 72.07 72.40 89.11 82.68 78.71 78.39 88.23 79.05 75.04
376.05 376.68 358.02 177.61 113.72-9999.00-9999.00-9999.00-9999.00-9999.00-9999.00-9999.00-9999.00-9999.00-9999.00-9999.00-9999.00-9999.00-9999.00-9999.00-9999.00-9999.00-9999.00-9999.00-9999.00 -9999.00-9999.00-9999.00-9999.00-9999.00-9999.00-9999.00-9999.00-9999.00-9999.00-9999.00-9999.00-9999.00-9999.00-9999.00-9999.00-9999.00-9999.00-9999.00 95.59 81.39 90.54 80.88 128.98 76.90 384.44 306.07 378.07 75.78 71.62 204.98 331.34 378.45 110.44 112.99 78.63 132.84 380.30 0.00 370.59 111.53 167.69 77.91 71.94 72.59 381.76 405.27 233.34 83.67 81.63 82.48 81.11 142.27 80.66 85.12 79.69 71.66 213.55 95.59 0.00 87.11 0.00 259.02 89.71 375.97 212.73 104.50 126.18 375.11 379.64 82.48 83.61 85.61 85.86
85.36 78.66 305.14 97.93 377.14 74.84 391.10 371.40 359.26 381.37 72.80 72.00 78.50 78.52 118.35 127.78 0.00 132.26 122.90 88.54 76.31 89.71 0.00 79.93 71.50 87.87 76.31 360.81 257.91 294.45 79.06 379.62 112.63 119.72 365.58 288.22 306.70 376.79 127.05 0.00 380.75 378.86 175.10 134.91 73.44 72.23 230.31 74.44 84.44 77.56 379.25 150.42 0.00 90.76 377.09 128.06 87.11 0.00 119.09 79.49 84.96
150.37 378.22 375.75 83.67 0.00 79.06 75.06 181.48 84.30 378.72 375.49 81.39 188.59 153.00 93.14 90.76 93.14 151.10 116.45 172.42 116.45 305.36 96.47 81.24 158.61 84.88 164.01 196.96 90.54 73.91 77.56 74.64 86.36 392.54 261.13 376.60 378.98 75.06 383.60 82.48 0.00 383.58 239.41 385.60 185.95 169.30 223.40 381.46 146.00 0.00 0.00 375.91 101.16 81.47 77.25 375.60 82.96 86.04 73.58 379.70 75.36
89.71 93.14 0.00 168.72 101.26 379.55 368.05 376.98 390.09 381.23 86.36 89.68 93.59 97.93 81.39 377.16 91.49 84.89 77.56 88.77 376.25 0.00 216.94 377.94 83.67 263.65 246.35 375.20 359.53 376.17 220.98 82.36 107.09 160.71 334.52 91.75 75.90 115.72 298.82 76.75 75.53 376.63 292.83 112.50 83.51 81.46 75.04 74.25 357.76 379.59 73.66 118.64 377.47 0.00 376.65 153.71 119.83 86.95 81.23 82.68 81.47
210.74 93.57 80.71 86.95 79.93 83.67 379.64 336.67 83.67 89.28 73.30 119.64 346.54 378.31 379.85 0.00 268.49 298.11 376.47 212.69 321.48 390.87 356.48 376.78 135.74 116.45 360.56 0.00 183.95 88.77 281.48 76.10 317.76 74.36 79.78 86.48 74.49 126.20 294.17 380.65 75.53 379.58 74.61 0.00 377.34 114.73 383.16 73.84 141.26 145.07 307.92 73.75 343.59 73.84 93.73 0.00 326.35 113.21 76.31 91.31 86.26
353.40 197.26 381.41 252.72 0.00 239.41 197.26 193.56 375.79 0.00 323.39 373.06 0.00 135.74 104.50 95.89 377.22 198.62 101.46 266.80 377.51 74.49 75.04 375.82 79.40 375.69 77.79 354.28 0.00 79.78 91.31 84.62 72.86 80.24 83.87 153.31 81.38 75.90 257.34 123.23 75.19 86.95 117.80 382.27 130.70 73.75 84.64 84.29-9999.00-9999.00-9999.00-9999.00-9999.00-9999.00-9999.00-9999.00-9999.00-9999.00-9999.00-9999.00-9999.00-9999.00-9999.00-9999.00-9999.00-9999.00-9999.00-9999.00-9999.00-9999.00-9999.00-9999.00 -9999.00-9999.00-9999.00-9999.00-9999.00-9999.00-9999.00-9999.00-9999.00-9999.00-9999.00-9999.00-9999.00-9999.00-9999.00-9999.00-9999.00-9999.00-9999.00-9999.00-9999.00 84.66 80.88 77.91 90.76 145.34 376.68 375.35 381.07 386.11 381.98 410.38 95.74
81.24 73.17 75.78 77.56 331.17 336.22 377.48 377.56 378.17 339.73 334.70 0.00 374.61 376.11 378.44 348.56 114.36 101.01 0.00 376.18 377.27 154.33 162.31 150.53 95.31 85.39 76.04 78.27 84.63 350.55 258.95 376.18 375.72 378.09 141.27 205.23 307.88 246.35 376.01 373.61 307.45 338.07 0.00 327.13 0.00 379.81 327.13 377.76 380.86 0.00 375.83 283.36 323.39 377.29 375.40 376.20 289.31 81.61 257.88 87.74 74.15
325.43 131.34 123.88 71.73 70.94 78.29 81.09 78.98 71.81 79.72 74.77 115.71 129.95 228.58 143.12 136.45 326.30 76.99 88.81 375.35 92.18 380.40 107.10 82.96-9999.00-9999.00-9999.00-9999.00-9999.00-9999.00-9999.00-9999.00-9999.00-9999.00-9999.00-9999.00-9999.00-9999.00-9999.00-9999.00-9999.00-9999.00-9999.00-9999.00-9999.00 -9999.00-9999.00-9999.00-9999.00-9999.00-9999.00-9999.00-9999.00-9999.00-9999.00-9999.00-9999.00-9999.00-9999.00-9999.00-9999.00-9999.00-9999.00-9999.00-9999.00-9999.00-9999.00-9999.00-9999.00-9999.00-9999.00-9999.00-9999.00-9999.00-9999.00-9999.00-9999.00-9999.00 87.35 209.47 377.44 168.72 382.34 380.69 376.27 376.57 375.59 201.94 375.28 294.51 0.00 323.80 0.00 375.00 363.07 86.48 83.33 100.96 89.56 84.09 85.19 95.75 119.70 83.33 381.38 370.35 140.53 82.82 337.29 83.44 375.33 333.88 82.48 111.41
375.89 381.08 376.05 378.43 73.60 75.76 378.92 381.16 398.17 379.11 70.99 79.81 96.57 88.79 72.07 79.65 386.54 83.44 185.18 76.94 378.20 226.09 413.03 85.47 0.00 0.00 383.25 88.65 146.36-9999.00-9999.00-9999.00-9999.00-9999.00-9999.00-9999.00-9999.00-9999.00-9999.00-9999.00-9999.00-9999.00-9999.00-9999.00-9999.00-9999.00-9999.00-9999.00-9999.00-9999.00-9999.00-9999.00 -9999.00-9999.00-9999.00-9999.00-9999.00-9999.00-9999.00-9999.00-9999.00-9999.00-9999.00-9999.00-9999.00-9999.00-9999.00-9999.00-9999.00-9999.00-9999.00-9999.00-9999.00-9999.00-9999.00-9999.00-9999.00-9999.00-9999.00-9999.00-9999.00-9999.00-9999.00-9999.00-9999.00-9999.00-9999.00-9999.00-9999.00 275.60 366.67 375.00 375.39 373.86 347.69 375.27 375.27 375.14 0.00 294.51 332.53 282.64 0.00 358.46 294.52 376.38 375.00 294.52 294.51 294.52 376.69 376.59 294.52 375.03 0.00 343.17 94.98 94.98 99.90 380.40
0.00 294.51 294.51 294.51 378.03 0.00 358.41 375.00 294.51 0.00 0.00 0.00 0.00 375.00 294.51 375.00 294.51 319.45 0.00 0.00 375.77 377.97 169.44 375.51 265.83 375.32 362.19 124.00 375.20 317.69 140.38 376.16 148.37 73.44 146.60 71.09 137.33 124.34 80.49 92.46 217.49 359.11 376.12 95.97 374.78 154.62 89.61 79.21 354.11 376.73 80.61 383.04 75.24 156.03 71.81 372.86 77.28 376.03 84.76 377.09 79.61
297.82 0.00 375.00 0.00 375.38 294.51 0.00 294.51 375.52 375.18 294.52 294.51 375.94 375.00 328.74 375.00 0.00 0.00 294.52 294.52 0.00 377.70 375.55 222.37 375.41 291.65 116.21 139.12 375.34 95.75 375.13 375.23 377.03 76.62 74.77 378.22 269.95 131.88 74.35 0.00 78.78 132.11 79.21 148.32 74.77 72.72 411.61 91.85 378.41 78.78 84.76 0.00 384.90 139.77 79.21 91.41 80.61 153.73 95.37 76.03 0.00
