蒙特卡罗+CDRMV3/输出数据/2D水深分布/WaterDepthGIS_0167.ASC
ncols         539            
nrows         744            
xllcorner     602630.84259341
yllcorner     3914823.670891 
cellsize      50             
NODATA_value  -9999.00       
[rows 0 to 26 of 32, columns 305 to 365 of 539]
85.00 76.52 78.82 78.01 71.14 126.32 71.45 70.68 125.52 75.63 0.00 74.20 78.25 170.55 116.43 194.25 162.42 71.97-9999.00-9999.00-9999.00-9999.00-9999.00-9999.00-9999.00-9999.00-9999.00-9999.00-9999.00-9999.00 -9999.00-9999.00-9999.00-9999.00-9999.00-9999.00-9999.00-9999.00-9999.00-9999.00-9999.00-9999.00 83.37 71.08 246.32 82.04 134.27 0.00 74.71 356.82 85.93 146.32 96.94-9999.00-9999.00-9999.00-9999.00-9999.00-9999.00-9999.00-9999.00-9999.00-9999.00-9999.00-9999.00-9999.00-9999.00-9999.00-9999.00-9999.00-9999.00-9999.00-9999.00-9999.00-9999.00-9999.00-9999.00-9999.00-9999.00-9999.00-9999.00-9999.00-9999.00-9999.00-9999.00-9999.00-9999.00-9999.00-9999.00-9999.00-9999.00-9999.00-9999.00-9999.00-9999.00-9999.00-9999.00-9999.00-9999.00-9999.00-9999.00-9999.00-9999.00-9999.00-9999.00-9999.00-9999.00-9999.00-9999.00-9999.00-9999.00-9999.00-9999.00-9999.00-9999.00-9999.00-9999.00-9999.00-9999.00-9999.00-9999.00-9999.00-9999.00-9999.00-9999.00-9999.00-9999.00-9999.00-9999.00-9999.00-9999.00-9999.00-9999.00-9999.00-9999.00-9999.00-9999.00-9999.00-9999.00-9999.00 120.32 276.47 154.20 139.11 79.93 78.33 379.98 128.95 213.42 375.55 219.27 121.06 72.82 81.22 72.82 0.00 377.04 157.42 81.06 144.85 377.85 71.04 78.29 73.62-9999.00-9999.00-9999.00-9999.00-9999.00-9999.00-9999.00-9999.00-9999.00-9999.00-9999.00 -9999.00-9999.00-9999.00-9999.00-9999.00-9999.00-9999.00-9999.00-9999.00-9999.00-9999.00-9999.00-9999.00 86.97 112.56 79.64 126.51 118.72 0.00
345.28 323.13 0.00 108.28 169.86 69.64 83.88-9999.00-9999.00-9999.00-9999.00-9999.00-9999.00-9999.00-9999.00-9999.00-9999.00-9999.00-9999.00-9999.00-9999.00-9999.00-9999.00-9999.00-9999.00-9999.00-9999.00-9999.00-9999.00-9999.00-9999.00-9999.00-9999.00-9999.00-9999.00-9999.00-9999.00-9999.00-9999.00-9999.00-9999.00-9999.00-9999.00-9999.00-9999.00-9999.00-9999.00 97.19 379.51 80.16 265.70 98.55-9999.00-9999.00 77.93 74.63 81.51 74.86 74.00 375.63 420.59 75.36 91.28 71.97 178.85 74.86 82.19 72.82 81.06-9999.00-9999.00-9999.00 72.82 156.44 71.19 135.32 71.69 74.41 70.78 382.14 79.67 0.00 0.00 0.00 75.36 71.61 372.23 376.59 142.61 72.30 72.19 85.75 365.39 379.44 128.76 122.16 71.04 71.14 76.21 0.00 74.41 79.63 149.61 74.20 376.28 159.99
135.53 71.04 70.68 78.82 73.62 0.00 118.25 71.14 71.31 378.30 0.00 83.01 90.02 0.00 365.70 83.01 87.50 93.53 77.93 142.24 74.41 78.76 153.16-9999.00-9999.00-9999.00-9999.00-9999.00-9999.00 -9999.00-9999.00-9999.00-9999.00-9999.00-9999.00-9999.00-9999.00-9999.00-9999.00-9999.00 70.62 121.72 80.10 70.52 378.67 378.27 0.00 261.42 108.09 139.74 70.24 77.18 74.14 380.11 119.60 377.41 72.14 378.03 87.35 73.87 168.69-9999.00-9999.00-9999.00-9999.00-9999.00-9999.00-9999.00 81.75 74.63 86.02 76.21 85.75 74.41 77.19-9999.00-9999.00-9999.00-9999.00-9999.00-9999.00 75.63 168.62 92.38 83.79 300.35 363.65 81.22 82.01 185.42
78.76 376.37 73.80 114.75 377.02 81.22 385.30 110.85 81.06 351.47 72.68 143.11 377.13 75.63 0.00 74.86 80.39 95.17 383.96 85.48 79.73 128.21 82.95 377.65 80.27 76.52 0.00 146.21 71.25 88.98 123.78 297.39 71.97 0.00 85.75 81.84 171.33 70.67 86.88 78.89 71.31 367.31 245.02 73.28 219.06 71.25 73.44 73.12 85.48 148.23 73.44 206.94 71.78 113.28 124.48 80.52 72.55 112.29 195.45 85.00 0.00
198.65 71.88 80.15 336.32 279.35 70.87 72.68 71.61 375.97 77.93 73.62 78.89 70.66 381.18 88.55 71.04 354.96 203.84 386.50 81.79 89.36 399.11 71.45 81.67 378.52 72.55 298.48 72.19 71.53 379.01 77.55 79.35 80.52 70.65 138.43 222.66 376.03 376.24 77.93 387.68 380.71 0.00 77.55 86.29 354.07 72.96 135.64 207.11 378.51 306.19 117.51-9999.00-9999.00-9999.00-9999.00-9999.00-9999.00-9999.00-9999.00-9999.00-9999.00 -9999.00-9999.00-9999.00-9999.00-9999.00-9999.00-9999.00-9999.00 375.52 88.61 71.80 84.15 375.50 376.70 73.62 77.67 90.09
370.27 0.00 109.30 79.20 72.96 382.09 90.02 240.06 159.82 79.53 113.52 86.29 187.86 80.92 79.53 78.89 70.87 133.24 165.40 379.49 379.10 380.07 379.47 0.00 0.00 0.00 0.00 91.20 355.27 104.25 0.00 88.05 263.54 79.67 88.94 103.18 331.86 78.33 354.90 76.52-9999.00-9999.00-9999.00-9999.00-9999.00-9999.00-9999.00-9999.00-9999.00 -9999.00-9999.00 79.22 73.38 76.82 87.35 253.70 361.39 71.97 78.73 77.67 379.30 108.24 76.05 120.39 298.96 77.12 76.59 69.41 111.68 0.00 74.14
111.96 70.74 207.05 0.00 347.01 181.76 133.16 71.45 76.85 377.57 71.38 78.48 70.69 148.47 209.91 80.64 79.03 126.55 79.03 124.86 72.42 116.29 70.99 127.24 70.72 128.67 0.00 100.70 140.85 379.10 375.15 352.55 100.14 354.65 97.19 378.01 72.08 91.92 71.61 83.78 378.93 394.49 72.55 89.36-9999.00-9999.00-9999.00-9999.00-9999.00-9999.00 -9999.00-9999.00-9999.00-9999.00-9999.00 82.04 140.73 221.79 386.45 377.76 71.64 127.90 375.82 249.14 78.97 74.14 76.05 379.21 70.73 0.00 70.42
72.19 0.00 114.70 153.17 71.04 80.15 70.81 379.67 112.41 73.44 122.88 70.81 107.83 384.12 90.02 174.81 71.53 79.03 71.69 108.43 377.13 74.63 0.00 0.00 219.12 81.79 377.66 376.46 217.93 108.85 89.58 109.00 95.11 93.64 91.28 82.62 378.24 377.61 317.11 150.98 76.21-9999.00-9999.00-9999.00-9999.00-9999.00-9999.00-9999.00 -9999.00-9999.00-9999.00-9999.00-9999.00-9999.00-9999.00 76.42 117.74 141.51 0.00 110.93 76.63 69.23 139.35 69.27 291.55 0.00 131.86 349.73 170.62 142.97 71.97 175.71 368.46 82.04
129.77 77.55 70.68 128.56 297.13 80.16 0.00 92.48 378.50 378.57 376.30 295.27 152.47 182.43 82.27 344.57 84.72 81.84 71.19 146.59 199.69 75.91-9999.00-9999.00-9999.00-9999.00-9999.00-9999.00-9999.00-9999.00-9999.00 -9999.00-9999.00-9999.00-9999.00-9999.00-9999.00-9999.00-9999.00-9999.00 70.73 133.89 0.00 83.37 76.74 72.14 0.00 108.77 69.27 78.97 78.84 71.64 70.52 392.80 123.98 83.40 70.08 105.48 369.58 115.29 70.73 0.00 109.52 70.42 362.74 144.37 69.87 124.38 70.52 116.66 106.90 0.00 0.00 152.22 69.93 380.34 406.47 385.96
0.00 80.80 317.05 373.27 70.42 71.49 310.39 380.33 111.46 76.42 72.93 120.28 220.41 113.42 0.00 245.69 193.35 69.23 69.55 122.42 73.87 78.84 296.57 109.80 86.48 81.41 80.96 88.17 74.14 168.19 138.53 376.23 80.80 94.61 83.40 91.19 88.17 80.96 72.32 178.73 203.27 376.14 295.27 69.55 0.00 380.35 382.29 380.30 70.65 84.97 79.27 84.97 70.74 123.24 374.76 73.80 0.00 141.53 72.08 72.82 80.15
113.54 382.03 71.64 81.15 122.65 74.71 194.96 377.04 83.88 122.63 72.52 251.24 121.16 69.31 121.76 86.48 0.00 169.17 111.89 72.42 87.22 75.63 79.27 121.79 80.78 71.61 109.07 193.45 0.00 72.30 81.84 83.57 97.13 78.33 378.88 86.02 85.00 81.36 85.75 88.98 375.68 79.73 70.69 155.35 78.96 73.28 128.80 252.97 74.00 179.82 0.00 312.50 174.56 138.72 73.62 130.19 78.70 142.92 77.19 111.09 377.58
122.03 77.55 0.00 83.36 80.78 223.48 75.36 312.98 79.20 82.75 78.29 73.12 73.12 409.00 80.16 72.30 115.43 0.00 321.77 108.17 71.31 78.43 70.74 72.82 176.83 270.73 80.78 79.19 129.21 115.94 379.14 75.63 377.93 202.13 84.32 378.98 378.62 310.94 207.11 187.43 0.00 385.97 382.59 381.81 354.82 362.18 102.13 375.81 378.94 379.68 375.24 375.37 83.66 86.67 91.20 82.00 223.73 116.85 71.38 148.49 81.84
375.72 377.81 200.10 117.14 376.10 122.48 376.06 370.00 378.87 253.81 85.71 336.69 146.75 184.64 378.43 375.96 147.54 129.05 71.61-9999.00-9999.00-9999.00-9999.00-9999.00-9999.00-9999.00-9999.00-9999.00-9999.00-9999.00-9999.00-9999.00 -9999.00-9999.00-9999.00-9999.00-9999.00-9999.00-9999.00-9999.00-9999.00 79.36 75.72 286.65 71.08 380.15 376.45 73.38 378.72 69.37 124.32 72.52 0.00 378.13 0.00 245.45 119.31 71.64 81.93 123.56 157.79 0.00 159.24 70.42 79.09 160.17 382.12 131.26 137.04 71.35 69.22 0.00 375.69 155.62 108.24 76.05 70.33 379.24 376.62 80.78 69.23 380.77
74.14 76.50 77.37 90.79 87.58 76.42 0.00 116.01 76.05 84.71 131.99 75.35 69.87 124.78 160.73 240.30 0.00 77.67 70.42 121.70 0.00 69.51 76.70 69.41 77.37 77.77 74.14 82.41 69.29 71.04 130.52 78.21 71.69 80.15 82.95 85.00 0.00 0.00 0.00 272.03 79.99 77.68 375.90 375.87 125.69 346.33 376.58 83.59 81.51 114.78 378.01 157.99 70.74 74.63 176.33 376.70 337.29 81.79 72.55 371.15 83.79
383.12 134.45 80.78 73.62 190.79 369.07 81.22 375.44 0.00 0.00 223.93 375.13 80.91 98.70 73.53 80.99 125.22 120.31 72.08 85.75 79.19 328.16 80.39 375.84 76.85 73.28 379.14 116.81 82.55-9999.00-9999.00-9999.00-9999.00-9999.00-9999.00-9999.00-9999.00-9999.00-9999.00-9999.00-9999.00-9999.00-9999.00 -9999.00-9999.00-9999.00-9999.00-9999.00-9999.00-9999.00-9999.00-9999.00-9999.00-9999.00-9999.00-9999.00-9999.00-9999.00 86.48 83.40 354.71 96.29 88.61 84.86 256.18 376.22 378.85 0.00 107.49 69.81 69.25 105.98 333.38 77.91 71.49 106.39 167.96 0.00 121.66 78.13 76.63 69.35 147.44 0.00 170.11 69.44 80.96 69.60 0.00
171.57 80.80 78.00 108.89 72.96 270.63 92.96 88.18 90.02 89.36 72.08 381.67 77.55 376.95 260.02 73.28 77.55 73.28 342.86 228.13 115.08 72.42 112.42 376.38 84.97 382.44 331.31 125.02 139.60 75.63 84.72 78.25 70.67 72.19 142.34 387.73 78.33 71.78 70.69 148.60 0.00 0.00 386.01 79.67 77.98 88.92 378.87 144.33 107.35 70.95 71.25 109.48 71.31 348.65 122.64 73.62-9999.00-9999.00-9999.00-9999.00-9999.00-9999.00-9999.00-9999.00-9999.00-9999.00-9999.00-9999.00-9999.00-9999.00-9999.00-9999.00-9999.00-9999.00 -9999.00-9999.00-9999.00-9999.00-9999.00-9999.00-9999.00-9999.00-9999.00-9999.00-9999.00-9999.00-9999.00-9999.00-9999.00-9999.00-9999.00 79.12 79.65 92.03 109.76
377.50 95.71 77.92 0.00 0.00 0.00 94.20 298.32 86.72 153.36 74.45 378.71 375.50 373.27 71.97 112.93 87.35 69.38 284.63 378.78 89.36 165.40 389.45 78.76 86.44 376.15 77.55 80.16 0.00 88.05 380.92 306.89 266.37 131.84 73.12 79.73 80.16 154.35 79.44 215.80 375.53 317.71 116.44 71.78 86.58 141.29 71.69 70.87 121.56 74.41 0.00 79.67 155.16 282.36 96.63 381.80 73.12 79.44 89.80 383.64 378.37
74.71 118.93 376.29 76.05 377.84 377.71 0.00 378.82 82.71 355.28 375.59 78.62 388.32 0.00 76.42 74.71 83.01 128.75 361.16 87.22 387.95 382.55 389.57 383.98 379.35 112.18 78.53 80.52 76.21 380.77 73.28 346.05 71.31 77.84 83.79 242.10 74.00 72.30 121.53 280.20 376.56 100.19 83.01 78.58 71.61 104.25 0.00 0.00 361.25 347.60 310.87 226.25 119.53 71.14 78.10 118.80 82.19 70.70 109.01 86.02-9999.00-9999.00-9999.00-9999.00-9999.00-9999.00-9999.00-9999.00-9999.00-9999.00-9999.00-9999.00-9999.00-9999.00-9999.00-9999.00-9999.00-9999.00-9999.00-9999.00 -9999.00-9999.00-9999.00-9999.00-9999.00-9999.00-9999.00-9999.00-9999.00-9999.00-9999.00-9999.00-9999.00-9999.00-9999.00-9999.00-9999.00-9999.00-9999.00-9999.00
193.21 382.08 377.37 121.47 159.49 375.45 118.83 187.83 0.00 0.00 0.00 377.78 78.33 0.00 81.22 383.72 73.62 364.61 120.72 70.84 114.54 71.88 120.76 378.43 373.55 75.91 379.72 381.29 0.00 365.20 78.76 306.52 81.22 110.04 0.00 72.19 78.33 82.95 83.57 84.32 120.75 0.00 382.78 72.68 82.55 379.23 202.94 121.53 72.30-9999.00-9999.00-9999.00-9999.00-9999.00-9999.00-9999.00-9999.00-9999.00-9999.00-9999.00-9999.00-9999.00-9999.00-9999.00-9999.00-9999.00 -9999.00-9999.00-9999.00-9999.00-9999.00-9999.00-9999.00-9999.00-9999.00-9999.00-9999.00-9999.00-9999.00-9999.00-9999.00-9999.00-9999.00-9999.00-9999.00-9999.00-9999.00-9999.00-9999.00-9999.00-9999.00 86.27 70.08 169.16 331.73 75.02 418.27 117.07 73.62 70.96 127.23 85.30
79.20 72.08 108.48 359.49 132.35 72.30 70.84 121.42 376.58 0.00 363.20 121.24 77.97 82.95 79.73 79.19 86.02 0.00 112.32 72.08 80.64 372.44 167.85 72.08 73.12 155.73 347.36-9999.00-9999.00-9999.00-9999.00-9999.00-9999.00-9999.00-9999.00-9999.00-9999.00-9999.00-9999.00-9999.00-9999.00-9999.00-9999.00-9999.00-9999.00-9999.00 -9999.00-9999.00-9999.00-9999.00-9999.00-9999.00-9999.00-9999.00-9999.00-9999.00-9999.00-9999.00-9999.00-9999.00-9999.00-9999.00-9999.00-9999.00-9999.00-9999.00-9999.00-9999.00 83.37 83.40 143.69 376.76 89.08 71.64 89.08 79.64 80.10 118.46 71.80 0.00 0.00 0.00 293.68 0.00 145.02 101.98 87.61 119.30 84.43 86.27 145.72 86.48 156.80 85.61 215.04 90.63 85.61 77.24 74.71 392.40 375.73
381.06 378.09 333.44 277.71 84.73 358.38 117.24 71.88 80.16 0.00 72.42 82.37 119.87 83.36 113.57 82.01-9999.00-9999.00-9999.00-9999.00-9999.00-9999.00-9999.00-9999.00-9999.00-9999.00-9999.00-9999.00-9999.00-9999.00-9999.00-9999.00-9999.00-9999.00-9999.00-9999.00-9999.00-9999.00 -9999.00-9999.00-9999.00-9999.00-9999.00-9999.00-9999.00-9999.00-9999.00-9999.00-9999.00-9999.00-9999.00-9999.00-9999.00-9999.00-9999.00 73.62 161.17 78.61 72.14 85.00 78.13 70.84 165.45 118.12 127.73 381.44 0.00 0.00 120.88 69.69 70.52 365.91 72.52 128.37 370.31 377.00 0.00 355.28 93.80 349.45 375.80 101.98 380.10 139.39 84.86 90.72 338.98 378.54 349.11 122.65 81.41 76.42 75.35 95.38 95.71 106.51 375.84 0.00 382.00
383.87 0.00 70.70 76.21 131.53 83.57-9999.00-9999.00-9999.00-9999.00-9999.00-9999.00-9999.00-9999.00-9999.00-9999.00-9999.00-9999.00-9999.00-9999.00-9999.00-9999.00-9999.00-9999.00-9999.00-9999.00-9999.00-9999.00-9999.00-9999.00 -9999.00-9999.00-9999.00-9999.00-9999.00-9999.00-9999.00-9999.00-9999.00-9999.00-9999.00-9999.00-9999.00-9999.00-9999.00-9999.00-9999.00-9999.00-9999.00 81.15 83.40 85.65 381.63 149.19 88.39 85.93 73.15 73.15 117.95 345.98 76.05 383.65 70.16 71.80 73.87 111.01 379.91 0.00 0.00 263.42 375.53 394.24 367.63 375.37 252.40 375.92 197.44 105.68 378.82 376.03 344.16 380.88 78.62 89.08 73.87 77.67 89.50 375.04 375.61 376.12 376.56 132.40 124.22 0.00 376.46 362.60 375.68 359.36 175.35 375.77 378.29 386.39 175.35
291.28 400.20 94.98 199.35 124.22 376.89 375.50 261.77 325.78 377.94 0.00 0.00 382.91 375.66 325.81 376.98 378.13 0.00 317.06 380.14 176.31 386.07 263.42 130.41 374.03 179.56 88.61 127.71 85.93 71.49 71.97 79.38 76.56 125.31 69.74 379.34 0.00 97.13 381.84 379.67 380.54 71.45 78.33 79.03 72.55 71.61 109.11 379.01 361.56 70.76 123.77 119.54 173.15 71.97 131.40 83.36 77.55 340.12 115.66 80.39-9999.00-9999.00-9999.00-9999.00-9999.00-9999.00-9999.00-9999.00-9999.00-9999.00-9999.00-9999.00-9999.00-9999.00-9999.00-9999.00-9999.00-9999.00-9999.00-9999.00-9999.00-9999.00 -9999.00-9999.00-9999.00-9999.00-9999.00-9999.00-9999.00-9999.00-9999.00-9999.00-9999.00-9999.00-9999.00-9999.00-9999.00-9999.00-9999.00-9999.00-9999.00-9999.00-9999.00-9999.00-9999.00-9999.00-9999.00-9999.00-9999.00-9999.00-9999.00-9999.00-9999.00
375.38 375.58 232.28 375.17 232.28 0.00 323.04 375.18 376.10 0.00 250.42 86.77 211.86 93.79 108.46 133.22 372.69 103.20 76.56 349.87 349.74 86.77 73.11 81.96 81.17 92.83 111.78 94.69 108.34 117.51 378.32 376.08 376.43 151.56 293.64 275.62 376.14 376.14 376.15 0.00 0.00 0.00 328.03 376.43 311.16 0.00 354.67 268.18 376.98 362.24 181.02 220.03 375.64 128.46 369.41 381.28 369.29 81.82 356.36 379.68 85.03
379.40 382.96 75.84-9999.00-9999.00-9999.00-9999.00-9999.00-9999.00-9999.00-9999.00-9999.00-9999.00-9999.00-9999.00-9999.00-9999.00-9999.00-9999.00-9999.00-9999.00-9999.00-9999.00-9999.00-9999.00-9999.00 -9999.00-9999.00-9999.00-9999.00-9999.00-9999.00-9999.00-9999.00-9999.00-9999.00-9999.00-9999.00-9999.00-9999.00-9999.00-9999.00-9999.00-9999.00-9999.00-9999.00-9999.00-9999.00-9999.00-9999.00-9999.00-9999.00-9999.00-9999.00-9999.00-9999.00-9999.00-9999.00-9999.00-9999.00-9999.00-9999.00 120.07 376.24 374.61 370.24 377.33 375.90 375.94 377.47 377.49 377.79 293.64 293.64 0.00 0.00 311.16 375.00 382.04 375.91 296.95 296.95 375.00 377.26 296.96 376.02 296.96 0.00 345.31 85.75 85.88 79.99 80.43 85.96 89.04 75.27 184.67 211.91 105.69 76.16 386.64 76.16 94.10 98.38 79.39 82.35 365.89 103.00 83.70 0.00 383.32 279.58 375.85 78.85 383.10 168.61 0.00 376.37 376.16
375.21 224.50 0.00 382.50 375.22 209.50 375.37 375.33 309.18 151.56 373.24 316.27 357.83 112.92 84.71 79.23 80.17 78.24 69.99 77.93 95.44 92.31 78.35 375.53 81.82 379.91 76.97 83.70 94.18 81.31 70.77 116.48 90.53 378.20 73.35 70.29 72.44 378.91 69.99 111.89 92.67 367.81 90.34-9999.00-9999.00-9999.00-9999.00-9999.00-9999.00-9999.00-9999.00-9999.00-9999.00-9999.00-9999.00-9999.00-9999.00-9999.00-9999.00-9999.00-9999.00-9999.00-9999.00 -9999.00-9999.00-9999.00-9999.00-9999.00-9999.00-9999.00-9999.00-9999.00-9999.00-9999.00-9999.00-9999.00-9999.00-9999.00-9999.00-9999.00-9999.00-9999.00-9999.00-9999.00-9999.00-9999.00-9999.00-9999.00-9999.00-9999.00-9999.00-9999.00-9999.00-9999.00-9999.00-9999.00-9999.00-9999.00-9999.00-9999.00-9999.00-9999.00-9999.00-9999.00-9999.00-9999.00-9999.00-9999.00-9999.00-9999.00 375.62 293.64 0.00 375.27 268.18 375.34 311.16 379.88 0.00 375.00 293.64 375.52 350.59 268.18 375.00 375.00 378.75
293.64 293.64 0.00 293.64 0.00 0.00 293.64 375.13 377.57 375.43 375.24 229.91 323.71 189.81 376.25 375.42 174.65 117.51 199.04 176.66 86.20 396.84 353.49 278.16 75.22 76.97 0.00 76.56 85.15 72.65 89.39 118.13 381.47 76.97 193.15 190.98 81.17 367.70 387.72 383.13 165.63 83.20 83.20 88.27 89.39 380.37 75.37 330.68 407.47 365.02 124.08 83.59-9999.00-9999.00-9999.00-9999.00-9999.00-9999.00-9999.00-9999.00-9999.00-9999.00-9999.00-9999.00-9999.00-9999.00-9999.00-9999.00-9999.00-9999.00 -9999.00-9999.00-9999.00-9999.00-9999.00-9999.00-9999.00-9999.00-9999.00-9999.00-9999.00-9999.00-9999.00-9999.00-9999.00-9999.00-9999.00-9999.00-9999.00-9999.00-9999.00-9999.00-9999.00-9999.00-9999.00-9999.00-9999.00-9999.00-9999.00-9999.00-9999.00-9999.00-9999.00-9999.00-9999.00-9999.00-9999.00-9999.00-9999.00-9999.00-9999.00-9999.00-9999.00-9999.00-9999.00-9999.00-9999.00-9999.00-9999.00-9999.00-9999.00-9999.00-9999.00 375.59 0.00 293.64 375.71 219.97 366.85 273.28 311.16
