蒙特卡罗+CDRMV3/输出数据/2D水深分布/WaterDepthGIS_0160.ASC
ncols         539            
nrows         744            
xllcorner     602630.84259341
yllcorner     3914823.670891 
cellsize      50             
NODATA_value  -9999.00       
[rows 0 to 26 of 32, columns 366 to 426 of 539]
134.36 190.57 138.58 87.77-9999.00-9999.00-9999.00-9999.00-9999.00-9999.00-9999.00-9999.00-9999.00-9999.00-9999.00-9999.00-9999.00-9999.00-9999.00-9999.00-9999.00-9999.00-9999.00-9999.00-9999.00-9999.00-9999.00-9999.00-9999.00-9999.00-9999.00-9999.00-9999.00-9999.00-9999.00-9999.00-9999.00-9999.00-9999.00-9999.00-9999.00-9999.00-9999.00-9999.00-9999.00-9999.00-9999.00-9999.00-9999.00-9999.00-9999.00-9999.00-9999.00-9999.00-9999.00-9999.00-9999.00-9999.00-9999.00-9999.00-9999.00 95.24 82.38 90.56-9999.00-9999.00-9999.00-9999.00-9999.00-9999.00-9999.00-9999.00-9999.00-9999.00-9999.00-9999.00-9999.00-9999.00-9999.00-9999.00-9999.00-9999.00-9999.00-9999.00-9999.00-9999.00-9999.00-9999.00-9999.00-9999.00 73.64 370.80 86.90 377.05 113.69 81.16 73.44 81.39 73.90 114.19 135.63 376.40 377.05 381.32 385.11 384.11 78.50 0.00 117.93 82.44 376.95 138.90 76.93 73.98 293.63 76.93-9999.00-9999.00-9999.00-9999.00-9999.00-9999.00-9999.00-9999.00-9999.00-9999.00 -9999.00-9999.00-9999.00-9999.00-9999.00-9999.00-9999.00-9999.00-9999.00-9999.00-9999.00-9999.00-9999.00-9999.00 79.70 83.82 81.45 85.10 233.10 0.00 0.00 112.79 81.98-9999.00-9999.00-9999.00-9999.00-9999.00-9999.00-9999.00-9999.00-9999.00-9999.00-9999.00-9999.00-9999.00-9999.00-9999.00-9999.00-9999.00-9999.00-9999.00-9999.00-9999.00-9999.00-9999.00-9999.00-9999.00-9999.00-9999.00-9999.00-9999.00-9999.00-9999.00-9999.00-9999.00-9999.00-9999.00-9999.00-9999.00-9999.00-9999.00-9999.00-9999.00-9999.00-9999.00-9999.00-9999.00-9999.00-9999.00-9999.00-9999.00-9999.00-9999.00-9999.00-9999.00-9999.00-9999.00-9999.00-9999.00 92.91 378.55 77.40-9999.00-9999.00-9999.00-9999.00-9999.00-9999.00-9999.00-9999.00-9999.00-9999.00-9999.00-9999.00-9999.00-9999.00-9999.00-9999.00-9999.00-9999.00-9999.00-9999.00-9999.00-9999.00-9999.00-9999.00-9999.00-9999.00 82.76 189.17 83.78 377.02 220.42 73.35 282.32 74.76 87.13 73.53 113.32 376.58 374.77 383.90 79.13
277.41 151.41 81.52 85.44 79.13 79.13 123.09 0.00 83.40 84.50 0.00 378.68 266.78 368.46 158.54 88.42 120.41 88.12-9999.00-9999.00-9999.00 -9999.00-9999.00-9999.00-9999.00-9999.00-9999.00-9999.00-9999.00-9999.00-9999.00-9999.00-9999.00-9999.00-9999.00 72.41 125.58 294.16 74.45 74.84 0.00 130.18 72.50 85.10 82.75 91.24 99.64-9999.00-9999.00-9999.00-9999.00-9999.00-9999.00-9999.00-9999.00-9999.00-9999.00-9999.00-9999.00-9999.00-9999.00-9999.00-9999.00-9999.00-9999.00-9999.00-9999.00-9999.00-9999.00-9999.00-9999.00-9999.00-9999.00-9999.00-9999.00-9999.00-9999.00-9999.00-9999.00-9999.00-9999.00-9999.00-9999.00-9999.00 86.68 75.59 335.98 89.54 78.81 79.83 373.06-9999.00 83.78 113.44 120.89 76.50 325.03 301.42 0.00 89.09 265.36 83.40 375.96 81.45 77.40 79.83 376.51 75.93-9999.00-9999.00 80.85 81.39 74.43 300.79 267.45 125.08 111.90
88.94 89.86 107.86 328.04 383.39 382.37 274.87 125.65 78.20 78.50 125.12 173.96 75.93 143.35 381.09 0.00 82.38 135.31 90.56 73.58 182.42 73.64 74.76 380.62 75.59 366.88 112.82 86.46 73.58 110.94 375.98 376.18 73.90 83.11 93.16 73.16 247.14 377.92 74.23 74.33 388.79 383.30 0.00 0.00 0.00 121.33 73.98 142.99 73.11 73.29 73.64 82.65 76.93 73.39 73.83 73.35 80.71 75.01 73.70 0.00 139.54
75.29 207.67 378.85 80.20 179.90 74.53 209.78 73.35 115.24 77.92 161.24 335.85 351.57 74.76 81.52 79.83 0.00 0.00 95.33 95.75 84.50 86.79 97.55 87.86 232.98 88.38 77.16-9999.00-9999.00-9999.00-9999.00-9999.00-9999.00-9999.00-9999.00 -9999.00-9999.00-9999.00-9999.00-9999.00-9999.00-9999.00-9999.00-9999.00-9999.00-9999.00-9999.00 88.12 229.14 153.08 71.94 109.96 73.49 72.12 0.00 73.36 110.82 75.04 0.00 89.91 275.19 396.67 72.88 379.68 78.49 76.24 83.09 84.23 96.47 90.78 78.12 158.76 250.94 98.15 88.99 85.10 84.02 126.12 383.34 76.50
80.39 72.68 113.46 0.00 264.34 124.77 72.59 85.57 73.23 80.98 85.57 76.81 77.11 164.29 89.95 379.30 80.39 350.12 83.63 73.11 379.25 157.97 76.81 86.34 87.32 271.53 76.24 328.94 0.00 325.62 79.47 179.84 98.56 101.39 73.83 371.13 375.72 88.65 73.39 126.46 0.00 73.76 83.64 122.54 0.00 119.22 242.61 77.92 74.23 376.82 85.09 75.44 128.18 84.55 80.66 376.74 0.00 73.44 84.72 121.89 111.02
79.98 80.57 288.39 122.24 80.61 71.76 348.67 379.97 72.41 379.06 74.45 71.72 0.00 120.70 349.74 377.66 75.04 71.94 79.59 82.43 72.06 0.00 137.55 73.36 224.09 74.45 74.43 376.10 92.67 75.76 115.05 379.09 386.15 0.00 77.40 82.87 80.56 75.15 0.00 111.03 82.88 74.88 378.02 76.93 74.23 111.61 379.70 380.09 75.15 0.00 88.12 81.73 77.16 125.17 75.29 0.00 131.52 124.71 74.33 73.64 82.65
341.73 84.65 376.30 244.25 142.03 72.99 111.35 80.88 71.76 108.25 0.00 154.05 78.87 83.09 85.57 116.62 83.26 377.03 89.51 81.98 0.00 141.35 71.62 82.28 96.99 90.78 284.39 91.24 84.51 73.98 168.80 375.75 75.29 76.11 127.38 73.21 0.00 141.76 73.48 80.46 112.01 209.38 377.37 120.76 75.59 74.53 122.55 81.11 85.26 0.00 86.04 81.97 87.61 113.90 0.00 85.70 380.84 375.52 331.26 113.19 74.33
80.88 72.26 378.20 81.45 115.95 0.00 72.06 71.50 72.41 183.53 380.76 74.45 126.04 80.22 75.49 0.00 78.49 382.96 72.00 74.27 72.00 79.71 86.88 77.77 83.82 71.94 112.84 366.74 172.66 82.65 130.76 77.66 114.63 0.00 73.15 292.93 251.35 73.98 84.89 89.23 81.06 130.74 75.01 118.37 134.84 0.00 73.44 92.91 0.00 73.21 81.21 73.90 74.33 196.94 73.70 78.81 345.79 74.76 113.22 323.33 359.56
200.52 73.78 83.82 72.33 136.61 204.69 313.66 376.88 377.36 377.82 377.67 0.00 142.83 75.93 170.16 86.68 81.45 382.32 80.20 73.18 111.04 273.79 377.48 327.65 0.00 335.15 114.79 77.16 86.46 301.00 376.06 85.70 81.45 134.07 222.40 382.35 143.48 384.41 74.14 76.11 73.44 0.00 368.70 363.33 115.45 73.48 73.32 198.19 376.13 82.44 74.43 375.82 0.00 136.65 111.17 79.47 80.88 73.64 0.00 118.34 74.64
97.66 88.94 209.23 169.84 151.40 74.14 85.26 78.81 98.60 213.29 81.33 74.76 73.39 377.11 83.40 0.00 376.45 79.47 80.60 378.52 0.00 342.64 88.38 81.81 83.36 116.18 80.66 78.81 127.69 128.18 74.64 362.78 75.59 119.23 311.49 133.46 86.32 0.00 0.00 76.71 224.75 85.64 80.74 75.44 0.00 0.00 380.18 181.45 379.82 375.48 357.72 302.23 246.89 121.96 74.76 377.56 74.14 87.13 74.43 378.57 76.93
119.18 83.23 83.78 86.90 83.50 84.55 78.81 86.97 78.81 125.77 358.35 202.64 232.95 0.00 0.00 104.64 377.02 337.14 381.32 379.26 241.28 0.00 91.80 0.00 81.45 78.20 124.25 112.44 82.87 175.03 357.07 142.06 126.14 86.32-9999.00-9999.00-9999.00-9999.00-9999.00-9999.00-9999.00-9999.00-9999.00 -9999.00-9999.00-9999.00-9999.00-9999.00-9999.00-9999.00-9999.00-9999.00-9999.00 72.12 233.99 0.00 72.68 79.08 76.24 79.42 73.49 0.00 110.79 82.43 73.49 122.10 80.57 73.63 0.00 71.80 285.17 116.65 77.11 77.43 382.04 124.81 77.11 86.60 223.20
100.47-9999.00-9999.00-9999.00-9999.00-9999.00-9999.00-9999.00-9999.00-9999.00-9999.00 -9999.00-9999.00-9999.00-9999.00-9999.00-9999.00-9999.00-9999.00-9999.00 72.99 110.20 396.42 0.00 73.49 73.63 0.00 76.24 81.33 74.45 116.97 114.40 71.89 109.81 360.31 0.00 177.51 83.28 84.44 73.11 212.12 384.88 72.50 76.81 83.45 141.97 380.64 75.26 72.78 108.57 373.82 0.00 149.47 134.89 75.49 72.50 375.72 73.11 72.68 381.49 72.78 377.79 71.53 119.07 71.54 0.00 125.68 71.48 84.02 85.10 79.77 80.61 213.76 289.16 84.23 78.20 141.19 375.43 0.00
348.98 72.26 71.70 108.41 0.00 89.13 134.39 131.69 89.13 126.08 79.84 71.65 385.72 0.00 0.00 376.45 137.24 75.59 355.78 242.20 85.03 75.01 143.29 150.49 342.59 0.00 76.30 74.06 384.67 226.35 375.74 335.41 170.50 377.29 75.29 82.87 82.38 0.00 0.00 0.00 0.00 0.00 0.00 0.00 90.79 246.30 78.20 382.84 176.35 88.65 81.90 379.15 378.62 0.00 81.90 267.64 377.72 377.25 391.03 301.07 377.14
124.21 357.86 381.75 76.30 75.76 76.71 112.66 330.63 384.99 0.00 202.21 376.25 130.10 377.95 236.94 375.73 375.89 166.72 81.25 122.48 174.11 113.02 0.00 79.83 307.88 140.51 76.50 378.04 141.91 77.16-9999.00-9999.00-9999.00-9999.00-9999.00-9999.00-9999.00-9999.00-9999.00-9999.00-9999.00-9999.00-9999.00-9999.00 -9999.00-9999.00-9999.00-9999.00-9999.00-9999.00-9999.00-9999.00-9999.00-9999.00-9999.00 88.09 82.70 87.17 79.28 377.39 77.77 376.72 76.81 78.72 80.30 179.42 379.52 0.00 0.00 0.00 76.52 72.88 118.75 0.00 0.00 0.00 75.26 0.00 85.85 122.73 278.14 80.14 71.53 266.70 0.00
89.91 152.49 76.81 377.24 73.23 81.45 71.55 120.45 241.36 112.57 77.11 0.00 319.97 71.57 87.17 86.40 82.43 85.10 78.49 376.57 71.62 144.77 376.02 163.93 0.00 0.00 0.00 377.95 303.34 379.27 88.35 373.04 384.79 383.62 135.69 84.50 89.23 78.20 83.36 75.93 77.66 377.43 75.93 73.13 73.90 133.01 369.02 88.35 78.81 77.16 139.98 91.80 84.50 130.54 192.49 378.53 124.10 86.68 101.39 84.89 83.78
377.46 378.44 378.72 78.87 0.00 73.36 175.09 71.65 72.78 133.90 365.55 72.88 145.04 190.27 131.19 114.00 74.27 0.00 140.00 73.49 75.73 0.00 0.00 72.88 81.33 339.17 73.78 91.24 81.85 76.24 82.59 79.71 80.98 72.68 377.03 0.00 390.65 282.69 73.36 78.12 169.03 82.59 83.88 199.42 414.75 0.00 79.28 374.34 116.75 130.10 83.26 376.61 72.26 72.59 89.54 83.11 79.13 78.81 88.65 79.47 75.44
376.22 376.76 359.81 179.59 114.17-9999.00-9999.00-9999.00-9999.00-9999.00-9999.00-9999.00-9999.00-9999.00-9999.00-9999.00-9999.00-9999.00-9999.00-9999.00-9999.00-9999.00-9999.00-9999.00-9999.00 -9999.00-9999.00-9999.00-9999.00-9999.00-9999.00-9999.00-9999.00-9999.00-9999.00-9999.00-9999.00-9999.00-9999.00-9999.00-9999.00-9999.00-9999.00-9999.00 95.79 81.61 90.78 81.10 129.31 77.11 384.48 309.09 378.04 75.98 71.80 205.80 334.26 378.40 110.71 113.27 78.85 133.86 380.36 0.00 370.84 111.76 169.44 78.12 72.12 72.78 381.81 405.89 235.14 83.88 81.85 82.70 81.33 142.85 80.88 85.33 79.91 71.84 214.90 95.79 0.00 87.32 0.00 259.90 89.95 375.93 214.30 104.62 126.92 375.08 379.70 82.70 83.82 85.82 86.07
85.57 78.87 305.99 98.15 377.17 75.04 391.14 372.27 359.91 381.35 72.99 72.19 78.71 78.73 118.66 128.10 0.00 132.60 123.22 88.77 76.52 89.95 0.00 80.15 71.68 88.09 76.52 362.12 259.90 296.71 79.28 379.51 112.90 120.06 365.84 290.06 307.54 376.84 127.80 0.00 380.94 378.84 175.51 135.41 73.63 72.41 232.09 74.64 84.65 77.77 379.22 151.15 0.00 91.01 377.13 128.81 87.32 0.00 119.79 79.70 85.17
152.57 378.20 375.70 83.88 0.00 79.28 75.26 181.52 84.51 378.70 375.62 81.61 189.25 154.15 93.38 91.01 93.38 151.83 117.13 173.05 117.13 302.36 96.68 81.46 159.67 85.10 165.51 198.43 90.78 74.10 77.77 74.84 86.57 392.81 262.36 376.59 378.89 75.26 383.87 82.70 0.00 383.37 239.68 385.78 186.73 169.93 223.73 382.18 147.07 0.00 0.00 375.96 101.68 81.90 77.66 376.04 83.40 86.46 73.98 379.88 75.76
89.95 93.38 0.00 169.40 101.23 379.28 368.31 376.95 390.21 381.55 86.57 89.91 93.83 98.15 81.61 377.18 91.73 85.10 77.77 88.99 376.25 0.00 217.32 378.10 83.88 263.80 246.78 375.17 359.38 376.11 222.30 82.58 107.17 161.73 336.12 92.21 76.30 116.24 302.13 77.16 75.93 376.70 295.95 112.99 83.94 81.89 75.44 74.64 358.95 379.67 74.06 119.17 377.63 0.00 376.80 155.58 120.49 87.37 81.66 83.11 81.90
212.17 93.80 80.94 87.17 80.15 83.88 379.61 337.02 83.88 89.51 73.49 119.97 347.41 378.28 379.88 0.00 268.62 298.16 376.37 213.08 321.54 392.88 356.42 376.80 136.49 117.13 360.76 0.00 185.57 88.99 282.89 76.50 318.78 74.76 80.20 86.90 74.88 126.95 296.06 380.74 75.93 379.83 75.01 0.00 377.51 115.66 383.44 74.23 142.18 146.23 310.15 74.14 345.03 74.23 94.19 0.00 327.95 113.71 76.71 91.76 86.68
353.87 197.76 381.46 252.92 0.00 239.68 197.76 194.06 375.50 0.00 323.19 372.82 0.00 136.49 104.98 96.10 377.23 199.96 101.81 267.93 377.51 74.88 75.44 375.99 79.83 375.85 78.20 355.14 0.00 80.20 91.76 85.03 73.24 80.65 84.28 154.94 81.81 76.30 260.69 123.87 75.59 87.37 118.25 382.45 131.60 74.14 85.07 84.72-9999.00-9999.00-9999.00-9999.00-9999.00-9999.00-9999.00-9999.00-9999.00-9999.00-9999.00-9999.00-9999.00-9999.00-9999.00-9999.00-9999.00-9999.00-9999.00-9999.00-9999.00-9999.00-9999.00-9999.00 -9999.00-9999.00-9999.00-9999.00-9999.00-9999.00-9999.00-9999.00-9999.00-9999.00-9999.00-9999.00-9999.00-9999.00-9999.00-9999.00-9999.00-9999.00-9999.00-9999.00-9999.00 84.87 81.10 78.12 91.01 146.11 376.67 375.32 381.27 386.14 381.96 411.30 95.95
81.45 73.36 75.98 77.77 331.82 336.52 377.39 377.57 378.29 339.37 334.56 0.00 374.42 376.13 378.43 349.17 114.62 101.38 0.00 376.14 377.31 154.96 163.37 151.64 95.16 85.61 76.24 78.49 84.37 350.78 260.45 376.10 375.63 377.78 142.08 205.91 308.08 246.78 375.98 373.54 307.49 337.97 0.00 327.08 0.00 379.28 327.08 377.28 380.17 0.00 375.81 283.43 323.19 377.46 375.36 376.18 290.24 82.00 259.07 88.14 74.52
328.08 131.76 124.52 72.10 71.31 78.69 81.49 79.37 72.18 80.12 75.15 116.23 130.86 230.97 143.97 137.36 328.55 77.40 89.23 375.39 92.95 381.21 107.86 83.40-9999.00-9999.00-9999.00-9999.00-9999.00-9999.00-9999.00-9999.00-9999.00-9999.00-9999.00-9999.00-9999.00-9999.00-9999.00-9999.00-9999.00-9999.00-9999.00-9999.00-9999.00 -9999.00-9999.00-9999.00-9999.00-9999.00-9999.00-9999.00-9999.00-9999.00-9999.00-9999.00-9999.00-9999.00-9999.00-9999.00-9999.00-9999.00-9999.00-9999.00-9999.00-9999.00-9999.00-9999.00-9999.00-9999.00-9999.00-9999.00-9999.00-9999.00-9999.00-9999.00-9999.00-9999.00 87.11 210.96 377.37 169.40 382.60 381.20 376.34 376.60 375.59 202.45 375.28 294.66 0.00 323.93 0.00 375.00 363.71 87.07 83.92 101.89 90.20 84.49 85.78 96.55 120.62 83.92 381.41 371.40 140.99 83.22 338.50 83.84 375.39 335.55 83.02 112.13
375.89 381.14 376.06 378.48 73.98 76.14 378.96 381.20 398.33 379.15 71.36 80.20 96.99 89.20 72.44 80.05 386.57 83.84 187.16 77.33 378.20 227.88 413.42 85.86 0.00 0.00 383.95 89.06 147.09-9999.00-9999.00-9999.00-9999.00-9999.00-9999.00-9999.00-9999.00-9999.00-9999.00-9999.00-9999.00-9999.00-9999.00-9999.00-9999.00-9999.00-9999.00-9999.00-9999.00-9999.00-9999.00-9999.00 -9999.00-9999.00-9999.00-9999.00-9999.00-9999.00-9999.00-9999.00-9999.00-9999.00-9999.00-9999.00-9999.00-9999.00-9999.00-9999.00-9999.00-9999.00-9999.00-9999.00-9999.00-9999.00-9999.00-9999.00-9999.00-9999.00-9999.00-9999.00-9999.00-9999.00-9999.00-9999.00-9999.00-9999.00-9999.00-9999.00-9999.00 276.30 366.79 375.00 375.39 373.88 347.93 375.27 375.27 375.14 0.00 294.66 332.58 283.15 0.00 358.57 294.66 376.40 375.00 294.66 294.66 294.66 376.69 376.61 294.66 375.04 0.00 343.74 95.38 95.38 100.61 380.47
0.00 294.66 294.66 294.66 378.04 0.00 358.52 375.00 294.66 0.00 0.00 0.00 0.00 375.00 294.66 375.00 294.66 319.52 0.00 0.00 375.77 377.97 170.11 375.51 266.62 375.32 362.63 124.81 375.20 317.95 141.63 376.18 149.17 73.81 147.30 71.45 138.14 125.13 80.89 92.90 219.39 360.09 376.13 96.39 375.28 155.81 90.02 79.60 355.02 376.75 81.01 383.06 75.62 157.43 72.18 373.42 77.66 376.08 85.12 377.11 80.05
297.96 0.00 375.00 0.00 375.38 294.66 0.00 294.66 375.52 375.18 294.66 294.66 375.94 375.00 328.85 375.00 0.00 0.00 294.66 294.66 0.00 377.72 375.55 222.77 375.41 292.10 116.99 139.93 375.35 96.15 375.13 375.23 377.06 77.01 75.15 378.26 271.90 132.64 74.72 0.00 79.18 132.71 79.60 149.22 75.15 73.09 411.77 92.28 378.41 79.18 85.16 0.00 384.98 140.34 79.60 91.84 81.01 154.99 95.79 76.38 0.00
