蒙特卡罗+CDRMV3/输出数据/2D水深分布/WaterDepthGIS_0145.ASC
ncols         539            
nrows         744            
xllcorner     602630.84259341
yllcorner     3914823.670891 
cellsize      50             
NODATA_value  -9999.00       
[rows 0 to 26 of 32, columns 244 to 304 of 539]
0.00 83.67 86.36 92.73 80.77 80.21 82.74-9999.00-9999.00-9999.00-9999.00-9999.00-9999.00-9999.00-9999.00-9999.00-9999.00-9999.00-9999.00-9999.00 -9999.00-9999.00-9999.00-9999.00-9999.00-9999.00-9999.00-9999.00-9999.00 98.71 91.65 375.81 350.43 86.42 382.27 436.78 85.09 91.62 352.60 154.43 89.39-9999.00-9999.00-9999.00-9999.00-9999.00-9999.00-9999.00-9999.00-9999.00-9999.00-9999.00-9999.00-9999.00-9999.00-9999.00-9999.00-9999.00-9999.00-9999.00-9999.00-9999.00-9999.00-9999.00-9999.00-9999.00-9999.00-9999.00-9999.00-9999.00-9999.00-9999.00-9999.00-9999.00-9999.00-9999.00-9999.00-9999.00-9999.00-9999.00-9999.00-9999.00-9999.00-9999.00-9999.00-9999.00-9999.00-9999.00-9999.00-9999.00-9999.00-9999.00-9999.00-9999.00-9999.00-9999.00-9999.00-9999.00-9999.00-9999.00-9999.00-9999.00-9999.00-9999.00-9999.00-9999.00-9999.00-9999.00-9999.00-9999.00-9999.00-9999.00-9999.00-9999.00-9999.00-9999.00-9999.00-9999.00-9999.00-9999.00-9999.00-9999.00-9999.00-9999.00-9999.00-9999.00-9999.00-9999.00-9999.00-9999.00-9999.00 79.04 86.49 95.42 80.39 197.12 79.04 78.71 311.89 89.35 79.29 87.74 77.55 116.57 377.76 0.00 172.10 77.55 78.62 80.77 120.99 143.24 87.85-9999.00-9999.00-9999.00-9999.00-9999.00-9999.00-9999.00-9999.00-9999.00-9999.00-9999.00-9999.00 -9999.00-9999.00-9999.00-9999.00-9999.00-9999.00-9999.00-9999.00-9999.00 93.25 376.49 101.43 131.59 376.65 101.43 379.13 0.00 82.90 376.04 220.26 90.19 79.71-9999.00-9999.00-9999.00-9999.00-9999.00-9999.00-9999.00-9999.00-9999.00-9999.00-9999.00-9999.00-9999.00-9999.00-9999.00-9999.00-9999.00-9999.00-9999.00-9999.00-9999.00-9999.00-9999.00-9999.00-9999.00-9999.00-9999.00-9999.00-9999.00-9999.00-9999.00-9999.00-9999.00-9999.00-9999.00-9999.00-9999.00-9999.00-9999.00-9999.00-9999.00-9999.00-9999.00-9999.00-9999.00-9999.00-9999.00-9999.00-9999.00-9999.00-9999.00-9999.00-9999.00-9999.00-9999.00-9999.00-9999.00-9999.00-9999.00-9999.00-9999.00-9999.00-9999.00-9999.00-9999.00-9999.00-9999.00-9999.00-9999.00-9999.00-9999.00-9999.00-9999.00-9999.00-9999.00-9999.00-9999.00-9999.00-9999.00-9999.00-9999.00-9999.00-9999.00-9999.00-9999.00-9999.00-9999.00-9999.00 81.92 174.76 116.82 87.22 116.48
377.36 394.23 321.64 83.67 93.31-9999.00-9999.00-9999.00-9999.00-9999.00-9999.00-9999.00 81.92 87.32 79.87 86.56 85.92 379.13 160.32 378.39 80.58 140.90 377.58 91.93 96.63 376.45 93.01 382.13 77.90 82.18 372.39 79.16 77.63 78.35 77.77 78.35 311.59 0.00 376.07 143.68 78.82 118.97 77.96 366.27 156.20 217.35 81.43 86.87 120.11 376.37 374.77 376.62 0.00 80.58 88.76 0.00 102.08 99.45 85.11 82.74 91.93 372.90 91.76-9999.00-9999.00-9999.00 -9999.00-9999.00-9999.00-9999.00-9999.00-9999.00-9999.00-9999.00-9999.00-9999.00-9999.00-9999.00-9999.00-9999.00 86.38 85.29 127.25 90.27
87.74 195.09 79.87 176.16 87.26 366.30 83.03 206.62 382.89 79.71 382.33 80.21 380.32 173.34 78.20 95.03 88.75 79.16 79.16 382.96 94.66 84.36 0.00 128.77 88.76 89.68 80.58 89.51 78.28 381.05 78.82 152.67 86.23 95.03 87.04 87.52 81.92 77.69 378.75 119.76 79.04 86.36 89.04 120.92 138.52 85.54 77.69 310.08 79.87 79.42 78.44 0.00 370.96 85.51 127.31 121.14 122.11 79.57 178.25 118.79 123.23
0.00 0.00 0.00 0.00 145.02 151.15 77.96 88.61 98.27 79.87 90.60 77.81 378.04 0.00 376.69 0.00 98.07 96.07 201.90 114.75 99.07 378.06 79.87 249.39 348.37 89.87-9999.00-9999.00-9999.00-9999.00-9999.00-9999.00 -9999.00-9999.00-9999.00-9999.00-9999.00-9999.00-9999.00-9999.00-9999.00-9999.00-9999.00-9999.00 98.71 99.15 82.90 90.19 88.35 77.58 118.90 0.00 76.99 77.73 77.28 0.00 76.93 78.08 334.44 87.00 79.37 382.81 377.61 193.97 78.91-9999.00-9999.00-9999.00 82.90 85.96 288.36 90.63 82.28 153.15 388.79 99.01 91.46 144.72 116.48 377.40 377.30
86.38 80.72 88.68 87.00 79.05 85.87 98.71 86.90 97.17 380.60 83.57 323.12 381.01 86.90 379.41 81.71 164.92 78.08 379.04 78.08 327.17 125.48 0.00 378.84 83.03 98.67 162.37 99.91 154.68 125.49 290.57 93.63 77.81 297.61 0.00 79.29 96.63 128.17 0.00 379.69 117.53 80.98 79.16 376.58 81.67 85.11 117.96 377.53 379.09 96.07 0.00 78.01 92.73 88.61 148.29 129.13 77.90 121.53 0.00 376.16 274.06
90.41 86.89 85.52 375.08 310.83 81.99 84.30 163.83 84.69 0.00 372.91 139.58 79.42 91.69 135.19 77.58 376.24 375.49 78.01 79.29 379.71 0.00 77.90 77.50 370.63 0.00 116.12 89.30 89.19 158.26 88.61 77.73 377.93 122.15 79.57 226.23 131.69 0.00 117.64 80.98 78.20 118.15 0.00 78.52 89.51 91.93 313.00 79.42 90.81 80.21 83.03 141.44 219.10 385.22 225.81 165.13 84.36 90.81 87.42 85.51 87.74
81.45 87.12 82.28 87.63 141.88 323.78 87.90 83.22 0.00 115.86 136.26 80.72 82.28 384.01 80.50 92.76 78.62 122.15 382.12 149.97 133.88 78.14 201.34 0.00 0.00 123.58 77.55 77.90 77.69 155.64 378.92 78.35 77.73 116.58 367.13 376.27 84.73 0.00 77.63 90.22 78.14 0.00 272.14 77.85 79.29 376.01 144.03 79.42 84.01 150.15 268.08 378.90 213.82 0.00 385.49 379.00 378.23 383.49 138.64 89.87 80.21
376.07 378.74 78.18 88.05 78.40 0.00 90.27 79.21 381.59 381.95 199.43 78.64 88.68 100.05 82.28 77.45 165.75 80.21 122.08 88.75 92.19 85.51 117.70 0.00 381.74 78.52 90.03 142.34 89.51 87.22 86.49 78.35 116.89 159.68 212.35 0.00 77.90 83.35 0.00 186.41 117.37 79.57 81.67 91.09 93.31 91.02 137.30 77.73 121.14 204.52 376.13 0.00 77.77 120.99 87.22 87.63 86.87 89.30 190.47 88.89 85.49
84.89 85.09 80.98 379.33 379.75 0.00 376.94 374.79 379.70 375.34 78.28 85.51 337.66 77.81 267.00 79.42 198.65 80.39 0.00 354.80 78.93 173.55 87.97 378.52 78.28 91.69 79.87 142.84 343.56 377.69 79.16 122.05 87.63 80.39 122.57 0.00 78.44 82.18 194.96 77.77 93.96 376.26 124.23 80.03 274.45 99.01 0.00 117.28 77.96 90.22 78.01 125.01 0.00 133.37 92.19 77.69 80.21 258.24 0.00 91.76 88.34
90.41 122.57 78.44 136.40 186.84 95.42 80.39 122.95 0.00 132.56 120.83 89.04 90.03 192.43 134.80 0.00 324.69 121.57 82.18 233.33 86.42 87.52 77.85 230.77 377.76 380.20 173.38 80.98 143.28 0.00 0.00 0.00 350.97 262.32 79.04 169.02 78.07 138.43 376.78 0.00 391.16 387.10 142.87 85.10 239.87 120.59 77.96 86.95 86.79 127.17 369.52 240.21 79.42 361.44 365.90 375.81 79.87-9999.00-9999.00-9999.00-9999.00-9999.00-9999.00-9999.00-9999.00 -9999.00-9999.00-9999.00-9999.00-9999.00-9999.00-9999.00-9999.00-9999.00-9999.00 88.85 92.17 76.89
376.46 378.95 386.01 111.41 93.63 89.30 383.58 0.00 108.62 0.00 375.31 212.56 380.96 181.97 0.00 0.00 316.01 81.92 81.43 0.00 129.00 78.14 86.71 97.46 80.39 94.30 88.34 81.67 91.23-9999.00-9999.00-9999.00-9999.00-9999.00-9999.00-9999.00-9999.00-9999.00 -9999.00-9999.00-9999.00-9999.00-9999.00-9999.00-9999.00-9999.00-9999.00-9999.00 77.15 157.87 0.00 312.85 76.97 194.89 81.99 78.52 368.11 0.00 136.82 77.98 77.39 154.09 199.27 0.00 373.81 240.68 165.80 133.11 84.69 80.29 381.19 129.95 82.28 96.52 102.99 83.93 77.58 375.69 78.91
0.00 76.97 85.40 82.28 0.00 78.64 88.68 80.95 78.08 77.81 163.00 0.00 0.00 77.58 266.06 79.37 93.75 83.22 385.50 375.73 378.48 78.64 77.65 80.72 380.24 77.02 86.11 78.29 0.00 117.08 80.50 92.17 85.05 190.93 90.19 88.05 377.58 77.73 378.28 77.03 152.30 230.61 83.22 0.00 77.51 89.98 88.35 78.52 145.42 91.36 191.27 78.44 130.93 408.11 79.29 0.00 379.52 195.88 125.94 88.24 79.63
77.89 115.10 0.00 126.91 77.73 89.78 95.67 76.99 80.72 264.83 378.70 77.89 305.70 0.00 86.80 357.08 91.93 378.26 91.62 92.78 375.82 192.12 0.00 80.39 87.42 78.20 381.99 86.35 296.28 82.18 85.92 377.64 79.16 77.61 0.00 126.73 278.25 0.00 365.84 83.67 84.36 83.35 375.32 84.01 86.17 78.93 383.34 85.51 91.93 100.88 113.78 384.18 107.61 102.98 97.08 387.28 240.01 376.22 377.70 370.28 0.00
80.21 364.10 84.36 390.90 89.30 119.97 79.71 80.21 355.31 377.53 0.00 375.59 170.90 0.00 0.00 0.00 81.96 99.83 94.82 0.00 365.53 98.07 0.00 378.00 379.73 78.82 93.63 138.87 81.92 336.52 87.74-9999.00-9999.00-9999.00-9999.00-9999.00-9999.00-9999.00-9999.00-9999.00-9999.00-9999.00-9999.00-9999.00-9999.00 -9999.00-9999.00-9999.00-9999.00-9999.00-9999.00-9999.00-9999.00-9999.00-9999.00-9999.00 85.52 186.81 93.40 81.99 88.46 377.23 78.64 380.29 76.91 151.26 373.23 0.00 159.33 170.35 117.12 85.87 86.38 85.87 77.81 81.45 141.81 0.00 0.00 81.45 77.73 209.07 86.47 77.08 0.00
77.08 165.90 78.91 84.89 80.50 0.00 164.40 109.18 132.28 293.72 77.89 77.08 165.39 78.40 81.99 76.95 0.00 217.83 76.97 88.85 178.20 86.78 91.89 78.91 189.44 86.29 307.05 132.38 376.56 78.08 249.70 91.76 0.00 421.73 391.57 394.22 386.10 384.39 111.83 377.35 367.71 82.74 90.03 80.39 81.43 98.85 89.87 414.11 398.07 379.15 361.71 87.74 377.02 78.14 86.35 77.58 78.93 86.49 86.17 77.90 77.96
135.23 377.68 376.52 122.95 84.01 95.42-9999.00-9999.00-9999.00-9999.00-9999.00-9999.00-9999.00-9999.00-9999.00-9999.00-9999.00-9999.00-9999.00-9999.00-9999.00-9999.00-9999.00-9999.00 -9999.00-9999.00-9999.00-9999.00-9999.00-9999.00-9999.00-9999.00-9999.00-9999.00-9999.00-9999.00-9999.00-9999.00-9999.00-9999.00-9999.00 86.42 384.05 376.52 362.22 80.09 77.51 78.52 80.72 0.00 208.24 83.22 87.00 81.20 86.03 198.99 256.95 77.51 377.79 361.00 0.00 0.00 0.00 129.00 80.50 85.59 80.50 83.22 0.00 153.68 77.65 150.56 122.53 77.28 86.78 81.45 136.90 283.21 376.55 378.06 0.00 363.73 122.15 167.22 87.40 83.93 79.37 197.98 361.10 377.57 375.94 0.00 0.00 377.69 376.03
139.17 376.58 0.00 133.20 90.46 109.36 302.44 89.30 384.53 379.76 380.69 78.71 77.61 85.35 85.97 85.49 85.79 85.62 95.03-9999.00-9999.00-9999.00-9999.00-9999.00-9999.00-9999.00-9999.00-9999.00-9999.00-9999.00-9999.00-9999.00-9999.00-9999.00-9999.00-9999.00-9999.00-9999.00 -9999.00-9999.00-9999.00-9999.00-9999.00-9999.00-9999.00-9999.00-9999.00-9999.00-9999.00-9999.00-9999.00-9999.00-9999.00-9999.00-9999.00-9999.00 90.27 85.52 93.75 95.67 85.09 78.18 0.00 146.14 82.28 82.28 96.52 85.40 147.74 169.14 149.36 78.77 79.89 126.53 84.73 76.90 0.00 99.23 215.24 183.48 123.64 83.57 93.49 79.37 130.53 382.96 380.05 81.45 90.41 91.62 76.97 94.48 86.38 123.05 375.51 375.99 0.00
238.30 0.00 380.26 119.20 78.14 86.49 87.04 322.51 138.96 116.49 78.28 89.04 87.97 81.92-9999.00-9999.00-9999.00-9999.00-9999.00-9999.00-9999.00-9999.00-9999.00-9999.00-9999.00-9999.00-9999.00-9999.00-9999.00-9999.00-9999.00-9999.00-9999.00-9999.00-9999.00 -9999.00-9999.00-9999.00-9999.00-9999.00-9999.00-9999.00-9999.00-9999.00-9999.00-9999.00-9999.00-9999.00-9999.00-9999.00-9999.00-9999.00-9999.00-9999.00 85.96 135.84 380.77 415.69 334.68 153.31 94.10 354.82 94.86 353.77 115.42 84.97 78.91 115.12 369.02 379.47 0.00 241.03 78.18 84.77 89.20 80.29 122.20 0.00 127.82 78.40 77.98 211.08 132.97 223.44 154.02 96.09 378.47 78.40 80.09 375.20 143.46 99.23 376.42 132.33 0.00 352.07 78.77 78.29 89.58 108.89
380.98 380.00 368.37 77.69 197.71 83.03-9999.00-9999.00-9999.00-9999.00-9999.00-9999.00-9999.00-9999.00-9999.00-9999.00-9999.00-9999.00-9999.00-9999.00-9999.00-9999.00-9999.00 -9999.00-9999.00-9999.00-9999.00-9999.00-9999.00-9999.00-9999.00-9999.00-9999.00-9999.00-9999.00-9999.00-9999.00-9999.00-9999.00-9999.00-9999.00-9999.00-9999.00-9999.00-9999.00-9999.00-9999.00-9999.00 87.40 286.49 80.09 282.36 81.45 83.57 382.83 128.23 140.10 162.47 77.81 132.01 0.00 0.00 0.00 0.00 0.00 342.73 89.64 77.65 90.94 378.92 0.00 0.00 376.66 303.64 360.97 360.42 272.50 308.99 378.80 308.65 97.17 345.48 121.64 83.48 99.05 88.77 83.57 85.52 377.06 124.16 80.29 200.27 376.71 401.04 85.09 357.28 83.22 82.76 0.00 376.85 177.20 382.60
0.00 0.00 378.70 129.57 149.60 163.19 97.84 316.95 380.12 88.46 378.45 89.04 101.43 100.05 95.67 98.21 0.00 0.00 140.55 0.00 291.54 375.45 95.20 88.95 133.93 99.66 377.27 384.81 97.17 170.49 91.62 83.93 343.31 109.18 80.29 82.28 188.34 155.17 376.83 0.00 177.20 376.98 307.52 220.63 287.39 187.81 352.80 376.06 378.92 216.30 85.92 83.03 360.79 78.28 80.77 87.74 378.52 365.61 77.96 86.63 166.85
101.61 311.52 377.44 380.08 385.42 117.39 280.35 339.96 92.42 111.12 137.10 96.13 350.51 0.00 177.20 375.64 376.45 375.31 81.20 97.17 237.07 91.65 96.09 264.63 92.42 83.22 132.57 334.10 378.08 141.81 0.00 376.39 245.51 375.92 356.48 240.91 359.10 387.96 240.97 384.83 111.75 116.05 90.27 0.00 102.08 80.77 93.96 90.41 88.24 181.95 80.21 97.08 338.55 363.77 78.93 87.85 377.15 86.23 78.93 0.00 0.00
256.24 353.82 102.93 177.66 100.26 376.52 375.45 267.58 211.79 0.00 382.08 81.99 80.50 93.25 378.53 238.88 365.93 156.24 176.31 105.00 380.79 376.17 225.02 207.13 0.00 375.43 220.63 375.16 318.61 0.00 0.00 267.61 0.00 391.74 376.94 225.25 120.24 137.10 79.21 86.80 245.18 83.35 106.28 268.67 382.81 85.92 249.85 0.00 376.30 159.74 84.36 172.89 131.97 375.26 120.29 77.50 140.90 377.71 78.62 91.46 93.01
78.52 148.98 380.69 0.00 83.35 91.23 159.94 86.94 86.56 84.73 120.96 117.31 383.74 366.93 377.12 308.32 264.35 80.03 250.96 131.04 271.98 90.41 119.64 77.85 366.59 81.43-9999.00-9999.00-9999.00-9999.00-9999.00-9999.00-9999.00-9999.00-9999.00-9999.00-9999.00-9999.00-9999.00-9999.00-9999.00-9999.00-9999.00-9999.00-9999.00-9999.00-9999.00-9999.00 -9999.00-9999.00-9999.00-9999.00-9999.00-9999.00-9999.00-9999.00-9999.00-9999.00-9999.00-9999.00-9999.00-9999.00-9999.00-9999.00-9999.00-9999.00-9999.00-9999.00-9999.00-9999.00-9999.00-9999.00-9999.00-9999.00-9999.00-9999.00-9999.00 87.40 85.96 174.35 377.50 375.30 78.64 378.33 379.50 177.20 351.08 375.86 383.46 0.00 327.80 378.40 375.55 122.74 205.29 327.35 0.00 220.63 309.04 122.40 376.67 102.84 94.34 89.54 98.44 97.84 91.36 92.48 94.84 102.84 85.96
375.38 296.80 353.32 253.89 336.23 375.03 0.00 228.69 0.00 323.71 317.56 376.80 317.56 0.00 376.96 365.60 253.89 337.87 375.39 194.35 378.00 382.24 378.55 124.68 136.91 94.37 382.09 102.78 375.46 137.28 91.83 173.79 123.34 77.99 80.07 79.37 86.81 85.54 87.22 80.58 77.73 116.47 116.56 77.66 169.66 88.47 326.99 89.55 94.30 375.22 375.33 108.12-9999.00-9999.00-9999.00-9999.00-9999.00-9999.00-9999.00-9999.00-9999.00-9999.00-9999.00-9999.00-9999.00-9999.00-9999.00-9999.00-9999.00-9999.00-9999.00-9999.00-9999.00 -9999.00-9999.00-9999.00-9999.00-9999.00-9999.00-9999.00-9999.00-9999.00-9999.00-9999.00-9999.00-9999.00-9999.00-9999.00-9999.00-9999.00-9999.00-9999.00-9999.00-9999.00-9999.00-9999.00-9999.00-9999.00-9999.00-9999.00-9999.00-9999.00-9999.00-9999.00 141.81 92.42 93.25 250.33 373.47 380.38 255.31 370.20
383.73 258.96 300.10 387.54 399.05 375.20 109.94 274.18 395.30 327.13 119.32 109.14 377.33 380.73 100.81 378.34 382.04 86.90 149.34 131.76 375.40 105.65 375.31 125.04 375.46 0.00 375.67 375.50 379.52 84.37 107.09 198.43 376.00 375.46 112.28 109.75 130.54 93.43 94.68 382.83 404.41 122.66 89.47 81.15 124.96 378.84 78.30 376.36 158.85 107.09 98.28 88.91 386.25 379.37 322.27 79.77 84.12 270.03 378.61 85.61 89.47
87.64 80.07 89.20 104.24 91.31 378.56 86.02 369.18 85.21 129.26 249.18 100.81 82.87 94.89 330.29 366.66 127.92 90.22 139.25 86.59 81.44 373.51 80.38 87.10-9999.00-9999.00-9999.00-9999.00-9999.00-9999.00-9999.00-9999.00-9999.00-9999.00-9999.00-9999.00-9999.00-9999.00-9999.00-9999.00-9999.00-9999.00-9999.00-9999.00 -9999.00-9999.00-9999.00-9999.00-9999.00-9999.00-9999.00-9999.00-9999.00-9999.00-9999.00-9999.00-9999.00-9999.00-9999.00-9999.00-9999.00-9999.00-9999.00-9999.00-9999.00-9999.00-9999.00-9999.00-9999.00-9999.00-9999.00-9999.00-9999.00-9999.00-9999.00-9999.00-9999.00-9999.00-9999.00-9999.00-9999.00-9999.00-9999.00-9999.00-9999.00-9999.00-9999.00-9999.00-9999.00-9999.00 375.28 375.12 0.00 296.80 375.91 318.40 309.28 375.12 253.89 0.00 375.00 296.81 375.41 296.80 375.00 375.00 377.17 375.01 0.00 253.89 296.80 377.23 296.80 376.22 377.91 377.42 377.42 379.85 258.96 300.10 377.75 0.00 0.00 375.21 375.21 375.58
83.99 115.68 97.48 99.24 104.64 376.27 315.16 85.17 88.75 152.33 88.91 99.66 0.00 83.47 208.47 88.91 95.26 379.00 83.16 164.20 78.08 91.02 139.76 384.20 94.37 381.99 361.40 388.63 218.83 97.39 380.12 100.36 129.16 82.22 377.55 237.14 84.00-9999.00-9999.00-9999.00-9999.00-9999.00-9999.00-9999.00-9999.00-9999.00-9999.00-9999.00-9999.00-9999.00-9999.00-9999.00-9999.00-9999.00-9999.00 -9999.00-9999.00-9999.00-9999.00-9999.00-9999.00-9999.00-9999.00-9999.00-9999.00-9999.00-9999.00-9999.00-9999.00-9999.00-9999.00-9999.00-9999.00-9999.00-9999.00-9999.00-9999.00-9999.00-9999.00-9999.00-9999.00-9999.00-9999.00-9999.00-9999.00-9999.00-9999.00-9999.00-9999.00-9999.00-9999.00-9999.00-9999.00-9999.00-9999.00-9999.00-9999.00-9999.00-9999.00-9999.00-9999.00-9999.00-9999.00-9999.00-9999.00-9999.00-9999.00 375.32 253.89 0.00 377.04 296.80 320.47 325.87 278.42 233.46 0.00 381.28 296.80 0.00 375.87 296.80 0.00 0.00 296.80 296.81 375.31 296.80 375.53 375.20
