蒙特卡罗+CDRMV3/输出数据/2D水深分布/WaterDepthGIS_0164.ASC
ncols         539            
nrows         744            
xllcorner     602630.84259341
yllcorner     3914823.670891 
cellsize      50             
NODATA_value  -9999.00       
[rows 0 to 26 of 32, columns 305 to 365 of 539]
86.18 77.67 80.01 79.19 72.22 128.22 72.54 71.76 127.87 76.77 0.00 75.31 79.43 174.76 117.90 201.34 165.36 73.06-9999.00-9999.00-9999.00-9999.00-9999.00-9999.00-9999.00-9999.00-9999.00-9999.00-9999.00-9999.00 -9999.00-9999.00-9999.00-9999.00-9999.00-9999.00-9999.00-9999.00-9999.00-9999.00-9999.00-9999.00 84.46 72.10 254.19 83.15 135.87 0.00 75.78 358.50 87.04 149.70 98.10-9999.00-9999.00-9999.00-9999.00-9999.00-9999.00-9999.00-9999.00-9999.00-9999.00-9999.00-9999.00-9999.00-9999.00-9999.00-9999.00-9999.00-9999.00-9999.00-9999.00-9999.00-9999.00-9999.00-9999.00-9999.00-9999.00-9999.00-9999.00-9999.00-9999.00-9999.00-9999.00-9999.00-9999.00-9999.00-9999.00-9999.00-9999.00-9999.00-9999.00-9999.00-9999.00-9999.00-9999.00-9999.00-9999.00-9999.00-9999.00-9999.00-9999.00-9999.00-9999.00-9999.00-9999.00-9999.00-9999.00-9999.00-9999.00-9999.00-9999.00-9999.00-9999.00-9999.00-9999.00-9999.00-9999.00-9999.00-9999.00-9999.00-9999.00-9999.00-9999.00-9999.00-9999.00-9999.00-9999.00-9999.00-9999.00-9999.00-9999.00-9999.00-9999.00-9999.00-9999.00-9999.00-9999.00-9999.00 122.05 283.98 158.41 142.32 81.13 79.51 380.21 132.45 218.10 375.51 227.18 122.72 73.91 82.42 73.91 0.00 377.19 160.75 82.26 146.82 377.98 72.12 79.47 74.72-9999.00-9999.00-9999.00-9999.00-9999.00-9999.00-9999.00-9999.00-9999.00-9999.00-9999.00 -9999.00-9999.00-9999.00-9999.00-9999.00-9999.00-9999.00-9999.00-9999.00-9999.00-9999.00-9999.00-9999.00 88.10 113.89 80.75 127.95 120.28 0.00
350.01 325.77 0.00 109.56 171.76 70.65 84.98-9999.00-9999.00-9999.00-9999.00-9999.00-9999.00-9999.00-9999.00-9999.00-9999.00-9999.00-9999.00-9999.00-9999.00-9999.00-9999.00-9999.00-9999.00-9999.00-9999.00-9999.00-9999.00-9999.00-9999.00-9999.00-9999.00-9999.00-9999.00-9999.00-9999.00-9999.00-9999.00-9999.00-9999.00-9999.00-9999.00-9999.00-9999.00-9999.00-9999.00 98.32 379.70 81.36 270.39 99.87-9999.00-9999.00 79.11 75.75 82.72 75.98 75.10 375.76 422.16 76.49 92.57 73.06 182.65 75.98 83.39 73.91 82.26-9999.00-9999.00-9999.00 73.91 160.52 72.28 137.58 72.78 75.52 71.87 382.29 80.86 0.00 0.00 0.00 76.49 72.70 373.22 376.92 143.27 73.39 73.28 86.91 366.82 379.75 131.49 123.91 72.12 72.22 77.35 0.00 75.52 80.83 151.65 75.31 376.30 167.58
138.02 72.12 71.77 80.01 74.72 0.00 119.78 72.22 72.40 378.39 0.00 84.20 91.29 0.00 366.94 84.20 88.69 94.76 79.11 143.19 75.52 79.94 157.78-9999.00-9999.00-9999.00-9999.00-9999.00-9999.00 -9999.00-9999.00-9999.00-9999.00-9999.00-9999.00-9999.00-9999.00-9999.00-9999.00-9999.00 71.63 123.55 81.21 71.53 378.79 378.39 0.00 268.65 109.37 142.23 71.25 78.28 75.20 380.25 121.29 377.53 73.17 378.07 88.49 74.93 169.91-9999.00-9999.00-9999.00-9999.00-9999.00-9999.00-9999.00 82.86 75.75 87.18 77.35 86.91 75.52 78.35-9999.00-9999.00-9999.00-9999.00-9999.00-9999.00 76.77 174.28 93.66 84.98 307.37 367.10 82.42 83.21 187.77
79.94 376.40 74.91 116.20 377.07 82.42 385.49 112.14 82.26 355.25 73.77 145.33 377.54 76.77 0.00 75.98 81.59 96.30 384.20 86.65 80.92 129.68 84.14 377.67 81.47 77.67 0.00 149.77 72.34 90.21 125.67 304.12 73.06 0.00 86.91 83.04 173.15 71.76 88.05 80.08 72.40 369.02 252.87 74.38 228.23 72.34 74.55 74.21 86.65 152.37 74.55 212.22 72.87 114.70 126.68 81.72 73.64 113.70 203.53 86.18 0.00
206.82 72.96 81.36 340.40 288.51 71.96 73.77 72.70 376.09 79.11 74.72 80.08 71.74 381.36 89.77 72.12 357.91 206.00 386.80 82.99 90.61 399.42 72.54 82.88 378.59 73.64 304.69 73.28 72.62 379.25 78.72 80.55 81.72 71.74 140.30 230.94 376.32 376.53 79.11 387.88 380.88 0.00 78.72 87.46 356.30 74.06 139.76 209.35 378.53 311.77 120.37-9999.00-9999.00-9999.00-9999.00-9999.00-9999.00-9999.00-9999.00-9999.00-9999.00 -9999.00-9999.00-9999.00-9999.00-9999.00-9999.00-9999.00-9999.00 375.65 89.78 72.83 85.25 375.64 376.81 74.67 78.77 91.28
372.47 0.00 110.64 80.39 74.06 382.16 91.29 245.13 163.37 80.73 114.94 87.46 191.07 82.12 80.73 80.08 71.96 135.23 169.43 379.66 379.26 380.29 379.71 0.00 0.00 0.00 0.00 92.49 357.81 106.32 0.00 89.26 268.21 80.86 90.18 105.14 334.31 79.51 357.78 77.67-9999.00-9999.00-9999.00-9999.00-9999.00-9999.00-9999.00-9999.00-9999.00 -9999.00-9999.00 80.33 74.42 77.91 88.49 257.90 363.86 72.99 79.83 78.77 379.48 109.51 77.13 122.00 308.76 78.22 77.68 70.41 113.01 0.00 75.20
113.28 71.83 212.48 0.00 352.32 185.09 135.18 72.54 78.00 377.58 72.47 79.66 71.78 152.10 214.00 81.85 80.23 128.46 80.23 127.10 73.51 117.74 72.08 129.84 71.81 131.44 0.00 102.35 143.97 379.16 375.16 356.58 102.65 356.32 98.32 377.99 73.17 93.96 72.70 85.71 379.12 394.96 73.64 90.61-9999.00-9999.00-9999.00-9999.00-9999.00-9999.00 -9999.00-9999.00-9999.00-9999.00-9999.00 83.15 143.09 229.89 386.73 378.04 72.67 129.45 375.94 256.14 80.07 75.20 77.13 379.35 71.74 0.00 71.43
73.28 0.00 116.12 156.73 72.12 81.36 71.90 379.89 113.82 74.55 124.89 71.90 109.29 384.42 91.29 176.79 72.62 80.23 72.78 109.88 377.32 75.75 0.00 0.00 224.05 82.99 377.79 376.59 225.65 111.98 91.67 112.14 97.31 95.72 93.34 84.55 378.36 377.69 323.79 154.39 77.35-9999.00-9999.00-9999.00-9999.00-9999.00-9999.00-9999.00 -9999.00-9999.00-9999.00-9999.00-9999.00-9999.00-9999.00 77.51 119.25 144.50 0.00 112.24 77.72 70.23 141.75 70.28 298.50 0.00 134.46 355.63 172.72 145.21 72.99 178.01 369.64 83.15
131.74 78.72 71.77 130.49 303.29 81.36 0.00 93.76 378.54 378.64 376.38 303.11 158.02 184.21 84.20 348.53 85.90 83.04 72.28 148.49 205.03 77.05-9999.00-9999.00-9999.00-9999.00-9999.00-9999.00-9999.00-9999.00-9999.00 -9999.00-9999.00-9999.00-9999.00-9999.00-9999.00-9999.00-9999.00-9999.00 71.74 136.04 0.00 84.46 77.83 73.17 0.00 110.12 70.27 80.07 79.95 72.67 71.53 393.54 125.40 84.50 71.09 106.81 372.21 116.67 71.74 0.00 110.83 71.43 367.36 147.14 70.88 126.54 71.53 117.96 108.15 0.00 0.00 155.33 70.94 380.44 406.75 386.03
0.00 81.91 322.90 374.84 71.43 72.51 314.11 380.62 112.79 77.51 73.96 122.02 228.35 114.73 0.00 250.63 200.14 70.24 70.56 124.38 74.93 79.95 303.03 111.03 87.59 82.51 82.07 89.32 75.20 174.13 139.65 376.27 81.91 95.68 84.50 92.37 89.32 82.07 73.35 184.78 205.52 376.16 302.48 70.56 0.00 380.39 382.33 380.33 71.74 86.15 80.46 86.15 71.83 125.03 375.50 74.91 0.00 142.83 73.17 73.91 81.36
114.84 382.13 72.67 82.26 125.31 75.78 199.99 377.09 84.98 124.28 73.55 260.99 122.90 70.31 123.54 87.59 0.00 174.93 113.18 73.51 88.40 76.77 80.46 123.68 81.98 72.70 110.53 200.51 0.00 73.39 83.04 84.76 98.26 79.51 379.12 87.18 86.18 82.56 86.91 90.21 375.75 80.92 71.78 158.41 80.15 74.38 130.74 261.33 75.10 181.89 0.00 312.96 182.85 140.38 74.72 132.14 79.89 144.86 78.35 112.48 377.64
123.99 78.72 0.00 84.55 81.98 232.42 76.49 318.73 80.39 83.95 79.47 74.21 74.21 409.54 81.36 73.39 116.90 0.00 325.53 109.63 72.40 79.61 71.83 73.91 178.26 278.09 81.98 80.38 130.97 117.41 379.30 76.77 378.00 207.58 85.50 379.01 378.63 314.17 209.35 189.99 0.00 386.66 382.92 382.03 357.95 364.35 104.52 375.86 379.19 379.91 375.26 375.39 85.59 88.71 93.26 83.93 231.36 118.35 72.47 151.83 83.04
375.74 377.90 205.92 119.88 376.25 125.79 376.07 372.47 379.03 257.79 86.88 342.40 149.19 189.75 378.56 376.11 148.89 131.78 72.70-9999.00-9999.00-9999.00-9999.00-9999.00-9999.00-9999.00-9999.00-9999.00-9999.00-9999.00-9999.00-9999.00 -9999.00-9999.00-9999.00-9999.00-9999.00-9999.00-9999.00-9999.00-9999.00 80.47 77.16 295.95 72.10 380.23 376.46 74.42 378.82 70.34 127.22 73.55 0.00 378.28 0.00 248.47 120.90 72.67 83.38 125.72 159.17 0.00 162.33 71.43 80.20 164.76 382.36 135.41 138.56 72.37 70.23 0.00 375.89 158.76 109.51 77.13 71.34 379.28 376.89 81.89 70.23 380.91
75.20 77.59 78.47 92.33 89.10 77.87 0.00 117.39 77.13 85.81 133.70 76.42 70.88 126.52 163.34 250.41 0.00 78.77 71.43 123.53 0.00 70.52 77.79 70.41 78.47 79.38 75.18 83.51 70.29 72.12 132.01 79.39 72.78 81.36 84.14 86.18 0.00 0.00 0.00 277.37 81.68 78.82 375.93 375.88 128.65 348.68 376.62 84.72 82.72 117.20 378.22 162.14 71.83 75.75 178.80 376.89 341.71 82.99 73.64 372.76 84.98
383.34 137.96 81.98 74.72 193.72 369.27 82.42 375.57 0.00 0.00 225.75 376.06 82.64 101.12 74.61 82.15 126.88 121.94 73.17 86.91 80.38 335.60 81.59 375.96 78.00 74.38 379.32 118.07 83.76-9999.00-9999.00-9999.00-9999.00-9999.00-9999.00-9999.00-9999.00-9999.00-9999.00-9999.00-9999.00-9999.00-9999.00 -9999.00-9999.00-9999.00-9999.00-9999.00-9999.00-9999.00-9999.00-9999.00-9999.00-9999.00-9999.00-9999.00-9999.00-9999.00 87.59 84.50 356.06 97.40 89.78 85.96 264.42 376.22 378.87 0.00 109.65 70.81 70.26 107.22 340.05 79.02 72.51 107.72 171.48 0.00 124.31 79.24 77.72 70.36 149.16 0.00 174.64 70.44 82.07 70.60 0.00
177.93 81.91 79.11 110.35 74.06 275.24 94.22 89.39 91.29 90.61 73.17 381.90 78.72 376.97 264.22 74.38 78.72 74.38 345.68 236.56 116.51 73.51 113.82 376.60 86.15 382.60 338.59 126.53 140.74 76.77 85.90 79.43 71.76 73.28 148.65 388.12 79.51 72.87 71.78 151.90 0.00 0.00 386.29 80.86 79.13 90.74 379.09 146.71 108.81 72.04 72.34 110.83 72.40 353.66 124.62 74.72-9999.00-9999.00-9999.00-9999.00-9999.00-9999.00-9999.00-9999.00-9999.00-9999.00-9999.00-9999.00-9999.00-9999.00-9999.00-9999.00-9999.00-9999.00 -9999.00-9999.00-9999.00-9999.00-9999.00-9999.00-9999.00-9999.00-9999.00-9999.00-9999.00-9999.00-9999.00-9999.00-9999.00-9999.00-9999.00 80.23 80.77 93.19 111.11
377.51 96.78 79.46 0.00 0.00 0.00 95.93 303.83 87.82 156.46 75.49 378.82 375.68 375.31 72.99 114.28 88.49 70.38 291.41 378.81 90.61 170.74 390.21 79.94 87.61 376.32 78.72 81.36 0.00 89.26 380.98 310.77 274.51 134.42 74.21 80.92 81.36 157.27 80.64 220.78 375.68 322.43 117.92 72.87 87.75 143.03 72.78 71.96 123.23 75.52 0.00 80.86 159.50 282.50 97.72 382.03 74.21 80.64 91.06 383.81 378.51
75.78 120.56 376.48 77.13 378.05 377.92 0.00 379.13 83.81 356.79 375.70 79.72 388.44 0.00 77.51 75.78 84.20 131.83 363.25 88.40 388.40 382.80 389.94 384.18 379.44 113.58 79.71 81.72 77.35 380.96 74.38 349.82 72.40 79.01 84.98 245.02 75.10 73.39 123.30 287.40 376.76 101.76 84.20 79.77 72.70 106.32 0.00 0.00 360.92 342.64 317.30 228.38 121.08 72.22 79.28 120.38 83.39 71.79 110.40 87.18-9999.00-9999.00-9999.00-9999.00-9999.00-9999.00-9999.00-9999.00-9999.00-9999.00-9999.00-9999.00-9999.00-9999.00-9999.00-9999.00-9999.00-9999.00-9999.00-9999.00 -9999.00-9999.00-9999.00-9999.00-9999.00-9999.00-9999.00-9999.00-9999.00-9999.00-9999.00-9999.00-9999.00-9999.00-9999.00-9999.00-9999.00-9999.00-9999.00-9999.00
195.24 382.40 377.50 124.37 164.05 375.46 121.44 190.39 0.00 0.00 0.00 377.86 79.51 0.00 82.42 383.90 74.72 367.94 122.32 71.93 117.29 72.96 122.41 378.54 375.54 77.05 379.97 381.59 0.00 366.69 79.94 311.36 82.42 112.05 0.00 73.28 79.51 84.14 84.76 85.50 122.40 0.00 382.89 73.77 83.76 379.35 211.79 123.30 73.39-9999.00-9999.00-9999.00-9999.00-9999.00-9999.00-9999.00-9999.00-9999.00-9999.00-9999.00-9999.00-9999.00-9999.00-9999.00-9999.00-9999.00 -9999.00-9999.00-9999.00-9999.00-9999.00-9999.00-9999.00-9999.00-9999.00-9999.00-9999.00-9999.00-9999.00-9999.00-9999.00-9999.00-9999.00-9999.00-9999.00-9999.00-9999.00-9999.00-9999.00-9999.00-9999.00 87.38 71.09 174.46 337.72 76.09 419.24 118.33 74.67 71.97 128.50 86.40
80.39 73.17 109.93 361.63 135.04 73.39 71.93 123.08 376.68 0.00 365.75 123.78 79.58 84.14 80.92 80.38 87.18 0.00 113.74 73.17 81.85 375.38 173.73 73.17 74.21 160.56 351.22-9999.00-9999.00-9999.00-9999.00-9999.00-9999.00-9999.00-9999.00-9999.00-9999.00-9999.00-9999.00-9999.00-9999.00-9999.00-9999.00-9999.00-9999.00-9999.00 -9999.00-9999.00-9999.00-9999.00-9999.00-9999.00-9999.00-9999.00-9999.00-9999.00-9999.00-9999.00-9999.00-9999.00-9999.00-9999.00-9999.00-9999.00-9999.00-9999.00-9999.00-9999.00 84.46 84.50 146.86 376.98 90.25 72.67 90.25 80.75 81.21 120.01 72.83 0.00 0.00 0.00 297.10 0.00 147.71 103.72 89.32 120.70 85.52 87.38 148.39 87.59 161.16 86.71 221.81 91.82 86.71 78.33 75.78 393.06 376.00
381.14 378.16 340.83 281.37 86.61 360.79 118.74 72.96 81.36 0.00 73.51 83.57 121.24 84.55 114.97 83.21-9999.00-9999.00-9999.00-9999.00-9999.00-9999.00-9999.00-9999.00-9999.00-9999.00-9999.00-9999.00-9999.00-9999.00-9999.00-9999.00-9999.00-9999.00-9999.00-9999.00-9999.00-9999.00 -9999.00-9999.00-9999.00-9999.00-9999.00-9999.00-9999.00-9999.00-9999.00-9999.00-9999.00-9999.00-9999.00-9999.00-9999.00-9999.00-9999.00 74.67 165.04 79.72 73.17 86.10 79.24 71.85 167.28 120.16 129.20 381.59 0.00 0.00 122.62 70.70 71.53 367.62 73.55 130.64 371.29 377.03 0.00 356.46 94.82 352.44 375.81 103.72 380.21 142.90 85.96 91.91 341.85 378.60 352.04 125.31 82.51 77.51 76.42 97.54 96.78 108.62 375.97 0.00 382.14
384.20 0.00 71.79 77.35 133.06 84.76-9999.00-9999.00-9999.00-9999.00-9999.00-9999.00-9999.00-9999.00-9999.00-9999.00-9999.00-9999.00-9999.00-9999.00-9999.00-9999.00-9999.00-9999.00-9999.00-9999.00-9999.00-9999.00-9999.00-9999.00 -9999.00-9999.00-9999.00-9999.00-9999.00-9999.00-9999.00-9999.00-9999.00-9999.00-9999.00-9999.00-9999.00-9999.00-9999.00-9999.00-9999.00-9999.00-9999.00 82.26 84.50 86.75 381.74 153.04 89.54 87.04 74.19 74.19 119.61 349.22 77.13 383.85 71.17 72.83 74.93 112.33 379.94 0.00 0.00 265.55 376.26 394.47 368.55 375.38 254.81 376.11 201.00 108.46 378.94 376.09 346.45 381.08 79.72 90.25 74.93 78.77 90.68 375.08 375.63 376.15 376.57 135.13 127.51 0.00 376.48 363.92 375.70 360.62 177.65 375.78 378.29 386.48 177.65
294.79 401.02 96.01 201.17 127.51 377.04 375.52 262.70 326.27 378.96 0.00 0.00 383.32 376.19 326.32 378.00 378.84 0.00 317.80 380.40 180.84 386.51 265.55 133.05 375.09 182.53 90.33 130.43 87.04 72.51 72.99 80.49 77.64 126.88 70.75 379.31 0.00 98.26 382.12 379.89 380.76 72.54 79.51 80.23 73.64 72.70 110.58 379.13 363.52 71.85 125.54 121.11 174.58 73.06 133.11 84.55 78.72 343.71 117.03 81.59-9999.00-9999.00-9999.00-9999.00-9999.00-9999.00-9999.00-9999.00-9999.00-9999.00-9999.00-9999.00-9999.00-9999.00-9999.00-9999.00-9999.00-9999.00-9999.00-9999.00-9999.00-9999.00 -9999.00-9999.00-9999.00-9999.00-9999.00-9999.00-9999.00-9999.00-9999.00-9999.00-9999.00-9999.00-9999.00-9999.00-9999.00-9999.00-9999.00-9999.00-9999.00-9999.00-9999.00-9999.00-9999.00-9999.00-9999.00-9999.00-9999.00-9999.00-9999.00-9999.00-9999.00
375.39 375.59 233.59 375.17 233.59 0.00 323.42 375.23 376.11 0.00 253.09 88.40 217.90 95.96 111.02 137.00 374.59 105.93 77.64 352.78 352.05 88.40 74.14 83.07 82.28 93.97 113.95 95.81 110.36 120.31 378.50 376.11 376.45 153.76 294.08 276.84 376.15 376.15 376.15 0.00 0.00 0.00 328.38 376.46 312.05 0.00 356.10 268.88 377.00 362.04 182.80 221.23 375.64 130.85 370.41 381.33 371.00 82.93 359.12 379.77 86.59
379.67 383.79 76.80-9999.00-9999.00-9999.00-9999.00-9999.00-9999.00-9999.00-9999.00-9999.00-9999.00-9999.00-9999.00-9999.00-9999.00-9999.00-9999.00-9999.00-9999.00-9999.00-9999.00-9999.00-9999.00-9999.00 -9999.00-9999.00-9999.00-9999.00-9999.00-9999.00-9999.00-9999.00-9999.00-9999.00-9999.00-9999.00-9999.00-9999.00-9999.00-9999.00-9999.00-9999.00-9999.00-9999.00-9999.00-9999.00-9999.00-9999.00-9999.00-9999.00-9999.00-9999.00-9999.00-9999.00-9999.00-9999.00-9999.00-9999.00-9999.00-9999.00 122.99 376.37 375.05 371.84 377.33 375.90 375.94 377.50 377.52 377.81 294.08 294.08 0.00 0.00 312.06 375.00 382.39 375.91 297.38 297.38 375.00 377.29 297.39 376.06 297.39 0.00 347.07 86.84 86.97 81.07 81.82 87.41 90.55 76.31 186.52 213.68 107.62 77.24 386.80 77.24 96.05 100.57 80.50 83.93 367.74 105.73 85.26 0.00 383.54 281.12 375.88 79.93 383.17 170.70 0.00 376.40 376.19
375.21 225.74 0.00 382.51 375.22 213.20 375.37 375.33 311.41 153.76 373.10 315.72 360.05 115.33 85.81 80.34 81.29 79.34 71.00 79.02 96.61 93.52 79.45 375.61 82.93 379.94 78.06 84.80 95.35 82.42 71.78 117.97 91.75 378.24 74.39 71.30 73.47 379.03 71.00 113.08 93.66 368.93 92.04-9999.00-9999.00-9999.00-9999.00-9999.00-9999.00-9999.00-9999.00-9999.00-9999.00-9999.00-9999.00-9999.00-9999.00-9999.00-9999.00-9999.00-9999.00-9999.00-9999.00 -9999.00-9999.00-9999.00-9999.00-9999.00-9999.00-9999.00-9999.00-9999.00-9999.00-9999.00-9999.00-9999.00-9999.00-9999.00-9999.00-9999.00-9999.00-9999.00-9999.00-9999.00-9999.00-9999.00-9999.00-9999.00-9999.00-9999.00-9999.00-9999.00-9999.00-9999.00-9999.00-9999.00-9999.00-9999.00-9999.00-9999.00-9999.00-9999.00-9999.00-9999.00-9999.00-9999.00-9999.00-9999.00-9999.00-9999.00 375.62 294.08 0.00 375.27 268.88 375.34 312.06 379.89 0.00 375.00 294.08 375.52 350.98 268.88 375.00 375.00 378.79
294.08 294.08 0.00 294.08 0.00 0.00 294.08 375.13 377.60 375.43 375.25 233.11 324.02 191.46 376.25 375.44 177.92 120.31 200.55 178.63 87.80 397.09 355.82 286.76 76.66 78.06 0.00 77.64 86.26 73.68 90.58 119.54 381.58 78.06 194.49 194.99 82.28 369.09 387.86 383.28 169.23 84.31 84.31 89.43 90.58 380.53 76.33 334.38 407.69 367.32 126.06 84.59-9999.00-9999.00-9999.00-9999.00-9999.00-9999.00-9999.00-9999.00-9999.00-9999.00-9999.00-9999.00-9999.00-9999.00-9999.00-9999.00-9999.00-9999.00 -9999.00-9999.00-9999.00-9999.00-9999.00-9999.00-9999.00-9999.00-9999.00-9999.00-9999.00-9999.00-9999.00-9999.00-9999.00-9999.00-9999.00-9999.00-9999.00-9999.00-9999.00-9999.00-9999.00-9999.00-9999.00-9999.00-9999.00-9999.00-9999.00-9999.00-9999.00-9999.00-9999.00-9999.00-9999.00-9999.00-9999.00-9999.00-9999.00-9999.00-9999.00-9999.00-9999.00-9999.00-9999.00-9999.00-9999.00-9999.00-9999.00-9999.00-9999.00-9999.00-9999.00 375.59 0.00 294.08 375.71 221.17 367.03 273.99 312.06
