蒙特卡罗+CDRMV3/输出数据/2D水深分布/WaterDepthGIS_0142.ASC
ncols         539            
nrows         744            
xllcorner     602630.84259341
yllcorner     3914823.670891 
cellsize      50             
NODATA_value  -9999.00       
[rows 0 to 26 of 32, columns 122 to 182 of 539]
85.29 381.15 143.72 80.19 178.99 90.34-9999.00-9999.00-9999.00-9999.00-9999.00-9999.00-9999.00-9999.00-9999.00-9999.00-9999.00-9999.00-9999.00-9999.00 -9999.00-9999.00-9999.00-9999.00-9999.00-9999.00-9999.00-9999.00-9999.00-9999.00-9999.00-9999.00-9999.00-9999.00-9999.00-9999.00-9999.00-9999.00-9999.00-9999.00-9999.00-9999.00-9999.00-9999.00-9999.00-9999.00-9999.00-9999.00-9999.00-9999.00-9999.00-9999.00-9999.00-9999.00-9999.00-9999.00-9999.00-9999.00-9999.00-9999.00-9999.00-9999.00-9999.00-9999.00-9999.00-9999.00-9999.00-9999.00-9999.00-9999.00-9999.00-9999.00-9999.00-9999.00-9999.00-9999.00-9999.00-9999.00-9999.00-9999.00-9999.00-9999.00-9999.00-9999.00-9999.00-9999.00-9999.00-9999.00-9999.00-9999.00-9999.00-9999.00-9999.00-9999.00-9999.00-9999.00-9999.00-9999.00-9999.00-9999.00-9999.00-9999.00-9999.00-9999.00-9999.00-9999.00-9999.00-9999.00-9999.00-9999.00-9999.00-9999.00-9999.00-9999.00-9999.00-9999.00-9999.00-9999.00-9999.00-9999.00-9999.00-9999.00-9999.00-9999.00-9999.00-9999.00-9999.00-9999.00-9999.00-9999.00-9999.00-9999.00-9999.00-9999.00-9999.00-9999.00 79.29 175.08 80.63 134.50 79.10 376.28 387.46 79.12 209.53 0.00 141.48 80.01 370.38 80.01 81.81-9999.00-9999.00-9999.00-9999.00-9999.00-9999.00-9999.00-9999.00-9999.00-9999.00-9999.00-9999.00-9999.00-9999.00 -9999.00-9999.00-9999.00-9999.00-9999.00-9999.00-9999.00-9999.00-9999.00-9999.00-9999.00-9999.00 94.04 84.76 97.26 97.71 85.46 95.00-9999.00-9999.00-9999.00-9999.00-9999.00-9999.00-9999.00-9999.00-9999.00-9999.00-9999.00-9999.00-9999.00-9999.00-9999.00-9999.00-9999.00-9999.00-9999.00-9999.00-9999.00-9999.00-9999.00-9999.00-9999.00-9999.00-9999.00-9999.00-9999.00-9999.00-9999.00-9999.00-9999.00-9999.00-9999.00-9999.00-9999.00-9999.00-9999.00-9999.00-9999.00-9999.00-9999.00-9999.00-9999.00-9999.00-9999.00-9999.00-9999.00-9999.00-9999.00-9999.00-9999.00-9999.00-9999.00-9999.00-9999.00-9999.00-9999.00-9999.00-9999.00-9999.00-9999.00-9999.00-9999.00-9999.00-9999.00-9999.00-9999.00-9999.00-9999.00-9999.00-9999.00-9999.00-9999.00-9999.00-9999.00-9999.00-9999.00-9999.00-9999.00-9999.00-9999.00-9999.00-9999.00-9999.00-9999.00-9999.00-9999.00-9999.00-9999.00-9999.00-9999.00-9999.00-9999.00-9999.00-9999.00 79.85 118.52 165.29 376.31 80.75 324.74 385.58 85.98 86.96 80.01 0.00 83.54 352.78 81.31 87.36 141.48 88.30-9999.00-9999.00-9999.00-9999.00-9999.00-9999.00-9999.00-9999.00-9999.00-9999.00-9999.00-9999.00-9999.00 -9999.00-9999.00-9999.00-9999.00-9999.00-9999.00-9999.00-9999.00-9999.00-9999.00-9999.00 84.76 155.52 202.96 98.50 212.67 321.01 82.74-9999.00-9999.00-9999.00-9999.00-9999.00-9999.00-9999.00-9999.00-9999.00-9999.00-9999.00-9999.00-9999.00-9999.00-9999.00-9999.00-9999.00-9999.00-9999.00-9999.00-9999.00-9999.00-9999.00-9999.00-9999.00-9999.00-9999.00-9999.00-9999.00-9999.00-9999.00-9999.00-9999.00-9999.00-9999.00-9999.00-9999.00-9999.00-9999.00-9999.00-9999.00-9999.00-9999.00-9999.00-9999.00-9999.00-9999.00-9999.00-9999.00-9999.00-9999.00-9999.00-9999.00-9999.00-9999.00-9999.00-9999.00-9999.00-9999.00-9999.00-9999.00-9999.00-9999.00-9999.00-9999.00-9999.00-9999.00-9999.00-9999.00-9999.00-9999.00-9999.00-9999.00-9999.00-9999.00-9999.00-9999.00-9999.00-9999.00-9999.00-9999.00-9999.00-9999.00-9999.00-9999.00-9999.00-9999.00-9999.00-9999.00-9999.00-9999.00-9999.00-9999.00-9999.00-9999.00-9999.00-9999.00 87.48 88.08 91.10 80.51 379.65 385.84 84.97
120.09 89.32 259.11 80.29 87.77 90.47 88.15 80.63 92.84 92.00 79.85 92.70 138.63 84.07 87.52 0.00 186.53 79.77 82.60 272.91 379.00 383.84 382.02 80.63 79.47 242.57 129.28 90.34-9999.00-9999.00 -9999.00-9999.00-9999.00-9999.00-9999.00-9999.00-9999.00-9999.00-9999.00-9999.00-9999.00-9999.00-9999.00-9999.00-9999.00 79.16 135.73 364.88 79.92 78.54 0.00 93.45 96.47 145.74 88.91-9999.00-9999.00-9999.00-9999.00-9999.00-9999.00-9999.00-9999.00-9999.00-9999.00-9999.00-9999.00-9999.00-9999.00-9999.00-9999.00-9999.00-9999.00-9999.00-9999.00-9999.00-9999.00-9999.00-9999.00-9999.00-9999.00-9999.00-9999.00-9999.00-9999.00-9999.00-9999.00-9999.00-9999.00-9999.00-9999.00-9999.00-9999.00-9999.00-9999.00-9999.00 87.11 102.18-9999.00-9999.00-9999.00-9999.00-9999.00-9999.00 90.19 89.33 125.89 89.55 86.72 380.94 83.29 90.93 345.50 203.98-9999.00-9999.00-9999.00-9999.00-9999.00-9999.00-9999.00-9999.00 80.40 122.63 146.25 385.68 304.62 90.33 373.97 90.93 84.07 378.04
80.16 203.46 156.57 376.11 0.00 141.77 125.96 80.16 79.08 400.72 251.20 93.18 191.97 100.18 98.50 104.67-9999.00-9999.00-9999.00-9999.00-9999.00-9999.00-9999.00-9999.00-9999.00-9999.00-9999.00-9999.00-9999.00-9999.00-9999.00-9999.00-9999.00-9999.00-9999.00-9999.00-9999.00-9999.00-9999.00-9999.00-9999.00-9999.00 83.29 105.83 91.46 102.18 85.63 92.84 93.32 218.59 94.39 377.99 88.63 377.05 90.19 87.89 93.83 93.32 80.88 141.94 378.31 92.84 81.99 0.00 0.00 372.09 83.54 82.82 125.90 382.32 82.82 88.63 84.97 90.47 88.63 80.19 172.81 80.63 87.89 79.37 380.24 124.94 88.81 86.34 80.29 81.31 80.51
141.28 201.56 0.00 0.00 310.89 82.19 83.54 87.95 98.65 88.02 83.29 0.00 164.85 0.00 164.85 379.36 202.45 87.52 95.31 419.24 378.10 376.94 88.39 96.72-9999.00-9999.00-9999.00-9999.00-9999.00-9999.00 -9999.00-9999.00-9999.00-9999.00-9999.00-9999.00-9999.00-9999.00-9999.00-9999.00-9999.00-9999.00 240.49 93.21 84.43 82.26 117.02 187.11 362.05 0.00 156.39 79.92 78.73 0.00 378.02 80.16 78.54 263.84 80.43 378.50 89.44 152.76 88.52-9999.00-9999.00-9999.00-9999.00 96.86 98.08 80.04 188.49 379.27 83.05 382.26 81.99 88.39 232.57 92.06 196.99 86.72 369.24 92.62
140.67 143.61 84.12 98.50 335.61 92.66 87.04 378.90 92.49 379.75 155.79 99.69 91.95 84.12 87.18 80.58 388.74 378.10 94.68 382.45 157.97 92.70 105.83 101.31 89.92 85.29 92.41 84.07 368.29 0.00 94.68 380.84 79.42 0.00 81.64 134.34 86.72 92.84 95.83 116.80 80.01 339.15 141.47 81.02 85.98 0.00 79.52 89.55 89.01 84.07 85.29 90.19 337.77 84.97 0.00 126.74 80.10 173.10 89.11 121.43 342.86
92.70 99.04 83.54 151.27 117.82 82.19 84.66 381.45 79.14 0.00 87.11 88.81 79.07 0.00 79.33 94.68 91.81 375.91 87.11 89.32 377.08 80.29 145.82 88.54 80.19 0.00 120.13 80.19 80.51 166.09 0.00 225.26 131.21 312.72 101.31 238.89 137.96 80.63 89.11 176.86 100.92 380.28 352.62 80.63 93.08 81.31 143.89 399.84 381.32 79.58 381.52 139.13 84.36 80.01 376.60 180.37 93.08 363.50 79.70 268.96 92.62
87.04 98.50 94.68 117.18 378.41 81.64 379.53 379.28 0.00 0.00 79.93 134.45 0.00 118.43 79.70 93.32 87.11 382.25 79.42 79.85 163.26 89.43 80.75 80.51 0.00 119.85 80.40 87.14 129.58 0.00 84.66 316.17 81.81 135.17 90.19 95.31 123.09 280.11 104.84 378.96 385.72 342.93 263.66 96.00 357.33 243.83 80.29 97.10 87.36 79.37 0.00 87.95 91.27 133.36 88.91 89.01 90.05 80.40 205.80 81.99 89.11
306.89 311.77 98.71 344.11 92.41 94.99 85.29 87.95 80.63 133.45 142.04 86.72 0.00 84.97 385.71 376.36 356.67 213.57 81.02 80.75 133.07 87.72 88.63 82.19 0.00 79.64 90.62 131.77 0.00 79.85 79.70 123.53 88.54 87.89 92.62 85.63 79.58 123.46 222.85 100.49 0.00 118.61 79.70 89.11 80.40 90.78 88.46 82.82 266.73 117.92 0.00 90.89 90.93 89.21 88.15 84.36 118.91 380.54 118.02 88.63 82.39
80.30 79.07 90.93 265.35 83.29 89.33 166.20 80.88 121.23 376.23 377.66 88.85 0.00 83.05 385.23 380.32 383.86 81.99 82.19 89.01 97.48 177.30 376.27 82.60 88.39 100.92 88.38 87.95 0.00 357.85 143.32 79.85 88.38 259.89 125.00 82.19 96.36 244.13 376.22 0.00 207.32 80.10 99.61 138.60 385.49 375.36 90.47 97.48 79.12 283.40 94.10 85.29 0.00 119.44 85.98 88.30 89.01 87.17 82.82 378.32 0.00
177.66 0.00 0.00 90.33 93.32 99.04 146.77 94.68 160.98 132.04 0.00 90.89 370.80 138.91 132.67 87.67 88.91 88.46 80.88 149.04 379.08 0.00 0.00 144.46 85.98 0.00 90.34 148.79 150.53 81.47 87.95 131.37 86.72 378.49 0.00 108.61 381.76 381.39 125.44 83.05 90.62 89.79 88.30 82.82 82.60 100.54 96.36 197.02 84.36 146.18 98.26-9999.00-9999.00-9999.00-9999.00-9999.00-9999.00-9999.00-9999.00 -9999.00-9999.00-9999.00-9999.00-9999.00-9999.00-9999.00-9999.00-9999.00-9999.00 86.76 120.43 121.92 0.00 377.71 79.32 82.99 88.76 89.72
0.00 375.57 82.46 0.00 386.87 381.17 316.94 0.00 375.44 372.65 271.60 93.43 91.27 87.95 386.50 81.64 82.82 80.88 80.75 93.83 94.68 370.41 143.79 88.85-9999.00-9999.00-9999.00-9999.00-9999.00-9999.00-9999.00-9999.00 -9999.00-9999.00-9999.00-9999.00-9999.00-9999.00-9999.00-9999.00-9999.00-9999.00 90.20 132.33 118.50 0.00 222.24 90.37 100.83 86.27 78.57 89.44 395.72 78.65 87.39 87.72 78.72 0.00 156.00 79.23 97.67 84.76 138.14 78.95 208.57 380.96 239.87 123.71 83.82 79.69 221.45 382.24 92.66 88.41 388.27 80.29 92.17 89.98
0.00 82.99 93.45 86.22 136.11 129.40 81.62 0.00 297.98 298.79 119.37 89.44 92.91 379.49 94.35 137.80 361.08 83.25 90.91 376.63 87.81 78.95 169.53 0.00 89.42 95.71 89.72 86.58 78.40 88.20 91.51 376.51 86.54 308.98 86.06 87.72 78.37 337.58 0.00 179.17 133.43 78.51 86.36 85.46 317.99 81.99 154.69 375.46 375.70 79.33 148.64 0.00 140.48 79.85 89.79 91.44 80.75 148.35 0.00 125.58 88.39
0.00 128.69 81.43 202.26 96.71 78.41 144.15 345.81 378.76 177.52 91.72 83.54 0.00 380.01 84.07 398.17 81.81 114.65 89.82 134.35 0.00 144.09 82.39 80.63 381.53 86.34 84.97 195.39 94.39 376.76 93.57 79.07 386.63 102.41 81.02 91.46 0.00 376.44 353.83 86.72 84.36 376.77 79.10 89.21 81.31 380.47 82.60 337.55 376.97 384.77 92.70 98.68 193.06 382.82 241.98 376.20 263.18 263.18 0.00 375.42 376.40
90.89 82.19 87.52 291.34 0.00 0.00 283.06 376.62 378.58 263.24 0.00 0.00 0.00 113.25 192.26 231.05 0.00 0.00 0.00 84.43 0.00 0.00 381.02 99.04 82.39 363.47 377.25 119.71 80.19 81.47 92.84-9999.00-9999.00-9999.00-9999.00-9999.00-9999.00-9999.00-9999.00-9999.00-9999.00-9999.00-9999.00-9999.00-9999.00 -9999.00-9999.00-9999.00-9999.00-9999.00-9999.00-9999.00-9999.00-9999.00-9999.00 95.75 184.75 247.42 89.87 167.85 161.27 375.28 89.28 89.87 361.09 375.26 0.00 84.43 78.43 78.78 87.28 88.52 88.41 216.55 82.49 124.57 0.00 325.79 0.00 151.57 118.63 117.63 87.18 79.59
0.00 119.61 78.89 96.04 0.00 166.22 117.64 87.90 86.54 83.25 0.00 79.40 202.82 80.58 92.91 161.85 88.76 86.50 79.23 88.09 78.69 0.00 0.00 121.58 78.69 330.91 131.58 87.25 93.45 82.04 364.83 89.57 132.89 364.11 157.15 122.39 79.70 380.18 0.00 376.10 375.39 374.88 89.33 109.47 92.68 92.92 80.51 83.05 350.31 311.60 89.64 381.63 123.29 81.81 81.31 173.55 88.46 123.87 82.19 375.29 227.36
247.02 222.46 0.00 140.83 78.26 81.18 89.21 385.40 377.55 376.90 79.29 90.33 79.14 120.93 89.32 90.33 81.02-9999.00-9999.00-9999.00-9999.00-9999.00-9999.00-9999.00-9999.00-9999.00-9999.00-9999.00-9999.00-9999.00-9999.00-9999.00-9999.00 -9999.00-9999.00-9999.00-9999.00-9999.00-9999.00-9999.00-9999.00-9999.00-9999.00-9999.00-9999.00-9999.00-9999.00-9999.00-9999.00-9999.00 104.74 91.80 85.46 82.74 89.87 80.43 78.49 125.78 0.00 78.78 90.72 80.29 236.36 78.45 178.45 379.97 78.78 388.44 0.00 127.23 81.43 79.40 0.00 86.22 86.93 79.02 172.05 376.60 0.00 382.76 381.88 377.92 340.45 167.14 80.73 86.17 119.74 194.82 373.99 0.00 85.83 87.81 88.41
97.48 379.59 81.81 143.22 89.01 80.88 80.01 382.11 82.39 88.15 81.16 79.05 118.69 0.00 132.88 91.46 94.39 100.92 246.48 84.76 95.82 82.39 94.39 202.44 123.50 80.19 92.84 303.29 188.96 130.89 92.70-9999.00-9999.00-9999.00-9999.00-9999.00-9999.00-9999.00-9999.00-9999.00-9999.00-9999.00-9999.00-9999.00-9999.00-9999.00-9999.00-9999.00-9999.00-9999.00 -9999.00-9999.00-9999.00-9999.00-9999.00-9999.00-9999.00-9999.00-9999.00-9999.00-9999.00-9999.00-9999.00-9999.00-9999.00-9999.00-9999.00 83.53 286.17 146.42 84.43 198.42 369.18 79.59 0.00 144.07 82.49 90.56 93.74 91.95 90.54 80.58 82.49 89.87 94.67 82.04 117.04 161.52 0.00 99.69 379.48 78.61 91.51 82.26 99.34 91.72
184.95 81.47 122.79 169.53 87.48 87.89 80.10 90.19 87.57 80.40 79.12 122.29 198.77 383.75 409.18 380.75 0.00 0.00 89.33 377.89 377.22 377.63 285.02 148.48 118.32 79.52 83.54 148.66 89.55 94.39-9999.00-9999.00-9999.00-9999.00-9999.00-9999.00-9999.00-9999.00-9999.00-9999.00-9999.00-9999.00-9999.00-9999.00-9999.00-9999.00-9999.00-9999.00-9999.00-9999.00-9999.00 -9999.00-9999.00-9999.00-9999.00-9999.00-9999.00-9999.00-9999.00-9999.00-9999.00-9999.00-9999.00-9999.00-9999.00-9999.00-9999.00-9999.00-9999.00-9999.00 96.71 377.03 150.70 92.49 383.10 88.41 94.67 163.58 96.08 366.64 81.06 85.10 214.89 299.08 130.09 118.87 377.51 0.00 175.09 116.90 91.16 82.04 122.94 0.00 322.54 123.99 79.49 78.69 80.58 119.56
376.99 89.79 80.29 366.55 0.00 0.00 0.00 0.00 84.36 82.19 103.16 0.00 0.00 0.00 86.72 80.19 122.94 377.52 79.09 79.11 132.25 278.55 79.37 90.78-9999.00-9999.00-9999.00-9999.00-9999.00-9999.00-9999.00-9999.00-9999.00-9999.00-9999.00-9999.00-9999.00-9999.00-9999.00-9999.00-9999.00 -9999.00-9999.00-9999.00-9999.00-9999.00-9999.00-9999.00-9999.00-9999.00-9999.00-9999.00-9999.00-9999.00-9999.00-9999.00-9999.00-9999.00-9999.00-9999.00-9999.00-9999.00-9999.00-9999.00-9999.00-9999.00 190.83 314.27 377.98 375.94 380.17 390.36 380.28 0.00 0.00 0.00 0.00 0.00 371.45 82.74 83.82 179.18 93.21 0.00 0.00 0.00 0.00 0.00 339.27 114.63 0.00 0.00 377.14 286.81 366.23 378.80 273.38 376.36 94.84 98.61 91.23 95.48
381.75 119.61 80.63-9999.00-9999.00-9999.00-9999.00-9999.00-9999.00-9999.00-9999.00-9999.00-9999.00-9999.00-9999.00-9999.00-9999.00-9999.00-9999.00-9999.00-9999.00 -9999.00-9999.00-9999.00-9999.00-9999.00-9999.00-9999.00-9999.00-9999.00-9999.00-9999.00-9999.00-9999.00-9999.00-9999.00-9999.00-9999.00-9999.00-9999.00-9999.00-9999.00-9999.00-9999.00-9999.00 111.59 90.37 88.30 80.90 380.88 85.46 88.20 86.39 87.63 129.69 117.09 121.99 96.47 85.46 82.74 85.46 0.00 379.50 371.83 166.49 93.21 99.76 94.00 298.29 378.51 382.21 224.92 88.91 305.45 93.21 374.31 179.80 0.00 293.92 105.66 283.45 219.87 86.62 87.48 83.82 329.78 88.91 384.80 378.24 87.04 94.00 255.21 377.80 380.39 88.91 98.50 84.12 316.06 0.00 0.00 0.00 0.00
0.00 86.62 87.90 80.43 121.92 365.47 0.00 379.20 102.99 169.93 80.07 117.94 96.47 376.13 145.53 93.45 82.74 96.71 335.29 102.99 419.46 317.28 121.69 100.68 82.49 332.02 377.60 0.00 0.00 118.63 97.66 88.91 88.91 95.00 113.68 128.09 375.76 228.10 89.98 120.27 83.25 133.79 335.52 378.29 378.45 246.81 0.00 246.81 375.75 254.08 268.51 371.27 385.23 375.51 242.65 383.65 214.43 94.84 89.98 0.00 376.36
377.44 0.00 376.37 381.61 305.73 377.16 375.45 119.25 180.45 123.19 87.94 369.24 89.98 351.82 246.77 94.19 130.59 404.13 173.86 349.06 107.00 91.16 388.79 406.00 0.00 0.00 372.41 337.62 385.09 110.25 98.08 291.86 88.91 245.89 83.82 83.53 377.69 233.92 355.01 144.94 0.00 378.09 0.00 375.18 369.72 376.40 297.14 375.29 0.00 222.27 377.28 255.63 90.24 124.23 101.08 80.90 82.19 96.72 94.99 99.80 93.08
0.00 376.85 0.00 306.31 375.32 375.38 380.75 328.17 328.22 376.64 0.00 376.09 0.00 375.25 380.85 103.53 120.00 375.81 99.63 338.72 96.71 82.96 364.07 134.80 86.22 80.75 119.39 373.40 283.67 0.00 377.00 294.11 102.69 147.28 88.91 119.64 150.65 385.29 118.46 375.70 363.96 148.12 139.78 81.64 252.50 286.93 342.64 79.85 148.22 377.65 80.51 171.90-9999.00-9999.00-9999.00-9999.00-9999.00-9999.00-9999.00-9999.00-9999.00-9999.00-9999.00-9999.00-9999.00-9999.00-9999.00-9999.00-9999.00-9999.00-9999.00-9999.00-9999.00-9999.00 -9999.00-9999.00-9999.00-9999.00-9999.00-9999.00-9999.00-9999.00-9999.00-9999.00-9999.00-9999.00-9999.00-9999.00-9999.00-9999.00-9999.00-9999.00-9999.00-9999.00-9999.00-9999.00-9999.00-9999.00-9999.00-9999.00-9999.00-9999.00 94.84 136.67 102.01 98.50 93.21 81.43 376.85 91.16
376.83 375.76 133.36 356.48 0.00 176.48 109.31 250.79 313.36 326.00 377.86 379.82 268.92 104.67 93.21 375.86 330.14 268.23 377.27 380.43 381.80 0.00 0.00 0.00 0.00 0.00 376.76 195.96 297.23 125.52 195.96 336.26 0.00 297.23 377.05 0.00 377.68 375.18 297.23 377.27 297.23 0.00 0.00 0.00 0.00 0.00 0.00 0.00 377.66 173.79 101.29 96.07 377.11 392.75 379.54 86.71 103.64 370.37 118.42 80.23 83.19
380.32 87.52 99.61 383.30 92.70-9999.00-9999.00-9999.00-9999.00-9999.00-9999.00-9999.00-9999.00-9999.00-9999.00-9999.00-9999.00-9999.00-9999.00-9999.00-9999.00-9999.00-9999.00-9999.00-9999.00-9999.00 -9999.00-9999.00-9999.00-9999.00-9999.00-9999.00-9999.00-9999.00-9999.00-9999.00-9999.00-9999.00-9999.00-9999.00-9999.00-9999.00-9999.00-9999.00-9999.00-9999.00-9999.00-9999.00-9999.00-9999.00-9999.00-9999.00-9999.00-9999.00-9999.00-9999.00-9999.00-9999.00-9999.00 364.12 377.53 379.15 182.02 386.08 383.16 376.43 377.35 273.90 297.23 297.23 297.23 273.90 273.90 0.00 375.23 375.15 379.49 375.52 377.94 380.58 378.78 378.47 379.09 397.20 90.51 88.06 380.42 386.74 254.73 398.64 388.79 395.05 373.34 104.68 111.45 104.56 90.51 376.63 376.83 375.58 376.47 270.38 99.10 98.03 377.72 95.06 376.12 383.89 0.00 376.06 375.19 304.96 89.04 118.22
297.23 297.23 393.44 297.23 375.14 229.86 0.00 375.94 279.11 380.04 245.96 377.84 379.51 173.79 367.47 332.07 393.81 390.41 381.58 259.81 279.11 382.69 378.26 377.43 0.00 379.19 375.71 375.71 0.00 0.00 0.00 0.00 0.00 375.61 348.29 278.72 372.25 133.27 87.22 149.50 0.00 236.37 119.44 88.06 240.56 79.65 97.77 102.84 95.19 248.48 86.44 383.06 375.68 83.19 86.44 102.84 98.62 158.24 82.17 91.46 97.77
380.89 85.86 91.82 380.15 86.38-9999.00-9999.00-9999.00-9999.00-9999.00-9999.00-9999.00-9999.00-9999.00-9999.00-9999.00-9999.00-9999.00-9999.00-9999.00-9999.00-9999.00-9999.00 -9999.00-9999.00-9999.00-9999.00-9999.00-9999.00-9999.00-9999.00-9999.00-9999.00-9999.00-9999.00-9999.00-9999.00-9999.00-9999.00-9999.00-9999.00-9999.00-9999.00-9999.00-9999.00-9999.00-9999.00-9999.00-9999.00-9999.00-9999.00-9999.00-9999.00-9999.00-9999.00-9999.00-9999.00-9999.00-9999.00-9999.00-9999.00-9999.00-9999.00-9999.00-9999.00-9999.00-9999.00-9999.00-9999.00-9999.00-9999.00-9999.00-9999.00-9999.00 297.23 0.00 254.73 297.23 375.63 375.39 0.00 0.00 0.00 378.51 234.66 321.70 365.69 0.00 318.44 375.12 0.00 297.23 297.23 0.00 375.01 375.00 297.23 375.70 375.43 297.23 297.23 0.00 375.00 297.23 376.46 0.00 229.86 273.90 318.40 229.92 375.69 375.49 375.48 191.23 85.91 209.50 106.47 392.21 379.54 380.23 382.97 79.86 89.24 90.21 103.37 85.08 385.54 175.04 91.66
