蒙特卡罗+CDRMV3/输出数据/2D水深分布/WaterDepthGIS_0165.ASC
ncols         539            
nrows         744            
xllcorner     602630.84259341
yllcorner     3914823.670891 
cellsize      50             
NODATA_value  -9999.00       
[rows 0 to 26 of 32, columns 244 to 304 of 539]
0.00 76.96 79.54 86.00 74.35 73.84 76.11-9999.00-9999.00-9999.00-9999.00-9999.00-9999.00-9999.00-9999.00-9999.00-9999.00-9999.00-9999.00-9999.00 -9999.00-9999.00-9999.00-9999.00-9999.00-9999.00-9999.00-9999.00-9999.00 90.87 84.13 374.60 320.16 78.86 381.10 429.60 77.54 84.09 319.39 136.14 81.89-9999.00-9999.00-9999.00-9999.00-9999.00-9999.00-9999.00-9999.00-9999.00-9999.00-9999.00-9999.00-9999.00-9999.00-9999.00-9999.00-9999.00-9999.00-9999.00-9999.00-9999.00-9999.00-9999.00-9999.00-9999.00-9999.00-9999.00-9999.00-9999.00-9999.00-9999.00-9999.00-9999.00-9999.00-9999.00-9999.00-9999.00-9999.00-9999.00-9999.00-9999.00-9999.00-9999.00-9999.00-9999.00-9999.00-9999.00-9999.00-9999.00-9999.00-9999.00-9999.00-9999.00-9999.00-9999.00-9999.00-9999.00-9999.00-9999.00-9999.00-9999.00-9999.00-9999.00-9999.00-9999.00-9999.00-9999.00-9999.00-9999.00-9999.00-9999.00-9999.00-9999.00-9999.00-9999.00-9999.00-9999.00-9999.00-9999.00-9999.00-9999.00-9999.00-9999.00-9999.00-9999.00-9999.00-9999.00-9999.00-9999.00-9999.00 72.80 79.68 88.29 74.00 172.50 72.80 72.50 290.02 82.64 73.02 80.95 71.43 108.28 376.17 0.00 159.06 71.42 72.41 74.35 112.53 135.68 81.07-9999.00-9999.00-9999.00-9999.00-9999.00-9999.00-9999.00-9999.00-9999.00-9999.00-9999.00-9999.00 -9999.00-9999.00-9999.00-9999.00-9999.00-9999.00-9999.00-9999.00-9999.00 85.59 375.95 94.07 115.60 374.81 94.07 378.87 0.00 75.42 376.01 206.38 82.70 72.48-9999.00-9999.00-9999.00-9999.00-9999.00-9999.00-9999.00-9999.00-9999.00-9999.00-9999.00-9999.00-9999.00-9999.00-9999.00-9999.00-9999.00-9999.00-9999.00-9999.00-9999.00-9999.00-9999.00-9999.00-9999.00-9999.00-9999.00-9999.00-9999.00-9999.00-9999.00-9999.00-9999.00-9999.00-9999.00-9999.00-9999.00-9999.00-9999.00-9999.00-9999.00-9999.00-9999.00-9999.00-9999.00-9999.00-9999.00-9999.00-9999.00-9999.00-9999.00-9999.00-9999.00-9999.00-9999.00-9999.00-9999.00-9999.00-9999.00-9999.00-9999.00-9999.00-9999.00-9999.00-9999.00-9999.00-9999.00-9999.00-9999.00-9999.00-9999.00-9999.00-9999.00-9999.00-9999.00-9999.00-9999.00-9999.00-9999.00-9999.00-9999.00-9999.00-9999.00-9999.00-9999.00-9999.00-9999.00-9999.00 75.37 165.22 110.17 80.42 102.66
376.72 392.01 298.65 76.96 86.52-9999.00-9999.00-9999.00-9999.00-9999.00-9999.00-9999.00 75.37 80.52 73.54 79.75 79.11 378.31 156.44 378.28 74.17 131.62 376.84 85.26 89.36 364.73 86.26 380.21 71.76 75.60 357.74 72.91 71.50 72.17 71.63 72.17 256.14 0.00 375.37 130.72 72.59 110.62 71.80 340.58 141.47 183.31 74.93 80.06 112.33 375.57 363.95 376.54 0.00 74.17 82.02 0.00 95.77 92.68 78.32 76.11 85.26 351.55 85.10-9999.00-9999.00-9999.00 -9999.00-9999.00-9999.00-9999.00-9999.00-9999.00-9999.00-9999.00-9999.00-9999.00-9999.00-9999.00-9999.00-9999.00 78.83 77.74 117.01 82.78
80.95 161.70 73.54 146.02 80.46 352.99 76.38 175.32 381.19 73.40 381.89 73.84 380.03 162.21 72.03 87.96 82.00 72.91 72.91 381.70 87.65 77.61 0.00 118.73 82.02 82.98 74.17 82.81 72.10 379.74 72.59 138.15 79.42 87.96 80.23 80.73 75.37 71.56 377.77 111.61 72.80 79.54 82.31 112.44 125.22 78.74 71.56 263.09 73.54 73.14 72.25 0.00 358.77 78.71 117.64 112.62 113.49 73.27 168.13 110.45 114.44
0.00 0.00 0.00 0.00 140.77 135.73 71.80 81.85 91.11 73.54 83.94 71.67 377.35 0.00 376.48 0.00 90.86 88.85 169.40 103.84 90.52 377.47 73.54 216.63 328.34 83.18-9999.00-9999.00-9999.00-9999.00-9999.00-9999.00 -9999.00-9999.00-9999.00-9999.00-9999.00-9999.00-9999.00-9999.00-9999.00-9999.00-9999.00-9999.00 90.87 91.41 75.42 82.70 80.83 70.53 109.72 0.00 69.99 70.67 70.26 0.00 69.94 70.99 292.88 79.46 72.17 381.69 377.08 176.97 71.75-9999.00-9999.00-9999.00 75.42 78.40 265.37 83.14 74.84 138.34 387.10 92.05 84.80 134.17 102.66 376.83 376.97
78.83 73.40 81.16 79.46 71.88 78.31 90.87 79.35 89.15 380.13 76.06 305.71 379.46 79.35 378.77 74.31 147.50 70.99 378.19 70.99 303.54 108.91 0.00 378.22 76.38 91.61 142.93 93.33 130.16 113.50 250.17 86.79 71.67 272.68 0.00 73.02 89.36 117.86 0.00 379.19 109.42 74.53 72.91 375.53 75.14 78.32 110.04 377.27 378.84 88.85 0.00 71.86 86.00 81.85 140.19 118.86 71.76 113.66 0.00 354.56 271.16
82.91 79.34 77.96 370.13 277.38 74.57 76.76 149.44 77.14 0.00 351.67 124.84 73.14 85.03 123.18 71.46 372.49 363.26 71.86 73.02 378.92 0.00 71.76 71.38 361.42 0.00 108.80 82.59 82.47 131.38 81.85 71.59 376.98 113.53 73.27 173.72 122.26 0.00 109.52 74.53 72.03 109.86 0.00 72.33 82.81 85.26 280.15 73.14 84.15 73.84 76.38 131.48 186.56 384.29 166.03 151.40 77.61 84.15 80.62 78.71 80.95
74.07 79.58 74.84 80.09 129.34 305.26 80.37 75.73 0.00 107.41 123.52 73.40 74.84 382.36 73.20 85.15 72.41 113.52 381.17 142.61 121.72 71.97 162.60 0.00 0.00 114.73 71.42 71.76 71.56 134.68 378.09 72.17 71.59 108.30 353.04 376.06 77.96 0.00 71.50 83.54 71.97 0.00 241.08 71.71 73.02 369.92 131.14 73.14 77.28 136.91 201.74 377.90 181.20 0.00 384.48 378.24 377.53 382.38 128.04 83.18 73.84
370.38 377.99 71.09 80.52 71.29 0.00 82.78 72.02 381.11 381.49 182.64 71.51 81.16 92.54 74.84 70.41 150.13 73.84 113.91 82.00 85.50 78.71 109.83 0.00 381.11 72.33 83.35 130.21 82.81 80.42 79.68 72.17 108.65 146.71 159.20 0.00 71.76 76.66 0.00 166.52 109.19 73.27 75.14 84.44 86.52 84.36 127.28 71.59 112.63 164.81 356.35 0.00 71.63 113.08 80.42 80.84 80.06 82.59 153.45 82.15 78.69
77.35 77.54 74.53 378.67 379.18 0.00 376.89 368.28 379.47 375.52 72.10 78.71 321.39 71.67 244.28 73.14 163.34 74.00 0.00 344.00 72.69 161.93 81.19 377.49 72.10 85.03 73.54 133.52 314.94 377.04 72.91 113.92 80.84 74.00 113.92 0.00 72.25 75.60 175.40 71.63 87.07 372.49 115.29 73.69 230.95 92.05 0.00 109.01 71.80 83.54 71.86 115.89 0.00 120.94 85.50 71.56 73.84 237.52 0.00 85.10 81.57
83.74 114.10 72.25 117.41 185.43 88.29 74.00 114.24 0.00 122.97 112.91 82.31 83.35 139.11 123.43 0.00 282.40 113.65 75.60 192.47 79.61 80.73 71.71 183.34 376.55 379.19 144.66 74.53 135.83 0.00 0.00 0.00 308.35 220.87 72.80 143.34 71.91 126.26 376.11 0.00 389.95 386.16 133.17 78.43 189.29 112.13 71.80 80.14 79.98 117.43 343.35 196.60 73.14 319.77 346.05 375.52 73.54-9999.00-9999.00-9999.00-9999.00-9999.00-9999.00-9999.00-9999.00 -9999.00-9999.00-9999.00-9999.00-9999.00-9999.00-9999.00-9999.00-9999.00-9999.00 81.34 84.61 69.90
360.75 378.08 384.30 100.09 86.79 82.59 382.30 0.00 98.45 0.00 375.47 198.81 380.56 164.39 0.00 0.00 294.10 75.37 74.93 0.00 118.72 71.97 79.90 90.18 74.00 87.35 81.57 75.14 84.58-9999.00-9999.00-9999.00-9999.00-9999.00-9999.00-9999.00-9999.00-9999.00 -9999.00-9999.00-9999.00-9999.00-9999.00-9999.00-9999.00-9999.00-9999.00-9999.00 70.14 143.51 0.00 285.84 69.97 173.98 74.57 71.39 353.59 0.00 122.85 70.91 70.36 139.78 175.30 0.00 370.13 207.91 137.58 122.14 77.14 73.00 380.18 118.49 74.84 88.51 95.32 76.40 70.53 375.65 71.75
0.00 69.97 77.85 74.84 0.00 71.51 81.16 73.61 70.99 70.74 139.37 0.00 0.00 70.53 223.46 72.17 86.03 75.73 384.21 374.98 378.19 71.51 70.60 73.40 379.86 70.02 78.56 71.18 0.00 108.10 73.20 84.61 77.50 170.74 82.70 80.52 377.05 70.67 377.18 70.03 136.76 191.57 75.73 0.00 70.47 82.49 80.83 71.39 139.12 83.84 180.91 72.25 119.86 406.76 73.02 0.00 378.75 155.81 117.34 81.47 73.31
70.82 106.07 0.00 116.44 70.67 82.28 87.72 69.99 73.40 209.49 378.33 70.82 282.76 0.00 79.99 318.66 85.26 377.70 85.01 86.32 367.84 164.94 0.00 74.00 80.62 72.03 381.17 79.54 265.13 75.60 79.11 376.77 72.91 71.48 0.00 109.40 248.13 0.00 357.38 76.96 77.61 76.66 368.97 77.28 79.36 72.69 382.38 78.71 85.26 94.60 101.22 383.32 98.47 96.40 89.79 385.82 229.86 376.21 377.69 370.34 0.00
73.84 351.69 77.61 388.84 82.59 111.63 73.40 73.84 344.43 377.54 0.00 375.50 144.67 0.00 0.00 0.00 75.42 91.09 87.21 0.00 324.33 90.86 0.00 377.84 379.57 72.59 86.79 127.60 75.37 309.62 80.95-9999.00-9999.00-9999.00-9999.00-9999.00-9999.00-9999.00-9999.00-9999.00-9999.00-9999.00-9999.00-9999.00-9999.00 -9999.00-9999.00-9999.00-9999.00-9999.00-9999.00-9999.00-9999.00-9999.00-9999.00-9999.00 77.96 162.68 85.73 74.57 80.95 375.91 71.51 378.48 69.92 135.88 362.76 0.00 141.29 157.21 108.50 78.31 78.83 78.31 70.74 74.07 123.42 0.00 0.00 74.07 70.67 172.28 78.92 70.07 0.00
70.07 151.07 71.75 77.35 73.20 0.00 159.07 98.51 120.28 255.73 70.82 70.07 149.51 71.29 74.57 69.95 0.00 181.51 69.97 81.34 151.88 79.23 84.35 71.75 174.08 78.73 282.50 122.44 376.37 70.99 194.61 85.10 0.00 416.62 389.58 391.92 384.71 383.29 100.13 377.14 351.13 76.11 83.35 74.00 74.93 90.36 83.18 413.27 397.98 379.24 333.29 80.95 376.33 71.97 79.54 71.46 72.69 79.68 79.36 71.76 71.80
122.31 377.20 376.15 114.45 77.28 88.29-9999.00-9999.00-9999.00-9999.00-9999.00-9999.00-9999.00-9999.00-9999.00-9999.00-9999.00-9999.00-9999.00-9999.00-9999.00-9999.00-9999.00-9999.00 -9999.00-9999.00-9999.00-9999.00-9999.00-9999.00-9999.00-9999.00-9999.00-9999.00-9999.00-9999.00-9999.00-9999.00-9999.00-9999.00-9999.00 78.86 382.47 375.69 326.80 72.82 70.47 71.39 73.40 0.00 195.67 75.73 79.46 73.83 78.47 152.15 236.91 70.47 376.99 340.45 0.00 0.00 0.00 117.74 73.20 78.03 73.20 75.73 0.00 149.36 70.60 134.66 113.51 70.26 79.23 74.07 124.66 233.69 373.87 377.17 0.00 351.01 113.13 152.10 79.86 76.40 72.17 163.66 331.98 377.31 371.58 0.00 0.00 377.10 351.24
128.04 375.97 0.00 124.03 83.80 99.19 276.65 82.59 383.71 379.21 380.15 72.50 71.48 78.55 79.16 78.69 78.99 78.82 87.96-9999.00-9999.00-9999.00-9999.00-9999.00-9999.00-9999.00-9999.00-9999.00-9999.00-9999.00-9999.00-9999.00-9999.00-9999.00-9999.00-9999.00-9999.00-9999.00 -9999.00-9999.00-9999.00-9999.00-9999.00-9999.00-9999.00-9999.00-9999.00-9999.00-9999.00-9999.00-9999.00-9999.00-9999.00-9999.00-9999.00-9999.00 82.78 77.96 86.03 87.72 77.54 71.09 0.00 137.10 74.84 74.84 88.51 77.85 131.18 157.63 134.78 71.63 72.65 117.21 77.19 69.91 0.00 91.51 205.82 151.48 114.13 76.06 83.95 72.17 120.67 382.15 379.58 74.07 82.91 84.09 69.97 86.66 78.83 114.40 358.15 375.64 0.00
204.14 0.00 378.89 110.84 71.97 79.68 80.23 272.38 126.99 108.26 72.10 82.31 81.19 75.37-9999.00-9999.00-9999.00-9999.00-9999.00-9999.00-9999.00-9999.00-9999.00-9999.00-9999.00-9999.00-9999.00-9999.00-9999.00-9999.00-9999.00-9999.00-9999.00-9999.00-9999.00 -9999.00-9999.00-9999.00-9999.00-9999.00-9999.00-9999.00-9999.00-9999.00-9999.00-9999.00-9999.00-9999.00-9999.00-9999.00-9999.00-9999.00-9999.00-9999.00 78.40 125.78 380.16 412.31 303.42 135.07 86.34 309.47 87.00 335.56 106.49 77.42 71.75 106.16 343.66 379.10 0.00 204.40 71.09 77.22 81.70 73.00 112.77 0.00 117.03 71.29 70.91 183.08 120.29 185.78 140.89 88.10 378.30 71.29 72.82 361.94 136.15 91.51 367.75 114.62 0.00 339.80 71.63 71.29 82.08 95.53
380.42 379.51 339.59 71.56 172.96 76.38-9999.00-9999.00-9999.00-9999.00-9999.00-9999.00-9999.00-9999.00-9999.00-9999.00-9999.00-9999.00-9999.00-9999.00-9999.00-9999.00-9999.00 -9999.00-9999.00-9999.00-9999.00-9999.00-9999.00-9999.00-9999.00-9999.00-9999.00-9999.00-9999.00-9999.00-9999.00-9999.00-9999.00-9999.00-9999.00-9999.00-9999.00-9999.00-9999.00-9999.00-9999.00-9999.00 79.86 246.75 72.82 262.93 74.07 76.06 381.66 117.27 127.29 147.94 70.74 120.30 0.00 0.00 0.00 0.00 0.00 318.22 82.14 70.60 83.44 378.42 0.00 0.00 375.37 283.93 351.75 352.69 267.27 306.77 378.72 288.84 89.15 324.65 105.07 76.17 91.79 81.49 76.06 77.96 376.23 107.90 73.00 171.73 372.29 396.51 77.54 335.17 75.73 75.46 0.00 376.83 161.03 381.89
0.00 0.00 377.21 117.89 129.39 154.97 89.86 296.22 379.52 80.95 377.93 81.53 94.07 92.54 87.72 90.28 0.00 0.00 119.32 0.00 286.22 375.26 84.49 78.95 120.13 88.65 377.25 382.76 89.15 144.16 84.09 76.40 328.41 98.51 73.00 74.84 150.85 132.09 375.79 0.00 161.03 376.97 303.70 210.48 280.26 173.67 339.08 375.89 377.66 180.69 79.11 76.38 341.95 72.10 74.35 80.95 378.40 349.74 71.80 79.82 152.42
94.23 281.07 377.31 379.88 384.97 103.13 253.42 324.70 84.84 99.49 119.27 88.13 336.77 0.00 161.03 375.48 375.55 375.18 73.83 89.15 202.39 84.13 88.10 232.47 84.84 75.73 120.91 302.82 378.08 123.42 0.00 376.38 237.63 375.89 354.73 233.16 356.75 386.82 233.22 384.10 98.08 103.76 82.78 0.00 95.77 74.35 87.07 83.74 81.47 148.24 73.84 89.79 307.61 315.36 72.69 81.07 375.73 79.42 72.69 0.00 0.00
222.78 342.66 95.28 161.55 92.80 376.29 375.41 262.39 200.56 0.00 381.64 74.57 73.20 85.59 378.32 203.72 343.17 141.33 152.14 96.48 380.46 376.18 214.67 194.56 0.00 375.43 210.48 375.29 313.97 0.00 0.00 262.42 0.00 389.98 376.74 193.53 103.30 119.27 72.02 79.99 199.54 76.66 97.93 203.84 381.02 79.11 218.18 0.00 368.19 137.11 77.61 163.11 123.18 362.67 113.77 71.38 130.05 377.22 72.41 84.80 86.26
72.33 143.23 380.68 0.00 76.66 84.58 158.59 79.78 79.75 77.96 112.49 109.07 383.39 334.34 375.74 250.73 231.84 73.69 257.21 119.88 215.27 83.74 111.59 71.71 342.54 74.93-9999.00-9999.00-9999.00-9999.00-9999.00-9999.00-9999.00-9999.00-9999.00-9999.00-9999.00-9999.00-9999.00-9999.00-9999.00-9999.00-9999.00-9999.00-9999.00-9999.00-9999.00-9999.00 -9999.00-9999.00-9999.00-9999.00-9999.00-9999.00-9999.00-9999.00-9999.00-9999.00-9999.00-9999.00-9999.00-9999.00-9999.00-9999.00-9999.00-9999.00-9999.00-9999.00-9999.00-9999.00-9999.00-9999.00-9999.00-9999.00-9999.00-9999.00-9999.00 79.86 78.40 150.07 376.92 365.64 71.51 378.00 379.08 161.03 351.69 375.85 383.27 0.00 326.14 377.40 375.53 109.34 181.74 318.95 0.00 210.48 307.46 106.71 368.74 90.27 86.66 82.25 87.33 89.86 83.84 81.99 84.15 90.27 78.40
375.33 293.93 350.88 248.25 336.03 375.01 0.00 220.77 0.00 319.76 311.76 376.55 311.76 0.00 376.84 364.48 248.25 335.37 375.35 182.42 377.70 381.69 377.86 108.50 119.31 85.43 381.07 86.70 375.37 116.61 79.25 152.24 112.16 69.78 71.71 71.07 78.04 78.74 80.42 74.17 71.59 109.05 108.32 71.53 152.48 81.71 274.21 83.82 87.35 375.16 375.28 97.68-9999.00-9999.00-9999.00-9999.00-9999.00-9999.00-9999.00-9999.00-9999.00-9999.00-9999.00-9999.00-9999.00-9999.00-9999.00-9999.00-9999.00-9999.00-9999.00-9999.00-9999.00 -9999.00-9999.00-9999.00-9999.00-9999.00-9999.00-9999.00-9999.00-9999.00-9999.00-9999.00-9999.00-9999.00-9999.00-9999.00-9999.00-9999.00-9999.00-9999.00-9999.00-9999.00-9999.00-9999.00-9999.00-9999.00-9999.00-9999.00-9999.00-9999.00-9999.00-9999.00 123.42 84.84 85.59 214.33 375.92 380.60 236.94 368.88
381.54 253.19 297.25 385.14 397.71 375.06 98.61 250.42 394.05 284.50 98.28 90.84 376.34 379.70 91.43 377.54 381.14 78.13 124.66 112.61 375.30 88.48 375.13 105.00 375.39 0.00 375.51 375.37 378.28 75.96 96.95 186.11 375.86 375.41 99.91 98.42 111.60 84.82 85.91 381.47 399.96 112.11 80.69 72.72 113.70 378.18 70.07 375.99 136.09 96.95 88.82 80.13 385.57 378.86 312.03 71.44 75.46 226.38 378.43 76.88 80.69
78.86 71.71 80.42 94.95 82.55 378.16 77.27 351.65 76.50 112.32 222.80 91.43 74.30 85.88 282.07 341.35 116.61 81.45 125.71 77.83 73.94 356.44 72.92 79.52-9999.00-9999.00-9999.00-9999.00-9999.00-9999.00-9999.00-9999.00-9999.00-9999.00-9999.00-9999.00-9999.00-9999.00-9999.00-9999.00-9999.00-9999.00-9999.00-9999.00 -9999.00-9999.00-9999.00-9999.00-9999.00-9999.00-9999.00-9999.00-9999.00-9999.00-9999.00-9999.00-9999.00-9999.00-9999.00-9999.00-9999.00-9999.00-9999.00-9999.00-9999.00-9999.00-9999.00-9999.00-9999.00-9999.00-9999.00-9999.00-9999.00-9999.00-9999.00-9999.00-9999.00-9999.00-9999.00-9999.00-9999.00-9999.00-9999.00-9999.00-9999.00-9999.00-9999.00-9999.00-9999.00-9999.00 375.28 375.12 0.00 293.93 375.91 314.19 303.24 375.11 248.25 0.00 375.00 293.94 375.41 293.93 375.00 375.00 377.03 375.00 0.00 248.25 293.93 376.95 293.93 376.07 377.45 376.99 376.99 379.00 253.19 297.25 377.74 0.00 0.00 375.21 375.21 375.57
75.60 102.08 88.41 89.75 87.84 376.14 299.93 76.73 79.97 135.97 80.13 90.18 0.00 74.85 171.77 80.13 86.20 378.84 74.57 131.61 69.86 82.26 132.39 383.35 85.43 381.02 335.85 387.65 186.89 88.01 379.02 92.16 122.92 74.71 377.21 207.45 76.48-9999.00-9999.00-9999.00-9999.00-9999.00-9999.00-9999.00-9999.00-9999.00-9999.00-9999.00-9999.00-9999.00-9999.00-9999.00-9999.00-9999.00-9999.00 -9999.00-9999.00-9999.00-9999.00-9999.00-9999.00-9999.00-9999.00-9999.00-9999.00-9999.00-9999.00-9999.00-9999.00-9999.00-9999.00-9999.00-9999.00-9999.00-9999.00-9999.00-9999.00-9999.00-9999.00-9999.00-9999.00-9999.00-9999.00-9999.00-9999.00-9999.00-9999.00-9999.00-9999.00-9999.00-9999.00-9999.00-9999.00-9999.00-9999.00-9999.00-9999.00-9999.00-9999.00-9999.00-9999.00-9999.00-9999.00-9999.00-9999.00-9999.00-9999.00 375.31 248.25 0.00 377.03 293.93 319.19 323.29 273.75 225.33 0.00 380.87 293.93 0.00 375.86 293.93 0.00 0.00 293.93 293.94 375.31 293.93 375.52 375.20
