蒙特卡罗+CDRMV3/输出数据/2D水深分布/WaterDepthGIS_0139.ASC
ncols         539            
nrows         744            
xllcorner     602630.84259341
yllcorner     3914823.670891 
cellsize      50             
NODATA_value  -9999.00       
[rows 0 to 26 of 32, columns 244 to 304 of 539]
0.00 87.00 89.64 96.16 84.11 83.53 86.08-9999.00-9999.00-9999.00-9999.00-9999.00-9999.00-9999.00-9999.00-9999.00-9999.00-9999.00-9999.00-9999.00 -9999.00-9999.00-9999.00-9999.00-9999.00-9999.00-9999.00-9999.00-9999.00 101.70 94.88 376.02 357.63 89.55 382.87 439.79 88.23 94.84 360.20 160.40 92.54-9999.00-9999.00-9999.00-9999.00-9999.00-9999.00-9999.00-9999.00-9999.00-9999.00-9999.00-9999.00-9999.00-9999.00-9999.00-9999.00-9999.00-9999.00-9999.00-9999.00-9999.00-9999.00-9999.00-9999.00-9999.00-9999.00-9999.00-9999.00-9999.00-9999.00-9999.00-9999.00-9999.00-9999.00-9999.00-9999.00-9999.00-9999.00-9999.00-9999.00-9999.00-9999.00-9999.00-9999.00-9999.00-9999.00-9999.00-9999.00-9999.00-9999.00-9999.00-9999.00-9999.00-9999.00-9999.00-9999.00-9999.00-9999.00-9999.00-9999.00-9999.00-9999.00-9999.00-9999.00-9999.00-9999.00-9999.00-9999.00-9999.00-9999.00-9999.00-9999.00-9999.00-9999.00-9999.00-9999.00-9999.00-9999.00-9999.00-9999.00-9999.00-9999.00-9999.00-9999.00-9999.00-9999.00-9999.00-9999.00-9999.00-9999.00 82.33 89.77 98.84 83.72 211.47 82.33 82.00 319.15 92.62 82.59 91.00 80.79 120.51 377.99 0.00 175.68 80.78 81.89 84.11 124.99 148.02 91.11-9999.00-9999.00-9999.00-9999.00-9999.00-9999.00-9999.00-9999.00-9999.00-9999.00-9999.00-9999.00 -9999.00-9999.00-9999.00-9999.00-9999.00-9999.00-9999.00-9999.00-9999.00 96.53 376.68 104.69 139.41 377.06 104.69 379.22 0.00 86.06 376.04 222.69 93.36 82.88-9999.00-9999.00-9999.00-9999.00-9999.00-9999.00-9999.00-9999.00-9999.00-9999.00-9999.00-9999.00-9999.00-9999.00-9999.00-9999.00-9999.00-9999.00-9999.00-9999.00-9999.00-9999.00-9999.00-9999.00-9999.00-9999.00-9999.00-9999.00-9999.00-9999.00-9999.00-9999.00-9999.00-9999.00-9999.00-9999.00-9999.00-9999.00-9999.00-9999.00-9999.00-9999.00-9999.00-9999.00-9999.00-9999.00-9999.00-9999.00-9999.00-9999.00-9999.00-9999.00-9999.00-9999.00-9999.00-9999.00-9999.00-9999.00-9999.00-9999.00-9999.00-9999.00-9999.00-9999.00-9999.00-9999.00-9999.00-9999.00-9999.00-9999.00-9999.00-9999.00-9999.00-9999.00-9999.00-9999.00-9999.00-9999.00-9999.00-9999.00-9999.00-9999.00-9999.00-9999.00-9999.00-9999.00-9999.00-9999.00 85.26 180.59 120.70 90.49 123.03
377.50 394.74 331.46 87.00 96.77-9999.00-9999.00-9999.00-9999.00-9999.00-9999.00-9999.00 85.26 90.59 83.19 89.84 89.21 379.38 166.49 378.47 83.91 144.28 377.72 95.32 99.93 376.99 96.46 382.60 81.15 85.52 375.40 82.46 80.86 81.62 81.01 81.62 326.21 0.00 376.01 148.58 82.10 123.00 81.21 371.38 168.01 232.92 84.77 90.14 123.81 376.70 375.72 376.94 0.00 83.91 92.03 0.00 105.68 102.46 88.42 86.08 95.32 375.72 95.14-9999.00-9999.00-9999.00 -9999.00-9999.00-9999.00-9999.00-9999.00-9999.00-9999.00-9999.00-9999.00-9999.00-9999.00-9999.00-9999.00-9999.00 89.51 88.43 130.98 93.44
91.00 203.24 83.19 190.03 90.53 370.55 86.38 222.83 383.27 83.03 382.55 83.53 380.76 177.67 81.47 98.48 92.01 82.46 82.46 383.36 98.12 87.68 0.00 135.86 92.03 92.96 83.91 92.79 81.54 381.39 82.10 157.06 89.52 98.48 90.31 90.79 85.26 80.94 379.15 125.76 82.33 89.64 92.31 124.98 141.83 88.84 80.94 323.19 83.19 82.73 81.71 0.00 376.05 88.81 132.28 125.23 126.27 82.88 187.75 122.82 127.52
0.00 0.00 0.00 0.00 149.11 161.76 81.21 91.87 101.36 83.19 93.91 81.05 378.38 0.00 376.74 0.00 101.18 99.43 216.16 119.93 104.96 378.27 83.19 260.57 354.19 93.15-9999.00-9999.00-9999.00-9999.00-9999.00-9999.00 -9999.00-9999.00-9999.00-9999.00-9999.00-9999.00-9999.00-9999.00-9999.00-9999.00-9999.00-9999.00 101.70 102.12 86.06 93.36 91.49 80.70 122.67 0.00 80.10 80.85 80.39 0.00 80.03 81.21 341.40 90.13 82.53 383.46 378.02 198.89 82.06-9999.00-9999.00-9999.00 86.06 89.09 295.67 93.82 85.45 157.73 389.57 102.02 94.82 152.20 123.03 377.47 377.30
89.51 83.90 91.81 90.13 82.21 89.00 101.70 90.02 100.28 380.74 86.73 328.42 381.40 90.02 379.72 84.89 170.59 81.21 379.43 81.21 334.21 131.77 0.00 379.17 86.38 101.71 169.15 102.94 165.40 133.23 302.55 97.10 81.05 305.86 0.00 82.59 99.93 138.43 0.00 379.76 121.42 84.32 82.46 376.92 85.01 88.42 121.56 377.58 379.22 99.43 0.00 81.27 96.16 91.87 156.43 133.19 81.15 125.23 0.00 376.78 284.07
93.59 90.02 88.65 375.49 320.29 85.16 87.45 169.46 87.83 0.00 374.34 142.40 82.73 95.06 138.72 80.82 376.60 376.10 81.27 82.59 380.03 0.00 81.15 80.73 374.62 0.00 119.47 92.57 92.46 166.90 91.87 80.97 378.06 126.31 82.88 241.61 135.43 0.00 121.53 84.32 81.47 122.16 0.00 81.80 92.79 95.32 322.40 82.73 94.13 83.53 86.38 148.18 225.25 385.37 246.97 169.55 87.68 94.13 90.69 88.81 91.00
84.62 90.25 85.45 90.76 146.35 330.56 91.03 86.39 0.00 119.16 139.49 83.90 85.45 384.72 83.67 96.03 81.89 126.30 382.59 159.26 137.97 81.39 212.23 0.00 0.00 127.92 80.78 81.15 80.94 166.48 379.30 81.62 80.97 120.52 370.84 376.39 88.04 0.00 80.87 93.51 81.39 0.00 282.00 81.10 82.59 376.45 148.74 82.73 87.34 155.93 289.98 378.99 224.08 0.00 385.85 379.26 378.44 383.83 145.78 93.15 83.53
376.25 379.00 81.32 91.18 81.54 0.00 93.44 82.37 381.68 382.03 202.36 81.79 91.81 103.06 85.45 80.56 170.68 83.53 125.96 92.01 95.59 88.81 121.26 0.00 382.13 81.80 93.32 150.36 92.79 90.49 89.77 81.62 120.85 168.33 231.43 0.00 81.15 86.68 0.00 194.18 121.32 82.88 85.01 94.43 96.77 94.35 140.78 80.97 125.24 223.27 376.56 0.00 81.01 124.75 90.49 90.89 90.14 92.57 205.59 92.16 88.79
88.04 88.23 84.32 379.55 379.94 0.00 377.34 375.97 380.14 375.46 81.54 88.81 342.90 81.05 271.84 82.73 212.00 83.72 0.00 359.02 82.22 183.10 91.23 378.80 81.54 95.06 83.19 145.38 352.90 377.89 82.46 125.90 90.89 83.72 126.74 0.00 81.71 85.52 208.24 81.01 97.43 376.46 128.65 83.36 287.53 102.02 0.00 121.26 81.21 93.51 81.27 129.59 0.00 141.25 95.59 80.94 83.53 267.49 0.00 95.14 91.60
93.71 126.64 81.71 144.89 188.26 98.84 83.72 127.17 0.00 138.83 126.67 92.31 93.32 212.58 142.12 0.00 336.65 125.30 85.52 250.05 89.70 90.79 81.10 249.59 377.94 380.52 187.14 84.32 146.94 0.00 0.00 0.00 360.76 272.50 82.33 182.60 81.33 143.50 376.91 0.00 391.55 387.39 149.74 88.25 256.64 124.66 81.21 90.23 90.06 131.80 372.88 256.10 82.73 369.97 372.99 376.40 83.19-9999.00-9999.00-9999.00-9999.00-9999.00-9999.00-9999.00-9999.00 -9999.00-9999.00-9999.00-9999.00-9999.00-9999.00-9999.00-9999.00-9999.00-9999.00 91.99 95.41 80.00
376.68 379.18 386.50 117.34 97.10 92.57 383.96 0.00 114.08 0.00 375.32 217.38 381.05 188.03 0.00 0.00 323.53 85.26 84.77 0.00 134.11 81.39 89.99 100.65 83.72 97.77 91.60 85.01 94.58-9999.00-9999.00-9999.00-9999.00-9999.00-9999.00-9999.00-9999.00-9999.00 -9999.00-9999.00-9999.00-9999.00-9999.00-9999.00-9999.00-9999.00-9999.00-9999.00 80.26 163.66 0.00 320.84 80.07 207.82 85.16 81.66 372.30 0.00 140.47 81.11 80.50 159.19 220.14 0.00 374.45 245.68 179.52 136.56 87.83 83.46 381.63 133.85 85.45 99.69 106.66 87.08 80.70 375.85 82.06
0.00 80.07 88.54 85.45 0.00 81.79 91.81 84.13 81.21 80.93 175.92 0.00 0.00 80.70 279.91 82.53 97.04 86.39 386.47 375.91 378.58 81.79 80.77 83.90 380.35 80.12 89.24 81.43 0.00 120.77 83.67 95.41 88.19 193.63 93.36 91.18 378.39 80.85 378.44 80.14 156.81 252.47 86.39 0.00 80.63 93.14 91.49 81.66 151.19 94.57 198.56 81.71 136.03 409.92 82.59 0.00 379.73 210.86 129.72 91.50 82.83
81.02 118.78 0.00 131.47 80.85 92.93 98.90 80.10 83.90 279.91 378.77 81.02 308.23 0.00 90.07 368.19 95.32 378.31 94.90 99.22 376.29 204.92 0.00 83.72 90.69 81.47 382.21 89.63 302.77 85.52 89.21 378.08 82.46 80.84 0.00 133.89 287.83 0.00 369.09 87.00 87.68 86.68 376.12 87.34 89.46 82.22 383.71 88.81 95.32 104.09 120.03 384.63 112.84 106.91 100.32 387.84 243.70 376.22 377.71 370.60 0.00
83.53 368.52 87.68 391.81 92.57 123.91 83.03 83.53 359.42 377.54 0.00 375.61 181.48 0.00 0.00 0.00 85.16 105.76 100.45 0.00 370.34 101.18 0.00 378.08 379.82 82.10 97.10 141.87 85.26 344.50 91.01-9999.00-9999.00-9999.00-9999.00-9999.00-9999.00-9999.00-9999.00-9999.00-9999.00-9999.00-9999.00-9999.00-9999.00 -9999.00-9999.00-9999.00-9999.00-9999.00-9999.00-9999.00-9999.00-9999.00-9999.00-9999.00 88.65 199.36 96.69 85.16 91.60 377.65 81.79 380.52 80.01 155.78 374.24 0.00 171.95 175.10 120.51 89.00 89.51 89.00 80.93 84.62 148.13 0.00 0.00 84.62 80.85 217.99 89.60 80.18 0.00
80.18 167.65 82.06 88.04 83.67 0.00 166.56 114.19 139.42 300.38 81.02 80.18 167.88 81.54 85.16 80.05 0.00 227.56 80.07 91.99 183.67 89.91 95.12 82.06 200.56 89.42 318.66 136.70 376.70 81.21 263.29 95.14 0.00 424.96 392.63 395.38 386.76 384.96 117.54 377.53 372.52 86.08 93.32 83.72 84.77 104.74 93.15 417.35 399.27 379.37 368.96 91.01 377.31 81.39 89.63 80.82 82.22 89.77 89.46 81.15 81.21
139.97 378.16 376.96 127.04 87.34 98.84-9999.00-9999.00-9999.00-9999.00-9999.00-9999.00-9999.00-9999.00-9999.00-9999.00-9999.00-9999.00-9999.00-9999.00-9999.00-9999.00-9999.00-9999.00 -9999.00-9999.00-9999.00-9999.00-9999.00-9999.00-9999.00-9999.00-9999.00-9999.00-9999.00-9999.00-9999.00-9999.00-9999.00-9999.00-9999.00 89.55 384.85 376.86 369.02 83.26 80.63 81.66 83.90 0.00 211.72 86.39 90.13 84.37 89.16 217.00 269.47 80.63 378.09 366.22 0.00 0.00 0.00 133.30 83.67 88.72 83.67 86.39 0.00 160.84 80.77 157.73 126.24 80.39 89.91 84.62 141.33 299.74 376.67 378.17 0.00 367.32 125.88 175.03 90.52 87.08 82.53 208.07 366.70 377.64 376.27 0.00 0.00 378.11 376.56
143.28 376.78 0.00 139.04 93.77 114.94 310.71 92.57 384.93 379.99 380.92 82.00 80.85 88.65 89.26 88.79 89.09 88.92 98.48-9999.00-9999.00-9999.00-9999.00-9999.00-9999.00-9999.00-9999.00-9999.00-9999.00-9999.00-9999.00-9999.00-9999.00-9999.00-9999.00-9999.00-9999.00-9999.00 -9999.00-9999.00-9999.00-9999.00-9999.00-9999.00-9999.00-9999.00-9999.00-9999.00-9999.00-9999.00-9999.00-9999.00-9999.00-9999.00-9999.00-9999.00 93.44 88.65 97.04 98.90 88.23 81.32 0.00 152.77 85.45 85.45 99.69 88.54 156.15 173.85 153.78 81.92 83.06 131.70 87.88 80.01 0.00 102.20 214.84 196.85 127.64 86.73 98.38 82.53 135.34 383.19 380.22 84.62 93.59 94.84 80.07 97.76 89.51 126.95 376.36 376.67 0.00
248.26 0.00 380.45 123.23 81.39 89.77 90.31 335.84 143.04 120.43 81.54 92.31 91.23 85.26-9999.00-9999.00-9999.00-9999.00-9999.00-9999.00-9999.00-9999.00-9999.00-9999.00-9999.00-9999.00-9999.00-9999.00-9999.00-9999.00-9999.00-9999.00-9999.00-9999.00-9999.00 -9999.00-9999.00-9999.00-9999.00-9999.00-9999.00-9999.00-9999.00-9999.00-9999.00-9999.00-9999.00-9999.00-9999.00-9999.00-9999.00-9999.00-9999.00-9999.00 89.09 140.04 381.22 417.71 342.97 159.36 97.39 363.81 98.14 358.67 119.11 88.11 82.06 118.80 368.88 379.57 0.00 250.14 81.32 87.91 92.35 83.46 126.14 0.00 132.41 81.54 81.11 224.35 137.19 237.64 164.73 99.30 378.54 81.54 83.26 375.35 147.58 102.20 376.79 138.72 0.00 356.21 81.92 81.32 92.73 114.64
381.46 380.41 372.66 80.94 212.94 86.38-9999.00-9999.00-9999.00-9999.00-9999.00-9999.00-9999.00-9999.00-9999.00-9999.00-9999.00-9999.00-9999.00-9999.00-9999.00-9999.00-9999.00 -9999.00-9999.00-9999.00-9999.00-9999.00-9999.00-9999.00-9999.00-9999.00-9999.00-9999.00-9999.00-9999.00-9999.00-9999.00-9999.00-9999.00-9999.00-9999.00-9999.00-9999.00-9999.00-9999.00-9999.00-9999.00 90.52 298.01 83.26 290.21 84.62 86.73 383.48 132.38 142.57 166.70 80.93 138.35 0.00 0.00 0.00 0.00 0.00 349.62 92.79 80.77 94.14 379.05 0.00 0.00 376.86 309.89 363.30 363.04 274.32 309.86 378.81 314.05 100.28 350.91 128.03 86.49 101.94 91.81 86.73 88.65 377.34 130.41 83.46 213.94 377.08 404.04 88.23 362.86 86.39 85.78 0.00 376.86 182.42 382.99
0.00 0.00 379.33 137.94 158.55 166.87 100.88 322.75 380.22 91.60 378.57 92.18 104.69 103.06 98.90 101.22 0.00 0.00 149.44 0.00 293.64 375.47 101.54 93.89 140.46 105.25 377.27 385.57 100.28 179.13 94.84 87.08 347.80 114.19 83.46 85.45 203.01 164.58 377.02 0.00 182.42 376.99 308.94 223.91 289.80 192.35 357.55 376.11 379.31 236.32 89.21 86.38 366.19 81.54 84.11 91.01 378.60 369.98 81.21 89.91 174.15
104.91 320.50 377.48 380.11 385.54 123.30 288.79 344.72 95.68 116.41 145.84 99.33 354.05 0.00 182.42 375.71 376.76 375.35 84.37 100.28 247.02 94.88 99.30 275.44 95.68 86.39 136.03 342.04 378.08 148.13 0.00 376.40 248.11 375.93 357.15 243.45 360.14 388.31 243.51 385.12 117.09 121.09 93.44 0.00 105.68 84.11 97.43 93.71 91.50 196.02 83.53 100.32 346.94 372.28 82.22 91.11 377.32 89.52 82.22 0.00 0.00
263.78 357.45 106.58 182.87 103.30 376.62 375.46 269.37 215.41 0.00 382.19 85.16 83.67 96.53 378.57 250.42 372.34 165.27 184.63 109.19 380.97 376.24 228.39 211.19 0.00 375.57 223.91 375.38 320.25 0.00 0.00 269.40 0.00 392.26 376.99 236.26 126.87 145.84 82.37 90.07 260.64 86.68 111.19 287.13 382.81 89.21 260.81 0.00 376.64 171.26 87.68 178.76 137.38 375.32 125.87 80.73 143.61 377.74 81.89 94.82 96.46
81.80 157.71 380.79 0.00 86.68 94.58 162.40 91.73 89.84 88.04 124.99 121.29 383.82 371.04 377.15 331.47 271.16 83.36 254.80 136.02 292.69 93.71 123.35 81.10 372.04 84.77-9999.00-9999.00-9999.00-9999.00-9999.00-9999.00-9999.00-9999.00-9999.00-9999.00-9999.00-9999.00-9999.00-9999.00-9999.00-9999.00-9999.00-9999.00-9999.00-9999.00-9999.00-9999.00 -9999.00-9999.00-9999.00-9999.00-9999.00-9999.00-9999.00-9999.00-9999.00-9999.00-9999.00-9999.00-9999.00-9999.00-9999.00-9999.00-9999.00-9999.00-9999.00-9999.00-9999.00-9999.00-9999.00-9999.00-9999.00-9999.00-9999.00-9999.00-9999.00 90.52 89.09 183.22 377.74 375.80 81.79 378.64 379.86 182.42 350.99 375.86 383.15 0.00 328.76 378.67 375.56 129.38 213.20 332.36 0.00 223.91 309.53 128.43 377.20 110.04 97.46 92.61 105.29 100.88 94.57 98.59 101.13 110.04 89.09
375.39 297.65 354.01 255.56 336.29 375.09 0.00 231.03 0.00 324.85 319.22 376.85 319.22 0.00 377.04 365.92 255.56 338.62 375.42 197.94 378.19 382.52 378.81 130.45 142.71 97.87 382.49 110.26 375.48 145.52 97.22 185.14 127.53 81.24 83.36 82.65 90.12 88.84 90.49 83.91 80.97 119.85 120.50 80.90 176.67 91.73 341.71 95.84 97.77 375.31 375.44 115.99-9999.00-9999.00-9999.00-9999.00-9999.00-9999.00-9999.00-9999.00-9999.00-9999.00-9999.00-9999.00-9999.00-9999.00-9999.00-9999.00-9999.00-9999.00-9999.00-9999.00-9999.00 -9999.00-9999.00-9999.00-9999.00-9999.00-9999.00-9999.00-9999.00-9999.00-9999.00-9999.00-9999.00-9999.00-9999.00-9999.00-9999.00-9999.00-9999.00-9999.00-9999.00-9999.00-9999.00-9999.00-9999.00-9999.00-9999.00-9999.00-9999.00-9999.00-9999.00-9999.00 148.13 95.68 96.53 260.42 369.04 380.40 261.59 370.98
384.24 260.66 300.96 389.22 403.71 375.24 114.64 280.68 395.75 336.25 126.65 116.88 377.62 381.06 104.10 378.58 382.37 90.21 158.07 139.16 375.44 113.24 375.38 131.62 375.48 0.00 375.72 375.55 379.92 87.54 111.31 202.14 376.03 375.48 117.21 114.40 137.71 96.78 98.05 383.72 406.60 126.61 92.77 84.47 129.20 379.13 81.55 376.46 166.29 111.31 101.70 92.21 386.54 379.63 327.15 83.06 87.44 283.83 378.70 88.92 92.77
90.94 83.36 92.50 107.91 94.66 378.77 89.33 372.24 88.53 135.09 256.16 104.10 86.19 98.40 341.83 372.45 133.42 93.53 144.14 89.90 84.21 375.53 83.16 89.95-9999.00-9999.00-9999.00-9999.00-9999.00-9999.00-9999.00-9999.00-9999.00-9999.00-9999.00-9999.00-9999.00-9999.00-9999.00-9999.00-9999.00-9999.00-9999.00-9999.00 -9999.00-9999.00-9999.00-9999.00-9999.00-9999.00-9999.00-9999.00-9999.00-9999.00-9999.00-9999.00-9999.00-9999.00-9999.00-9999.00-9999.00-9999.00-9999.00-9999.00-9999.00-9999.00-9999.00-9999.00-9999.00-9999.00-9999.00-9999.00-9999.00-9999.00-9999.00-9999.00-9999.00-9999.00-9999.00-9999.00-9999.00-9999.00-9999.00-9999.00-9999.00-9999.00-9999.00-9999.00-9999.00-9999.00 375.29 375.12 0.00 297.65 375.91 319.73 311.09 375.20 255.56 0.00 375.02 297.66 375.41 297.65 375.01 375.01 377.74 375.02 0.00 255.56 297.65 377.40 297.65 376.25 378.09 377.58 377.57 380.15 260.66 300.96 378.27 0.00 0.00 375.21 375.21 375.58
87.17 120.89 100.75 102.59 112.19 376.33 319.61 88.34 92.05 160.02 92.21 102.98 0.00 86.79 219.51 92.21 98.78 379.00 86.49 173.81 81.33 94.35 143.56 384.52 97.87 382.57 366.48 388.94 227.83 100.86 380.58 103.88 132.44 85.00 377.68 244.89 86.79-9999.00-9999.00-9999.00-9999.00-9999.00-9999.00-9999.00-9999.00-9999.00-9999.00-9999.00-9999.00-9999.00-9999.00-9999.00-9999.00-9999.00-9999.00 -9999.00-9999.00-9999.00-9999.00-9999.00-9999.00-9999.00-9999.00-9999.00-9999.00-9999.00-9999.00-9999.00-9999.00-9999.00-9999.00-9999.00-9999.00-9999.00-9999.00-9999.00-9999.00-9999.00-9999.00-9999.00-9999.00-9999.00-9999.00-9999.00-9999.00-9999.00-9999.00-9999.00-9999.00-9999.00-9999.00-9999.00-9999.00-9999.00-9999.00-9999.00-9999.00-9999.00-9999.00-9999.00-9999.00-9999.00-9999.00-9999.00-9999.00-9999.00-9999.00 375.32 255.56 0.00 377.18 297.65 320.86 326.85 279.80 235.85 0.00 385.74 297.65 0.00 376.03 297.65 0.00 0.00 297.65 297.66 375.31 297.65 375.67 375.20
