蒙特卡罗+CDRMV3/输出数据/2D水深分布/WaterDepthGIS_0135.ASC
ncols         539            
nrows         744            
xllcorner     602630.84259341
yllcorner     3914823.670891 
cellsize      50             
NODATA_value  -9999.00       
[rows 0 to 26 of 32, columns 305 to 365 of 539]
98.42 89.78 92.12 91.31 83.73 147.44 84.09 83.20 145.64 88.83 0.00 87.25 91.55 222.06 134.84 304.76 188.24 84.69-9999.00-9999.00-9999.00-9999.00-9999.00-9999.00-9999.00-9999.00-9999.00-9999.00-9999.00-9999.00 -9999.00-9999.00-9999.00-9999.00-9999.00-9999.00-9999.00-9999.00-9999.00-9999.00-9999.00-9999.00 97.22 84.41 324.58 95.80 167.55 0.00 88.38 376.21 100.09 210.66 115.82-9999.00-9999.00-9999.00-9999.00-9999.00-9999.00-9999.00-9999.00-9999.00-9999.00-9999.00-9999.00-9999.00-9999.00-9999.00-9999.00-9999.00-9999.00-9999.00-9999.00-9999.00-9999.00-9999.00-9999.00-9999.00-9999.00-9999.00-9999.00-9999.00-9999.00-9999.00-9999.00-9999.00-9999.00-9999.00-9999.00-9999.00-9999.00-9999.00-9999.00-9999.00-9999.00-9999.00-9999.00-9999.00-9999.00-9999.00-9999.00-9999.00-9999.00-9999.00-9999.00-9999.00-9999.00-9999.00-9999.00-9999.00-9999.00-9999.00-9999.00-9999.00-9999.00-9999.00-9999.00-9999.00-9999.00-9999.00-9999.00-9999.00-9999.00-9999.00-9999.00-9999.00-9999.00-9999.00-9999.00-9999.00-9999.00-9999.00-9999.00-9999.00-9999.00-9999.00-9999.00-9999.00-9999.00-9999.00 139.35 358.26 216.84 172.30 93.21 91.63 383.59 166.96 275.66 377.81 307.01 142.14 85.67 94.46 85.67 0.00 378.16 192.61 94.30 199.29 379.69 83.61 91.59 86.59-9999.00-9999.00-9999.00-9999.00-9999.00-9999.00-9999.00-9999.00-9999.00-9999.00-9999.00 -9999.00-9999.00-9999.00-9999.00-9999.00-9999.00-9999.00-9999.00-9999.00-9999.00-9999.00-9999.00-9999.00 101.16 129.11 93.36 151.68 136.50 0.00
373.85 362.79 0.00 123.26 214.86 82.78 97.80-9999.00-9999.00-9999.00-9999.00-9999.00-9999.00-9999.00-9999.00-9999.00-9999.00-9999.00-9999.00-9999.00-9999.00-9999.00-9999.00-9999.00-9999.00-9999.00-9999.00-9999.00-9999.00-9999.00-9999.00-9999.00-9999.00-9999.00-9999.00-9999.00-9999.00-9999.00-9999.00-9999.00-9999.00-9999.00-9999.00-9999.00-9999.00-9999.00-9999.00 115.03 381.26 93.43 311.69 119.88-9999.00-9999.00 91.23 87.73 94.75 87.99 87.02 377.79 454.11 88.54 104.27 84.69 246.84 87.99 95.42 85.67 94.30-9999.00-9999.00-9999.00 85.67 176.68 83.79 158.62 84.37 87.49 83.32 384.95 92.95 0.00 0.00 0.00 88.54 84.27 377.46 379.36 170.03 85.07 84.94 99.28 376.14 384.19 146.47 143.61 83.61 83.73 89.45 0.00 87.49 92.91 187.76 87.25 376.89 220.05
161.32 83.61 83.21 92.12 86.59 0.00 138.32 83.73 83.93 379.36 0.00 96.25 103.36 0.00 376.26 96.25 101.22 106.31 91.23 185.32 87.49 92.05 206.78-9999.00-9999.00-9999.00-9999.00-9999.00-9999.00 -9999.00-9999.00-9999.00-9999.00-9999.00-9999.00-9999.00-9999.00-9999.00-9999.00-9999.00 83.89 142.11 93.81 83.77 383.76 383.86 0.00 332.03 123.67 164.54 83.46 90.90 87.78 384.11 138.57 380.00 85.60 380.73 101.53 87.49 177.30-9999.00-9999.00-9999.00-9999.00-9999.00-9999.00-9999.00 95.50 87.73 99.59 89.45 99.28 87.49 90.48-9999.00-9999.00-9999.00-9999.00-9999.00-9999.00 88.83 217.90 105.15 97.08 356.83 376.96 94.46 95.24 239.59
92.05 377.40 86.80 132.34 377.86 94.46 391.55 129.47 94.30 375.97 85.51 195.93 380.32 88.83 0.00 87.99 93.65 108.89 389.61 98.97 93.01 154.14 96.19 379.18 93.53 89.78 0.00 169.68 83.86 102.56 159.96 354.00 84.69 0.00 99.28 95.07 204.52 83.20 100.56 92.19 83.93 375.99 327.38 86.20 314.23 83.86 86.39 86.02 98.97 191.69 86.39 270.87 84.47 130.27 143.51 93.77 85.36 128.96 276.15 98.42 0.00
259.71 84.58 93.42 370.66 360.49 83.43 85.51 84.27 377.27 91.23 86.59 92.19 83.18 383.83 102.21 83.61 375.64 250.86 391.42 95.02 102.86 408.92 84.09 94.91 380.03 85.36 357.91 84.94 84.18 380.43 90.85 92.64 93.77 83.18 163.71 313.29 376.80 377.24 91.23 393.07 383.57 0.00 90.85 99.91 372.17 85.84 182.92 228.66 378.74 357.99 151.10-9999.00-9999.00-9999.00-9999.00-9999.00-9999.00-9999.00-9999.00-9999.00-9999.00 -9999.00-9999.00-9999.00-9999.00-9999.00-9999.00-9999.00-9999.00 381.06 102.64 85.22 98.10 378.25 381.93 87.22 91.40 103.84
378.77 0.00 124.12 92.49 85.84 383.88 103.36 290.10 181.70 92.82 130.72 99.91 225.86 94.16 92.82 92.19 83.42 157.64 220.36 381.08 381.05 382.87 382.50 0.00 0.00 0.00 0.00 104.21 375.73 133.20 0.00 101.76 309.25 92.95 102.53 131.25 354.22 91.63 375.64 89.78-9999.00-9999.00-9999.00-9999.00-9999.00-9999.00-9999.00-9999.00-9999.00 -9999.00-9999.00 92.94 86.96 90.54 101.53 324.00 379.11 85.41 92.45 91.40 382.20 123.96 89.76 138.82 371.73 90.85 90.31 82.52 128.75 0.00 87.78
128.61 83.28 263.01 0.00 376.95 245.42 156.31 84.09 90.12 378.36 84.01 91.77 83.22 171.44 317.22 93.90 92.33 147.89 92.33 143.76 85.21 132.98 83.56 146.05 83.25 146.56 0.00 125.94 173.72 380.45 375.27 373.85 127.69 376.03 115.03 379.38 84.81 114.44 84.27 102.60 382.00 400.67 85.36 102.86-9999.00-9999.00-9999.00-9999.00-9999.00-9999.00 -9999.00-9999.00-9999.00-9999.00-9999.00 95.80 165.82 330.21 395.85 383.05 85.04 158.14 378.72 318.38 92.68 87.78 89.76 383.70 84.01 0.00 83.66
84.94 0.00 130.53 176.12 83.61 93.42 83.36 381.63 127.87 86.39 142.35 83.36 123.92 388.13 103.36 224.68 84.18 92.33 84.37 124.46 378.04 87.73 0.00 0.00 273.37 95.02 378.74 376.98 294.55 134.34 110.82 134.43 120.02 117.46 113.41 101.02 380.68 379.22 367.43 191.47 89.45-9999.00-9999.00-9999.00-9999.00-9999.00-9999.00-9999.00 -9999.00-9999.00-9999.00-9999.00-9999.00-9999.00-9999.00 90.14 135.65 196.71 0.00 126.89 90.35 82.31 163.94 82.36 353.63 0.00 181.80 378.43 249.29 167.40 85.41 199.49 379.22 95.80
148.95 90.85 83.21 150.82 350.27 93.43 0.00 105.24 380.64 378.01 368.95 325.59 231.33 210.49 100.56 375.02 98.11 95.07 83.79 179.64 274.21 89.14-9999.00-9999.00-9999.00-9999.00-9999.00-9999.00-9999.00-9999.00-9999.00 -9999.00-9999.00-9999.00-9999.00-9999.00-9999.00-9999.00-9999.00-9999.00 84.01 149.54 0.00 97.22 90.46 85.60 0.00 125.25 82.36 92.68 92.56 85.04 83.77 405.68 150.00 97.26 83.27 121.68 377.90 133.62 84.01 0.00 125.34 83.66 377.58 166.77 83.04 143.29 83.77 135.32 122.23 0.00 0.00 175.09 83.11 383.82 425.81 394.71
0.00 94.52 371.99 378.18 83.66 84.87 346.97 385.94 127.86 90.14 86.47 139.67 315.12 129.80 0.00 296.12 269.71 82.32 82.68 141.29 87.49 92.56 355.98 126.20 100.67 95.14 94.69 102.27 87.78 237.91 172.04 378.68 94.52 109.53 97.26 104.78 102.27 94.69 85.80 235.29 218.36 377.91 310.71 82.68 0.00 382.00 383.61 381.49 83.18 98.39 92.56 98.39 83.28 144.53 377.57 86.80 0.00 186.41 84.81 85.67 93.42
130.05 388.73 85.04 94.88 153.42 88.38 240.43 379.52 97.80 153.94 86.02 340.99 139.33 82.40 142.80 100.67 0.00 270.63 129.31 85.21 100.93 88.83 92.56 141.19 94.03 84.27 125.17 276.82 0.00 85.07 95.07 96.84 114.81 91.63 382.35 99.59 98.42 94.59 99.28 102.56 376.45 93.01 83.22 186.26 92.26 86.20 149.97 334.94 87.02 202.44 0.00 300.05 267.53 157.58 86.59 152.85 92.00 194.78 90.48 126.66 379.57
141.59 90.85 0.00 96.62 94.03 279.37 88.54 363.77 92.49 95.98 91.59 86.02 86.02 422.46 93.43 85.07 133.64 0.00 355.85 124.23 83.93 91.73 83.28 85.67 214.11 358.91 94.03 92.48 149.88 131.95 381.86 88.83 378.35 260.61 97.65 379.61 379.84 341.16 228.66 212.62 0.00 399.15 390.99 388.46 378.28 372.40 123.52 376.55 382.38 383.13 375.64 375.77 102.43 106.67 113.28 100.20 312.60 133.16 84.01 180.91 95.07
375.83 378.34 254.04 153.95 377.16 164.10 376.32 376.73 380.33 306.64 99.24 375.52 197.79 241.40 380.51 377.77 214.98 146.57 84.27-9999.00-9999.00-9999.00-9999.00-9999.00-9999.00-9999.00-9999.00-9999.00-9999.00-9999.00-9999.00-9999.00 -9999.00-9999.00-9999.00-9999.00-9999.00-9999.00-9999.00-9999.00-9999.00 93.07 94.25 368.37 84.41 382.92 380.47 86.96 385.25 82.13 157.29 86.02 0.00 383.70 0.00 324.13 139.34 85.04 100.84 146.06 191.58 0.00 183.66 83.66 92.81 217.96 389.57 206.62 155.02 84.71 82.31 0.00 378.90 198.05 123.96 89.76 83.56 384.83 380.76 94.50 82.32 389.05
87.78 90.22 91.10 112.10 107.80 94.95 0.00 133.71 89.76 98.73 151.96 89.04 83.04 146.37 190.58 349.57 0.00 91.40 83.66 142.20 0.00 82.63 90.42 82.52 91.10 99.49 87.34 96.19 82.38 83.61 160.48 91.51 84.37 93.42 96.19 98.42 0.00 0.00 0.00 319.17 97.99 90.57 376.19 376.42 158.57 369.86 377.36 96.55 94.75 148.12 379.89 191.45 83.28 87.73 234.53 379.96 371.50 95.02 85.36 376.30 97.08
387.59 174.11 94.03 86.59 230.75 377.19 94.46 376.50 0.00 0.00 241.13 378.58 98.98 125.67 86.24 93.84 145.65 140.90 84.81 99.28 92.48 375.21 93.65 376.97 90.12 86.20 381.28 140.62 95.79-9999.00-9999.00-9999.00-9999.00-9999.00-9999.00-9999.00-9999.00-9999.00-9999.00-9999.00-9999.00-9999.00-9999.00 -9999.00-9999.00-9999.00-9999.00-9999.00-9999.00-9999.00-9999.00-9999.00-9999.00-9999.00-9999.00-9999.00-9999.00-9999.00 100.67 97.26 372.60 113.93 102.64 98.90 344.31 378.33 382.37 0.00 136.18 82.97 82.34 121.12 374.30 91.64 84.87 122.52 205.54 0.00 152.44 91.86 90.35 82.45 196.12 0.00 257.90 82.55 94.69 82.73 0.00
273.16 94.52 91.73 124.65 85.84 315.15 105.69 101.88 103.36 102.86 84.81 385.71 90.85 377.13 289.27 86.20 90.85 86.20 367.13 313.89 130.95 85.21 127.83 378.96 98.39 385.07 376.48 155.53 167.28 88.83 98.11 91.55 83.19 84.94 208.15 396.09 91.63 84.47 83.22 174.44 0.00 0.00 393.99 92.95 90.87 107.72 380.66 171.36 123.38 83.51 83.86 123.78 83.93 376.46 142.16 86.59-9999.00-9999.00-9999.00-9999.00-9999.00-9999.00-9999.00-9999.00-9999.00-9999.00-9999.00-9999.00-9999.00-9999.00-9999.00-9999.00-9999.00-9999.00 -9999.00-9999.00-9999.00-9999.00-9999.00-9999.00-9999.00-9999.00-9999.00-9999.00-9999.00-9999.00-9999.00-9999.00-9999.00-9999.00-9999.00 92.84 93.37 105.60 133.64
382.07 112.26 97.88 0.00 0.00 0.00 116.25 350.45 100.39 183.80 87.66 384.40 380.16 378.18 85.41 130.50 101.53 82.48 347.27 379.50 102.86 230.04 400.99 92.05 100.08 378.33 90.85 93.43 0.00 101.76 382.02 352.24 355.27 148.28 86.02 93.01 93.43 187.12 92.73 269.74 376.65 358.24 134.81 84.47 100.23 188.51 84.37 83.43 143.03 87.49 0.00 92.95 200.18 279.92 113.00 386.46 86.02 92.73 103.19 386.13 379.98
88.38 137.53 378.90 89.76 383.33 383.58 0.00 385.62 96.51 377.77 380.07 92.34 398.19 0.00 90.14 88.38 96.25 162.63 376.07 100.93 396.20 387.20 396.13 387.34 380.93 127.12 91.83 93.77 89.45 383.81 86.20 371.76 83.93 91.13 97.08 265.79 87.02 85.07 142.11 353.95 377.42 124.66 96.25 91.88 84.27 133.20 0.00 0.00 375.55 288.05 355.96 255.57 140.26 83.73 91.40 135.83 95.42 83.23 124.54 99.59-9999.00-9999.00-9999.00-9999.00-9999.00-9999.00-9999.00-9999.00-9999.00-9999.00-9999.00-9999.00-9999.00-9999.00-9999.00-9999.00-9999.00-9999.00-9999.00-9999.00 -9999.00-9999.00-9999.00-9999.00-9999.00-9999.00-9999.00-9999.00-9999.00-9999.00-9999.00-9999.00-9999.00-9999.00-9999.00-9999.00-9999.00-9999.00-9999.00-9999.00
213.90 393.47 381.80 161.26 208.61 375.68 145.60 212.94 0.00 0.00 0.00 381.44 91.63 0.00 94.46 386.58 86.59 376.84 142.04 83.39 147.69 84.58 141.55 380.30 377.23 89.14 385.63 387.98 0.00 376.03 92.05 348.96 94.46 133.34 0.00 84.94 91.63 96.19 96.84 97.65 141.59 0.00 385.22 85.51 95.79 381.04 298.47 142.11 85.07-9999.00-9999.00-9999.00-9999.00-9999.00-9999.00-9999.00-9999.00-9999.00-9999.00-9999.00-9999.00-9999.00-9999.00-9999.00-9999.00-9999.00 -9999.00-9999.00-9999.00-9999.00-9999.00-9999.00-9999.00-9999.00-9999.00-9999.00-9999.00-9999.00-9999.00-9999.00-9999.00-9999.00-9999.00-9999.00-9999.00-9999.00-9999.00-9999.00-9999.00-9999.00-9999.00 100.44 83.27 223.73 379.29 88.71 443.16 136.85 87.22 84.27 140.47 99.39
92.49 84.81 124.46 376.01 148.36 85.07 83.39 142.89 377.25 0.00 376.02 150.68 95.75 96.19 93.01 92.48 99.59 0.00 128.98 84.81 93.90 376.96 258.25 84.81 86.02 232.05 375.59-9999.00-9999.00-9999.00-9999.00-9999.00-9999.00-9999.00-9999.00-9999.00-9999.00-9999.00-9999.00-9999.00-9999.00-9999.00-9999.00-9999.00-9999.00-9999.00 -9999.00-9999.00-9999.00-9999.00-9999.00-9999.00-9999.00-9999.00-9999.00-9999.00-9999.00-9999.00-9999.00-9999.00-9999.00-9999.00-9999.00-9999.00-9999.00-9999.00-9999.00-9999.00 97.22 97.26 195.50 380.46 103.02 85.04 103.02 93.36 93.81 136.16 85.22 0.00 0.00 0.00 327.57 0.00 173.81 127.56 112.84 148.18 98.41 100.44 174.40 100.67 212.38 99.74 286.83 104.29 99.74 90.96 88.38 400.01 380.97
381.61 378.36 374.27 318.09 102.55 375.96 136.55 84.58 93.43 0.00 85.21 95.60 149.55 96.62 141.66 95.24-9999.00-9999.00-9999.00-9999.00-9999.00-9999.00-9999.00-9999.00-9999.00-9999.00-9999.00-9999.00-9999.00-9999.00-9999.00-9999.00-9999.00-9999.00-9999.00-9999.00-9999.00-9999.00 -9999.00-9999.00-9999.00-9999.00-9999.00-9999.00-9999.00-9999.00-9999.00-9999.00-9999.00-9999.00-9999.00-9999.00-9999.00-9999.00-9999.00 87.22 198.72 92.33 85.60 99.06 91.86 84.13 208.22 152.35 155.51 386.90 0.00 0.00 141.18 82.84 83.77 378.30 86.02 145.73 377.89 382.81 0.00 376.49 108.11 373.93 376.74 127.56 386.69 184.60 98.90 104.37 365.72 383.74 371.73 153.42 95.14 90.14 89.04 125.33 112.26 134.81 379.86 0.00 393.77
391.78 0.00 83.24 89.45 162.87 96.84-9999.00-9999.00-9999.00-9999.00-9999.00-9999.00-9999.00-9999.00-9999.00-9999.00-9999.00-9999.00-9999.00-9999.00-9999.00-9999.00-9999.00-9999.00-9999.00-9999.00-9999.00-9999.00-9999.00-9999.00 -9999.00-9999.00-9999.00-9999.00-9999.00-9999.00-9999.00-9999.00-9999.00-9999.00-9999.00-9999.00-9999.00-9999.00-9999.00-9999.00-9999.00-9999.00-9999.00 94.88 97.26 99.77 386.49 212.54 102.45 100.09 86.71 86.71 150.39 377.35 89.76 387.98 83.36 85.22 87.49 127.59 385.36 0.00 0.00 284.77 383.35 428.85 381.90 376.29 276.41 385.77 233.31 133.95 384.63 381.25 364.29 387.43 92.34 103.02 87.49 91.40 103.36 376.01 377.01 377.74 377.87 162.67 165.84 0.00 377.53 375.72 378.03 376.74 199.19 376.56 381.01 393.48 199.19
326.03 429.61 111.02 217.83 165.84 381.75 376.53 270.55 333.13 386.45 0.00 0.00 395.95 382.70 333.42 384.30 386.80 0.00 326.82 387.02 222.63 403.66 284.77 159.73 375.74 233.18 114.52 158.32 100.09 84.87 85.41 94.64 91.77 148.22 84.37 382.28 0.00 114.81 385.98 382.67 383.24 84.09 91.63 92.33 85.36 84.27 125.31 380.45 376.40 83.30 142.54 152.62 180.08 84.69 159.94 96.62 90.85 368.22 133.28 93.65-9999.00-9999.00-9999.00-9999.00-9999.00-9999.00-9999.00-9999.00-9999.00-9999.00-9999.00-9999.00-9999.00-9999.00-9999.00-9999.00-9999.00-9999.00-9999.00-9999.00-9999.00-9999.00 -9999.00-9999.00-9999.00-9999.00-9999.00-9999.00-9999.00-9999.00-9999.00-9999.00-9999.00-9999.00-9999.00-9999.00-9999.00-9999.00-9999.00-9999.00-9999.00-9999.00-9999.00-9999.00-9999.00-9999.00-9999.00-9999.00-9999.00-9999.00-9999.00-9999.00-9999.00
376.60 377.78 245.13 375.83 245.13 0.00 329.00 376.43 377.84 0.00 278.44 117.80 282.98 128.57 141.08 182.46 377.01 136.28 91.77 374.71 372.11 117.80 88.11 97.31 96.47 108.40 139.23 111.50 139.31 157.23 380.28 376.27 376.75 175.69 298.22 288.40 376.17 376.28 376.74 0.00 0.00 0.00 331.70 378.14 320.32 0.00 370.56 275.48 378.73 359.91 200.16 232.62 375.83 155.77 376.21 383.46 375.21 97.15 376.49 383.40 114.79
384.22 392.08 88.85-9999.00-9999.00-9999.00-9999.00-9999.00-9999.00-9999.00-9999.00-9999.00-9999.00-9999.00-9999.00-9999.00-9999.00-9999.00-9999.00-9999.00-9999.00-9999.00-9999.00-9999.00-9999.00-9999.00 -9999.00-9999.00-9999.00-9999.00-9999.00-9999.00-9999.00-9999.00-9999.00-9999.00-9999.00-9999.00-9999.00-9999.00-9999.00-9999.00-9999.00-9999.00-9999.00-9999.00-9999.00-9999.00-9999.00-9999.00-9999.00-9999.00-9999.00-9999.00-9999.00-9999.00-9999.00-9999.00-9999.00-9999.00-9999.00-9999.00 163.12 377.68 375.37 377.92 380.18 377.18 377.28 380.27 380.34 381.02 298.22 298.22 0.00 0.00 320.32 375.12 392.83 376.79 301.68 301.68 375.21 379.45 301.73 376.64 301.73 0.00 363.74 101.08 101.22 94.70 102.31 109.44 113.69 89.88 204.43 230.52 132.44 91.36 389.58 91.36 122.56 125.95 94.65 110.52 376.65 136.14 112.58 0.00 396.19 295.60 376.23 93.54 385.35 191.17 0.00 377.05 376.77
375.22 237.43 0.00 389.93 375.23 248.79 375.37 375.33 331.29 175.69 371.47 314.23 375.72 149.27 100.41 94.49 95.44 93.48 84.66 93.17 112.97 108.19 93.60 377.04 97.15 381.78 92.20 99.24 110.70 96.62 85.52 137.50 106.39 378.77 88.37 84.99 87.37 380.84 84.66 129.07 109.21 376.55 119.69-9999.00-9999.00-9999.00-9999.00-9999.00-9999.00-9999.00-9999.00-9999.00-9999.00-9999.00-9999.00-9999.00-9999.00-9999.00-9999.00-9999.00-9999.00-9999.00-9999.00 -9999.00-9999.00-9999.00-9999.00-9999.00-9999.00-9999.00-9999.00-9999.00-9999.00-9999.00-9999.00-9999.00-9999.00-9999.00-9999.00-9999.00-9999.00-9999.00-9999.00-9999.00-9999.00-9999.00-9999.00-9999.00-9999.00-9999.00-9999.00-9999.00-9999.00-9999.00-9999.00-9999.00-9999.00-9999.00-9999.00-9999.00-9999.00-9999.00-9999.00-9999.00-9999.00-9999.00-9999.00-9999.00-9999.00-9999.00 375.94 298.22 0.00 375.70 275.48 375.82 320.32 392.47 0.00 375.33 298.22 376.26 354.85 275.48 375.28 375.20 384.32
298.22 298.22 0.00 298.22 0.00 0.00 298.22 375.20 378.39 375.43 375.25 263.61 324.78 207.43 376.53 375.61 204.17 157.23 215.08 197.82 116.81 405.93 371.64 357.37 100.62 92.20 0.00 91.77 100.94 87.61 105.35 146.28 383.11 92.20 222.68 228.56 96.47 376.24 393.74 386.40 217.61 98.68 98.68 104.30 105.35 386.84 88.36 364.54 425.73 375.83 157.76 97.20-9999.00-9999.00-9999.00-9999.00-9999.00-9999.00-9999.00-9999.00-9999.00-9999.00-9999.00-9999.00-9999.00-9999.00-9999.00-9999.00-9999.00-9999.00 -9999.00-9999.00-9999.00-9999.00-9999.00-9999.00-9999.00-9999.00-9999.00-9999.00-9999.00-9999.00-9999.00-9999.00-9999.00-9999.00-9999.00-9999.00-9999.00-9999.00-9999.00-9999.00-9999.00-9999.00-9999.00-9999.00-9999.00-9999.00-9999.00-9999.00-9999.00-9999.00-9999.00-9999.00-9999.00-9999.00-9999.00-9999.00-9999.00-9999.00-9999.00-9999.00-9999.00-9999.00-9999.00-9999.00-9999.00-9999.00-9999.00-9999.00-9999.00-9999.00-9999.00 375.59 0.00 298.22 377.42 232.57 380.91 280.71 320.32
