蒙特卡罗+CDRMV3/输出数据/2D水深分布/WaterDepthGIS_0136.ASC
ncols         539            
nrows         744            
xllcorner     602630.84259341
yllcorner     3914823.670891 
cellsize      50             
NODATA_value  -9999.00       
[rows 0 to 26 of 32, columns 61 to 121 of 539]
82.73-9999.00-9999.00-9999.00-9999.00-9999.00-9999.00-9999.00-9999.00-9999.00-9999.00-9999.00-9999.00-9999.00-9999.00-9999.00-9999.00 -9999.00-9999.00-9999.00-9999.00-9999.00-9999.00-9999.00-9999.00-9999.00-9999.00-9999.00-9999.00-9999.00-9999.00-9999.00-9999.00-9999.00-9999.00-9999.00-9999.00-9999.00-9999.00-9999.00-9999.00-9999.00-9999.00-9999.00-9999.00-9999.00-9999.00-9999.00-9999.00-9999.00-9999.00-9999.00-9999.00-9999.00-9999.00-9999.00-9999.00-9999.00-9999.00-9999.00-9999.00-9999.00-9999.00-9999.00-9999.00-9999.00-9999.00-9999.00-9999.00-9999.00-9999.00-9999.00-9999.00-9999.00-9999.00-9999.00-9999.00-9999.00-9999.00-9999.00-9999.00-9999.00-9999.00-9999.00-9999.00-9999.00-9999.00-9999.00-9999.00-9999.00-9999.00-9999.00-9999.00-9999.00-9999.00-9999.00-9999.00-9999.00-9999.00-9999.00-9999.00-9999.00-9999.00-9999.00-9999.00-9999.00-9999.00-9999.00-9999.00-9999.00-9999.00-9999.00-9999.00-9999.00-9999.00-9999.00-9999.00-9999.00-9999.00-9999.00-9999.00-9999.00-9999.00-9999.00-9999.00-9999.00-9999.00-9999.00-9999.00-9999.00-9999.00-9999.00-9999.00-9999.00-9999.00-9999.00-9999.00 93.67 98.33 82.68 382.90 97.78 381.84 143.90 82.83 83.45 94.96-9999.00-9999.00-9999.00-9999.00-9999.00-9999.00-9999.00-9999.00-9999.00-9999.00-9999.00-9999.00-9999.00-9999.00-9999.00 -9999.00-9999.00-9999.00-9999.00-9999.00-9999.00-9999.00-9999.00-9999.00-9999.00-9999.00-9999.00-9999.00-9999.00-9999.00-9999.00-9999.00-9999.00-9999.00-9999.00-9999.00-9999.00-9999.00-9999.00-9999.00-9999.00-9999.00-9999.00-9999.00-9999.00-9999.00-9999.00-9999.00-9999.00-9999.00-9999.00-9999.00-9999.00-9999.00-9999.00-9999.00-9999.00-9999.00-9999.00-9999.00-9999.00-9999.00-9999.00-9999.00-9999.00-9999.00-9999.00-9999.00-9999.00-9999.00-9999.00-9999.00-9999.00-9999.00-9999.00-9999.00-9999.00-9999.00-9999.00-9999.00-9999.00-9999.00-9999.00-9999.00-9999.00-9999.00-9999.00-9999.00-9999.00-9999.00-9999.00-9999.00-9999.00-9999.00-9999.00-9999.00-9999.00-9999.00-9999.00-9999.00-9999.00-9999.00-9999.00-9999.00-9999.00-9999.00-9999.00-9999.00-9999.00-9999.00-9999.00-9999.00-9999.00-9999.00-9999.00-9999.00-9999.00-9999.00-9999.00-9999.00-9999.00-9999.00-9999.00-9999.00-9999.00-9999.00-9999.00-9999.00-9999.00-9999.00-9999.00-9999.00-9999.00-9999.00 90.45 82.97 94.78 83.13 387.12 380.90 94.44 106.35 86.85 172.42 185.21 104.64-9999.00-9999.00-9999.00-9999.00-9999.00-9999.00-9999.00-9999.00-9999.00-9999.00-9999.00-9999.00-9999.00-9999.00 -9999.00-9999.00-9999.00-9999.00-9999.00-9999.00-9999.00-9999.00-9999.00-9999.00-9999.00-9999.00-9999.00-9999.00-9999.00-9999.00-9999.00-9999.00-9999.00-9999.00-9999.00-9999.00-9999.00-9999.00-9999.00-9999.00-9999.00-9999.00-9999.00-9999.00-9999.00-9999.00-9999.00-9999.00-9999.00-9999.00-9999.00-9999.00-9999.00-9999.00-9999.00-9999.00-9999.00-9999.00-9999.00-9999.00-9999.00-9999.00-9999.00-9999.00-9999.00-9999.00-9999.00-9999.00-9999.00-9999.00-9999.00-9999.00-9999.00-9999.00-9999.00-9999.00-9999.00-9999.00-9999.00-9999.00-9999.00-9999.00-9999.00-9999.00-9999.00-9999.00-9999.00-9999.00-9999.00-9999.00-9999.00-9999.00-9999.00-9999.00-9999.00-9999.00-9999.00-9999.00-9999.00-9999.00-9999.00-9999.00-9999.00-9999.00-9999.00-9999.00-9999.00-9999.00-9999.00-9999.00-9999.00-9999.00-9999.00-9999.00-9999.00-9999.00-9999.00-9999.00-9999.00-9999.00-9999.00-9999.00-9999.00-9999.00-9999.00-9999.00-9999.00-9999.00-9999.00-9999.00-9999.00-9999.00-9999.00 82.54 201.10 83.94 141.30 83.83 0.00 82.97 85.37 380.01 301.49 124.44 101.17-9999.00-9999.00-9999.00-9999.00-9999.00-9999.00-9999.00-9999.00-9999.00-9999.00-9999.00-9999.00-9999.00-9999.00 -9999.00-9999.00-9999.00-9999.00-9999.00-9999.00-9999.00-9999.00-9999.00-9999.00-9999.00-9999.00-9999.00-9999.00-9999.00-9999.00-9999.00-9999.00-9999.00-9999.00-9999.00-9999.00-9999.00-9999.00-9999.00-9999.00-9999.00-9999.00-9999.00-9999.00-9999.00-9999.00-9999.00-9999.00-9999.00-9999.00-9999.00-9999.00-9999.00-9999.00-9999.00-9999.00-9999.00-9999.00-9999.00-9999.00-9999.00-9999.00-9999.00-9999.00-9999.00-9999.00-9999.00-9999.00-9999.00-9999.00-9999.00-9999.00-9999.00-9999.00-9999.00-9999.00-9999.00-9999.00-9999.00-9999.00-9999.00-9999.00-9999.00-9999.00-9999.00-9999.00-9999.00-9999.00-9999.00-9999.00-9999.00-9999.00-9999.00-9999.00-9999.00-9999.00-9999.00-9999.00-9999.00-9999.00-9999.00-9999.00-9999.00-9999.00-9999.00-9999.00-9999.00-9999.00-9999.00-9999.00-9999.00-9999.00-9999.00-9999.00-9999.00-9999.00-9999.00-9999.00-9999.00-9999.00-9999.00-9999.00-9999.00-9999.00-9999.00-9999.00-9999.00-9999.00-9999.00-9999.00-9999.00-9999.00 91.31 82.62 122.39 376.83 102.30 86.61 0.00 82.83 376.89 91.85 92.10 93.03 102.98-9999.00-9999.00-9999.00-9999.00-9999.00-9999.00-9999.00-9999.00-9999.00-9999.00-9999.00-9999.00-9999.00-9999.00 -9999.00-9999.00-9999.00-9999.00-9999.00-9999.00-9999.00-9999.00-9999.00-9999.00-9999.00-9999.00-9999.00-9999.00-9999.00-9999.00-9999.00-9999.00-9999.00-9999.00-9999.00-9999.00-9999.00-9999.00-9999.00-9999.00-9999.00-9999.00-9999.00-9999.00-9999.00-9999.00-9999.00-9999.00-9999.00-9999.00-9999.00-9999.00-9999.00-9999.00-9999.00-9999.00-9999.00-9999.00-9999.00-9999.00-9999.00-9999.00-9999.00-9999.00-9999.00-9999.00-9999.00-9999.00-9999.00-9999.00-9999.00-9999.00-9999.00-9999.00-9999.00-9999.00-9999.00-9999.00-9999.00-9999.00-9999.00-9999.00-9999.00-9999.00-9999.00-9999.00-9999.00-9999.00-9999.00-9999.00-9999.00-9999.00-9999.00-9999.00-9999.00-9999.00-9999.00-9999.00-9999.00-9999.00-9999.00-9999.00-9999.00-9999.00-9999.00-9999.00-9999.00-9999.00-9999.00-9999.00-9999.00-9999.00-9999.00-9999.00-9999.00-9999.00-9999.00-9999.00-9999.00-9999.00-9999.00-9999.00-9999.00-9999.00-9999.00-9999.00-9999.00-9999.00-9999.00-9999.00-9999.00 85.56 91.26 125.02 199.18 87.36 372.53 0.00 0.00
84.17 124.61 295.99 378.47 86.61 84.30 377.03 110.43 0.00 83.45 93.53 101.30 85.20 404.48 378.30 416.17 84.71 379.88 147.75 84.87-9999.00-9999.00-9999.00 -9999.00-9999.00-9999.00-9999.00-9999.00-9999.00-9999.00-9999.00-9999.00-9999.00-9999.00-9999.00-9999.00-9999.00-9999.00 84.11 284.08 92.24 85.86 121.15 0.00 346.27 191.50 84.62-9999.00-9999.00-9999.00-9999.00-9999.00-9999.00-9999.00-9999.00-9999.00-9999.00-9999.00-9999.00-9999.00-9999.00-9999.00-9999.00-9999.00-9999.00-9999.00-9999.00-9999.00-9999.00-9999.00-9999.00-9999.00-9999.00-9999.00-9999.00-9999.00-9999.00-9999.00-9999.00-9999.00-9999.00-9999.00-9999.00-9999.00-9999.00-9999.00-9999.00-9999.00-9999.00-9999.00-9999.00-9999.00-9999.00-9999.00-9999.00-9999.00-9999.00-9999.00-9999.00 88.20 88.20 378.04 379.64 98.64 95.34 97.01 86.61-9999.00-9999.00-9999.00-9999.00-9999.00-9999.00-9999.00-9999.00 83.15 141.27 376.60 308.14 89.85 370.47 132.83 86.61 379.18 323.24 84.87 267.01 127.16 93.40 244.59 308.24 84.30 88.20 83.45 140.18 127.09 124.94 0.00
123.47 95.75 87.36 380.06 164.62 87.63-9999.00 85.56 180.19 83.37 355.43 84.71 91.15 82.92 385.20 86.85 187.66 104.56 98.64 91.37 92.69 82.92 213.62 91.43 0.00 129.56 83.15 83.63 351.41 83.54 0.00 0.00 0.00 87.63 84.87 84.17 0.00 377.64 327.42 0.00 0.00 0.00 0.00 0.00 0.00 0.00 129.86 90.61 96.68 268.13 0.00 378.20 377.23 102.00 155.98 86.16 235.14 96.68 96.93-9999.00-9999.00-9999.00-9999.00-9999.00 -9999.00-9999.00-9999.00-9999.00-9999.00-9999.00-9999.00-9999.00-9999.00-9999.00-9999.00-9999.00 83.80 279.55
237.01 379.19 95.75 96.20 101.17 85.20 379.45 163.86 96.93 93.53 376.36 0.00 157.61 96.28 94.98 83.73 375.94 88.82 378.26 85.75 236.81 0.00 376.05 189.78 83.45 92.19 82.54 83.22 148.19 376.93 0.00 201.38 258.34 145.75 83.54 96.93 92.28 91.43 86.38 82.69 140.79 129.10 89.49 123.34 381.17 85.56 84.57 148.57 94.78 95.55 96.20 162.78 91.43 85.56 92.48 92.69 212.52 86.38 125.58 125.58 126.29
95.55 91.78 125.15 121.94 392.93 84.57 101.97 98.64 92.10 82.69 87.63 0.00 0.00 90.22 185.12 380.57 89.49 376.16 140.40 83.09 91.93 162.48 380.33 82.54 82.98 93.67 84.43 139.91 166.29 374.53 377.57 177.40 93.30 375.59 0.00 105.96 385.51 381.96 97.49 380.07 98.60 104.11-9999.00-9999.00-9999.00-9999.00-9999.00-9999.00-9999.00-9999.00-9999.00-9999.00-9999.00 -9999.00-9999.00-9999.00-9999.00-9999.00-9999.00-9999.00-9999.00-9999.00-9999.00 102.48 376.57 99.18 170.95 375.71 83.53 254.15 82.51 386.18 89.55 0.00 90.36 82.43 81.95 161.74 82.85 82.43 176.10
90.64 158.19 82.72 383.93 0.00 0.00 123.47 99.45 130.28 395.03 385.26 98.64 382.23 379.55 152.08 85.75 97.46-9999.00-9999.00-9999.00-9999.00-9999.00-9999.00-9999.00-9999.00-9999.00 -9999.00-9999.00-9999.00-9999.00 96.65 84.62 340.71 83.53 111.58 377.77 85.86 93.38 92.21 88.45 287.62 377.53 89.55 121.13 158.12 215.13 0.00 85.20 91.13 377.98 334.04 376.16 83.40 95.34 291.90 302.08 91.96 379.18 100.59 96.08 98.29 396.79 132.26 82.51 87.79 108.77 102.48 95.58 86.62 125.53 0.00 82.08 94.96
384.49 0.00 347.83 102.00 118.09 156.18 166.76 380.70 121.70 133.27 126.59 388.57 88.82 94.98 220.68 92.32-9999.00-9999.00-9999.00-9999.00-9999.00-9999.00-9999.00-9999.00 -9999.00-9999.00-9999.00 96.34 100.22 233.91 377.45 389.06 133.53 91.22 135.82 381.73 82.36 83.95 81.71 124.90 380.63 83.28 81.82 0.00 88.11 298.20 126.37 174.19 83.28 87.18 91.62 91.62 93.38 81.85 136.85 379.63 0.00 0.00 0.00 123.02 85.41 97.49 87.79 342.45 82.59 334.93 0.00 318.27 82.95 90.87 95.34
0.00 0.00 376.19 107.81 115.74 270.46 391.90 387.72 390.52 384.17 193.07 99.78 107.58 357.29 83.22 93.83 229.31 150.26 98.96-9999.00-9999.00-9999.00-9999.00-9999.00-9999.00 -9999.00-9999.00-9999.00-9999.00-9999.00-9999.00 157.26 82.03 261.78 0.00 91.74 143.67 82.95 85.86 135.35 201.63 93.54 82.85 0.00 181.49 81.78 177.04 93.05 172.02 193.87 88.45 82.85 379.16 85.41 91.73 81.80 0.00 152.41 82.13 94.47 82.18 377.28 88.11 379.55 82.67 82.59 0.00 163.15 81.91 85.00 297.24 382.57
381.35 381.04 379.39 84.17 91.01 93.67 83.29 222.73 86.38-9999.00-9999.00-9999.00-9999.00-9999.00-9999.00-9999.00 -9999.00-9999.00-9999.00-9999.00-9999.00-9999.00-9999.00-9999.00-9999.00 82.66 328.30 0.00 85.41 91.22 86.89 0.00 103.73 376.03 122.40 83.66 92.21 94.08 93.33 379.98 85.20 90.14 141.73 83.53 125.86 384.03 0.00 83.05 0.00 0.00 121.85 83.95 123.02 89.55 0.00 128.85 91.13 103.29 0.00 83.16 337.54 172.69 83.53 156.46 230.58 382.68 100.08 81.75 276.05 233.27 303.92 384.83 375.97 91.01 85.75 0.00
120.02 213.07 128.60 0.00 90.36 81.80 376.62 84.27 92.77 92.61 142.42 85.63 86.36 351.44 91.13 179.08 94.08 93.33 102.09 110.00 96.08 232.20 100.96 268.23 106.02 99.18 205.06 81.88 144.49 83.80 122.27 150.34 259.60 0.00 82.91 92.58 84.71 376.63 249.27 102.80 103.33 90.45 134.64 82.97 166.25 0.00 86.61 91.20 94.27 120.64 90.22 93.15 88.50 96.43 107.16 84.30 398.17 154.63 212.58 257.06 87.36
297.54 376.16 134.96 81.86 179.38 0.00 124.39 83.54 84.59 374.42 377.71 196.67 90.61 82.62 160.51 227.07 369.47 0.00 369.02 367.91 150.51 94.98 99.94 174.45 378.36 102.98 376.83 99.45 100.28 88.20 95.55 95.61 198.32 82.97 83.22 86.85 83.15 208.09 87.63 0.00 349.74 118.77 381.13 376.77 87.63 91.43 90.96 92.48 96.20 125.03 95.97 90.81 84.17 105.07 94.96 93.96 96.28 264.91 379.74 379.57 386.74
165.49 382.24 83.37 142.65 95.97 88.20 124.72 396.83 0.00 133.18 87.63 340.31 146.92 82.62 92.48 85.37 87.63 83.03 136.63 382.93 139.00 95.97 249.60 93.81 142.34 112.06 368.89 97.74 89.85 375.46 377.48 197.29 272.59 0.00 173.45 377.02 372.63 376.80 102.66 245.30 362.31 167.24 371.57 83.73 82.79 370.71 82.75 92.19 377.30 376.31 83.15 99.94-9999.00-9999.00-9999.00-9999.00-9999.00-9999.00-9999.00-9999.00-9999.00-9999.00 -9999.00-9999.00-9999.00-9999.00-9999.00-9999.00-9999.00-9999.00-9999.00 82.08 124.92 335.39 0.00 121.43 83.53 92.21 125.04
182.22 209.83 384.71 105.21 150.18 81.81 87.81 100.96 101.30 85.03 84.30 94.11 236.70 82.64 95.97 94.44-9999.00-9999.00-9999.00-9999.00-9999.00-9999.00-9999.00-9999.00-9999.00-9999.00-9999.00-9999.00-9999.00 -9999.00-9999.00-9999.00-9999.00-9999.00-9999.00-9999.00-9999.00-9999.00-9999.00 85.41 264.74 379.36 0.00 0.00 0.00 0.00 0.00 0.00 395.31 366.88 82.67 0.00 291.11 143.81 83.80 90.36 100.22 91.22 0.00 99.86 94.89 97.80 90.95 379.12 343.90 169.92 84.62 81.78 166.51 0.00 196.88 85.00 96.08 85.20 379.26 83.40 207.77 387.19 81.75 381.49 82.76 81.77 121.36
0.00 342.68 82.30 91.13 161.06 91.85 131.23 105.33 0.00 392.01 295.04 166.61 84.27 82.03 133.44 155.51 0.00 379.24 83.80 91.73 82.76 0.00 161.64 356.29 83.80 330.66 84.11 133.72 84.71 127.87 85.18 84.71 131.88 256.17 373.12 376.52 379.82 0.00 375.58 375.64 390.49 0.00 0.00 0.00 0.00 0.00 0.00 0.00 376.25 345.63 380.30 86.16 87.91 190.31 100.90 239.17 384.39 86.85 257.05 89.49 376.36
94.44 93.83 379.75 96.28 99.28 96.20 91.01 134.65 380.53 384.03 83.29 85.75 137.04 165.20 375.65 378.15 0.00 317.59 377.51 376.46 206.56 98.14 369.90 92.56 110.24 368.12 84.87 82.64 83.09 379.27 84.17 84.05 376.87 387.27 356.16 83.15 96.68-9999.00-9999.00-9999.00-9999.00-9999.00-9999.00-9999.00-9999.00-9999.00-9999.00-9999.00-9999.00-9999.00-9999.00 -9999.00-9999.00-9999.00-9999.00-9999.00-9999.00-9999.00-9999.00-9999.00-9999.00-9999.00-9999.00-9999.00 102.09 86.89 92.77 168.54 378.13 90.36 96.61 86.36 246.08 83.28 81.73 0.00 84.62 375.84 0.00 406.96 85.41 83.80 82.51 89.60 87.18 102.82 111.58
92.76 90.95 82.06 289.65 378.75 383.44 0.00 81.71 142.63 82.67 90.70 89.51 122.26 376.71 90.09 82.48 83.40 345.94 0.00 82.48 81.75 81.72 129.56 378.00 95.06 98.64 222.61 405.06 131.97 120.42 102.98 87.63 377.36 377.22 132.79 85.95 106.35 97.01 85.20 99.94 86.16 99.94 89.15 395.19 85.37 100.28 367.96 87.63 96.68 175.17 166.70 92.19 83.54 208.83 191.50 84.05 377.15 0.00 85.37 93.40 87.63
86.11 86.36 89.63 90.09 89.16 0.00 0.00 123.85 93.72 161.26 84.27 143.82 85.86 83.05 328.89 84.62 375.95 241.85 94.47 89.72 90.14 89.55 88.45 236.05 0.00 85.89 297.74 375.79 83.53 378.65 116.98 0.00 96.65 226.05 94.91 116.98 82.13 89.95 82.18 93.38 99.50 86.89 345.03 92.69 365.40 97.74 83.63 425.45 342.34 89.15 375.69 248.26 92.80 339.16 86.61 0.00 82.79 84.05 86.16 154.54 83.54
90.71 381.48 196.87 378.49 0.00 81.82 93.38 92.77 90.25 88.11 442.13 83.05 91.52 93.05 97.19 90.80 82.95 366.87 82.95 368.78 93.05 125.88 91.73 91.74 137.70 375.84 380.02 0.00 89.55 371.22 106.02 97.45 146.11 86.36 229.83 369.12 389.15 96.65 103.73 133.88 378.34 92.77 95.34 231.07 86.11 228.36 0.00 0.00 0.00 391.16 215.85 113.05 85.95 95.97 98.96 89.85 93.67 85.95 378.67 367.87 376.23
284.35 383.84 197.92 287.49 193.43 106.02 378.17 378.31 0.00 379.44 379.50 185.04 379.19 249.40 375.73 88.14 271.58 238.62 97.69 139.99 375.85 381.44 85.41 100.22 82.08 298.57 108.77 106.80 147.50 93.33 297.07 0.00 100.08 0.00 249.40 105.00 376.89 379.42 106.76 362.76 340.03 379.68 241.61 101.63 83.09 82.79 83.09 148.05 82.56 97.74 383.21 83.63 90.66 161.46 83.83 89.15 385.43 367.57 82.79 82.79 377.77
94.27 86.36 102.09 293.40 381.53 169.56 87.79 102.48 93.33 119.33 381.11 100.99 84.80 342.34 0.00 391.13 375.73 376.48 375.96 161.64 0.00 260.80 92.29 101.47 156.18 245.21 364.07 183.25 90.61 354.90 376.67 129.80 88.20 88.20 219.28 83.03 92.32 374.90 91.85 84.87 92.32 121.66 156.38 376.98 0.00 380.69 378.15 376.19 334.09 88.82 95.49 83.73 88.50 0.00 122.52 82.55 91.26 97.74 86.85 162.86 367.42
198.40 0.00 379.26 198.40 389.96 290.99 225.55 376.71 256.23 377.24 148.73 376.29 376.85 99.61 97.01 389.49 383.90 395.54 85.03 94.98 376.01 87.91 94.27 126.04 93.96 310.93 94.11 84.30 93.40 84.71 292.53 0.00 386.15 377.23 324.90 83.61 139.41 166.09 84.57 99.94 0.00 381.96 379.66 378.10 379.78 314.16 176.27 130.64 93.83-9999.00-9999.00-9999.00-9999.00-9999.00-9999.00-9999.00-9999.00-9999.00-9999.00-9999.00-9999.00-9999.00-9999.00-9999.00-9999.00-9999.00-9999.00-9999.00-9999.00 -9999.00-9999.00-9999.00-9999.00-9999.00-9999.00-9999.00-9999.00-9999.00-9999.00-9999.00-9999.00-9999.00-9999.00-9999.00-9999.00-9999.00-9999.00-9999.00-9999.00 92.24 222.04 375.85 379.37 383.95 368.24 84.27 96.89 375.50 132.99 87.79
323.97 379.73 375.06 375.59 0.00 266.26 387.30 91.26 92.77 382.93 387.78 378.72 373.64 195.79 85.95 93.30 311.49 92.58 95.61 131.94 381.84 255.41 0.00 379.18 376.92 377.42 279.59 375.90 245.88 370.60 216.63 93.67 97.19 83.63 0.00 378.61 283.76 91.01 256.86 87.91-9999.00-9999.00-9999.00-9999.00-9999.00-9999.00-9999.00-9999.00-9999.00-9999.00-9999.00-9999.00-9999.00-9999.00-9999.00-9999.00-9999.00-9999.00-9999.00-9999.00-9999.00-9999.00-9999.00 -9999.00-9999.00-9999.00-9999.00-9999.00-9999.00-9999.00-9999.00-9999.00-9999.00-9999.00-9999.00-9999.00-9999.00-9999.00-9999.00-9999.00 86.89 174.72 379.56 375.31 89.16 293.60 83.28 212.68 161.04 455.25 108.69 97.19 89.55 137.62 266.51 87.18 0.00 0.00 0.00 0.00
385.74 82.62 90.46 91.43 94.27 92.48 95.15 94.44 289.53 92.28 377.37 149.68 381.65 168.95 149.89-9999.00-9999.00-9999.00-9999.00-9999.00-9999.00-9999.00-9999.00-9999.00-9999.00-9999.00-9999.00-9999.00-9999.00-9999.00-9999.00-9999.00-9999.00-9999.00-9999.00-9999.00-9999.00-9999.00 -9999.00-9999.00-9999.00-9999.00-9999.00-9999.00-9999.00-9999.00-9999.00-9999.00-9999.00-9999.00-9999.00-9999.00-9999.00-9999.00-9999.00-9999.00-9999.00-9999.00-9999.00-9999.00-9999.00-9999.00-9999.00-9999.00 98.79 86.11 333.77 251.81 101.71 93.33 101.71 105.33 92.24 225.39 325.32 376.60 408.53 0.00 0.00 379.90 377.57 148.73 209.14 256.23 369.69 384.74 0.00 387.36 382.56 380.31 377.03 355.91 376.49 113.13 375.77 279.34 93.91 101.90 145.31 376.83 375.81 379.74 120.39 300.35 380.04 292.17 185.04 105.33 375.24
327.78 0.00 375.29 380.34 331.58 376.76 232.18 237.04 256.41 376.07 310.63 287.41 377.57 379.03 0.00 0.00 0.00 371.78 0.00 203.81 388.12 379.03 365.26 146.13 129.81 82.75 123.85 379.78 377.94 143.29 125.58 84.30 107.16 100.62 95.34 93.03 102.64 86.85 84.71 82.97 125.62 377.03 93.83 130.46 85.56-9999.00-9999.00-9999.00-9999.00-9999.00-9999.00-9999.00-9999.00-9999.00-9999.00-9999.00-9999.00-9999.00-9999.00-9999.00-9999.00-9999.00-9999.00-9999.00-9999.00-9999.00 -9999.00-9999.00-9999.00-9999.00-9999.00-9999.00-9999.00-9999.00-9999.00-9999.00-9999.00-9999.00-9999.00-9999.00-9999.00-9999.00-9999.00-9999.00-9999.00-9999.00-9999.00-9999.00-9999.00-9999.00-9999.00-9999.00-9999.00-9999.00-9999.00-9999.00 110.00 105.00 98.29 380.87 100.99 384.43 389.90 392.25 395.09 244.71 307.14 270.28 256.23 377.28 0.00
119.21 100.97 376.86 391.66 375.46 381.64 397.28 386.94 383.99 162.37 85.52 92.48 95.56 103.30 376.51 392.09 385.28 320.05 370.89 115.36 375.36 375.36 376.04 376.52 0.00 375.34 364.38 90.49 104.53 214.48 374.70 377.61 375.42 99.51 295.31 101.46 378.80 92.93 95.40 375.09 375.49 367.85 84.88 83.57 83.74 91.45 95.56 93.86 101.05 377.59 90.34 109.06 379.82 319.82 89.26 378.53 142.91 91.57 115.03 377.99 104.56
386.44 241.17 206.13 228.25 307.69 178.55 0.00 376.41 219.05 379.00 186.53 375.20 203.81 384.22 381.74 324.32 372.87 375.20 157.34 86.29 85.19 83.83 0.00 0.00 249.32 88.31 143.39 97.16 99.93 158.61 361.41 92.48 87.74 92.48 107.54 0.00 107.18 100.66 92.01 103.49 89.26 93.48 138.11 92.01 97.55-9999.00-9999.00-9999.00-9999.00-9999.00-9999.00-9999.00-9999.00-9999.00-9999.00-9999.00-9999.00-9999.00-9999.00-9999.00-9999.00-9999.00-9999.00-9999.00-9999.00-9999.00-9999.00-9999.00 -9999.00-9999.00-9999.00-9999.00-9999.00-9999.00-9999.00-9999.00-9999.00-9999.00-9999.00-9999.00-9999.00-9999.00-9999.00-9999.00-9999.00-9999.00-9999.00-9999.00-9999.00-9999.00-9999.00-9999.00-9999.00-9999.00-9999.00-9999.00-9999.00-9999.00-9999.00-9999.00-9999.00-9999.00-9999.00-9999.00-9999.00-9999.00-9999.00-9999.00-9999.00-9999.00-9999.00 232.18 375.36 275.25 275.25 375.52 0.00 375.41 298.07 321.05 298.07 0.00 256.38 377.27 298.07 375.45
379.61 298.07 301.42 0.00 321.05 375.16 375.09 0.00 298.07 298.07 0.00 376.24 375.71 378.44 298.08 376.69 375.04 320.04 0.00 298.08 377.49 275.25 0.00 0.00 0.00 375.27 375.43 302.52 154.87 180.89 90.94 362.19 0.00 381.33 380.40 94.09 88.91 375.55 348.38 157.70 92.97 93.32 385.02 259.05 86.73 88.61 379.97 306.91 97.70 98.87 108.81 366.66 384.44 92.97 141.79 98.87 92.01 409.71 89.97 378.35 187.80
