蒙特卡罗+CDRMV3/输出数据/2D水深分布/WaterDepthGIS_0148.ASC
ncols         539            
nrows         744            
xllcorner     602630.84259341
yllcorner     3914823.670891 
cellsize      50             
NODATA_value  -9999.00       
[rows 0 to 26 of 32, columns 427 to 487 of 539]
78.71 76.68 165.06 0.00 80.15 380.51 77.25 84.72 85.53 81.82 375.93 93.46-9999.00-9999.00 99.46 95.91-9999.00-9999.00-9999.00-9999.00-9999.00 -9999.00-9999.00-9999.00-9999.00-9999.00-9999.00-9999.00-9999.00-9999.00-9999.00-9999.00-9999.00-9999.00-9999.00-9999.00 78.64 140.57 370.14 81.12 126.20 0.00 154.73 84.51 110.83-9999.00-9999.00-9999.00-9999.00-9999.00-9999.00-9999.00-9999.00-9999.00-9999.00-9999.00-9999.00-9999.00-9999.00-9999.00-9999.00-9999.00-9999.00-9999.00-9999.00-9999.00-9999.00-9999.00-9999.00-9999.00-9999.00-9999.00-9999.00-9999.00-9999.00-9999.00-9999.00-9999.00-9999.00-9999.00-9999.00-9999.00-9999.00-9999.00-9999.00-9999.00-9999.00-9999.00-9999.00-9999.00-9999.00-9999.00-9999.00-9999.00-9999.00-9999.00-9999.00-9999.00-9999.00-9999.00 88.91 79.47 361.78 77.94-9999.00-9999.00-9999.00-9999.00-9999.00-9999.00-9999.00-9999.00-9999.00-9999.00-9999.00 81.51-9999.00-9999.00-9999.00-9999.00-9999.00-9999.00-9999.00-9999.00-9999.00-9999.00-9999.00-9999.00-9999.00 93.06 77.25 375.42 76.75 380.78 87.70 214.08 131.23 78.38 84.40 149.46 309.99 88.02 222.53 194.12 85.62 79.47 84.31 86.59 87.81 0.00 90.95 375.61 145.77 77.15 76.32 77.69 377.92 82.83 90.24 378.43 214.07
76.45 0.00 0.00 175.88 187.50 81.21 0.00 259.61 383.69 273.03 76.32 98.45 212.39 82.83 375.68 77.45 77.45 261.89 378.16 394.45 378.97 0.00 77.57 76.06 349.95 88.36 78.08 376.44 304.48 372.11 76.62 77.81 88.54 86.74 85.29 0.00 87.81 0.00 244.63 83.98 378.66 296.25 77.45 86.98 99.46-9999.00-9999.00-9999.00-9999.00 -9999.00-9999.00-9999.00-9999.00-9999.00-9999.00-9999.00-9999.00-9999.00-9999.00-9999.00-9999.00-9999.00 90.15 89.42 76.11 114.69 377.29 0.00 151.58 75.99 86.33 110.83 120.46 157.82 82.85 91.90-9999.00-9999.00-9999.00-9999.00-9999.00-9999.00-9999.00-9999.00-9999.00-9999.00-9999.00-9999.00-9999.00-9999.00-9999.00-9999.00-9999.00-9999.00-9999.00-9999.00-9999.00-9999.00-9999.00-9999.00-9999.00-9999.00-9999.00-9999.00-9999.00-9999.00-9999.00-9999.00-9999.00-9999.00-9999.00 81.21
77.81 76.19 143.48 83.58 0.00 82.14 360.69 0.00 387.06 382.24 383.08 376.22 392.16 125.71 80.40 377.74 80.66-9999.00-9999.00-9999.00-9999.00-9999.00-9999.00 -9999.00-9999.00-9999.00-9999.00-9999.00-9999.00-9999.00-9999.00-9999.00-9999.00-9999.00 80.26 115.26 220.66 379.83 85.24 83.56 81.77 0.00 289.62 115.01 77.63 83.29 378.37 86.33 381.53 248.31 174.76 91.90 81.12 252.37 84.58 134.93-9999.00-9999.00-9999.00-9999.00-9999.00 89.19 78.27 146.59 93.81 204.30 90.95 379.27 218.68-9999.00-9999.00-9999.00-9999.00-9999.00 87.27 276.39 369.23 90.24 82.48 407.43 77.57 91.46 81.51 377.13 84.40 83.58 183.67
355.16 80.66 357.35 87.81 375.89 226.75 79.91 76.16 349.31 79.69 150.49 0.00 189.23 78.89 88.91 84.66 189.91 0.00 0.00 375.84 289.77 284.80 91.71 79.47 148.19 377.47 318.66 383.54 78.54 97.57 0.00 136.74 76.36 90.41 77.35 376.75 79.91 0.00 317.43 137.53 76.07 84.50 94.21 78.23 91.75 86.74 119.83 360.44 375.47 403.65 380.67 77.69 106.93 76.36 247.23 330.49 380.36 381.45 87.81 245.83 0.00
168.84 376.48 0.00 76.89 138.42 184.65 79.91 77.57 131.88 382.11 77.94 88.02 120.64 86.47 86.24 187.45 119.72 78.08 115.29 381.02 89.73 86.02 83.20 154.57 385.96 139.87 78.23 121.70 376.86 192.23 378.97 76.62 141.33 83.20 189.04 297.08 99.27 86.84 84.97 115.95 93.81 86.98 76.36 83.90 79.69 412.09 0.00 85.29 225.86 135.25 96.56 91.99 378.31 97.57 131.82 101.33 369.58 81.21-9999.00-9999.00-9999.00-9999.00-9999.00-9999.00-9999.00-9999.00-9999.00 -9999.00-9999.00-9999.00-9999.00-9999.00 189.38 78.27
84.55 144.03 120.72 85.75 386.40 253.01 77.25 93.42 94.62 76.05 86.84 84.83 133.25 286.49 0.00 76.97 88.19 88.91 82.14 350.05 78.71 76.32 83.93 77.06 89.31 81.51 85.62 172.02 76.97 236.70 379.30 376.57 77.81 76.68 80.93 378.47 77.45 78.38 301.55 0.00 356.90 375.71 225.53 102.01 0.00 385.01 385.85 381.93 381.58 246.35 79.27 83.20 98.85-9999.00-9999.00-9999.00-9999.00-9999.00-9999.00-9999.00-9999.00-9999.00 -9999.00-9999.00 76.76 375.85 376.04 78.10 377.19 351.71 172.01
78.23 166.18 235.95 375.93 382.15 0.00 125.76 95.48 377.84 378.50 214.75 88.97 257.28 376.28 92.70 113.51 0.00 81.51 138.98 78.08 88.19 83.20 80.93 377.08 77.15 79.69 115.36 378.50 76.25 76.16 189.05 84.55 79.27 84.27 86.59 84.27 87.11 136.67 0.00 111.99 0.00 0.00 0.00 388.66 251.58 260.77 123.50 117.90 123.91 187.89 96.78 93.83 156.89 133.05 80.15 376.16 77.94-9999.00-9999.00-9999.00-9999.00-9999.00-9999.00 -9999.00-9999.00-9999.00-9999.00-9999.00 89.65 84.94 76.40
0.00 78.89 234.87 117.75 160.99 77.94 77.81 86.74 133.21 77.94 115.14 0.00 362.10 115.37 80.15 83.20 138.96 380.80 77.69 277.85 92.05 79.27 129.89 80.66 389.05 84.83 165.60 76.32 76.28 139.97 80.66 375.59 0.00 125.90 387.66 383.18 383.51 385.40 381.77 383.67 387.78 380.60 255.65 260.34 90.84 96.46 78.23 78.23 377.37 81.82 95.48-9999.00-9999.00-9999.00-9999.00-9999.00-9999.00-9999.00 -9999.00-9999.00-9999.00-9999.00-9999.00-9999.00-9999.00-9999.00 75.75 115.20 0.00 293.41 138.81 76.57 76.06 385.35 0.00
120.51 88.36 80.40 0.00 378.47 281.21 118.64 86.74 84.78 84.50 79.47 126.35 0.00 382.20 377.56 376.34 170.03 125.14 76.36 86.71 84.84 85.29 375.74 126.86 77.81 76.06 92.37 100.71-9999.00-9999.00-9999.00-9999.00-9999.00-9999.00-9999.00-9999.00-9999.00 -9999.00-9999.00-9999.00-9999.00-9999.00-9999.00-9999.00-9999.00-9999.00 75.75 118.18 0.00 81.44 80.26 0.00 80.26 193.37 114.91 75.60 87.08 128.28 75.99 377.69 85.46 87.58 83.07 83.14 76.32 394.59 0.00 376.29 75.83 84.35 149.06 187.15 83.64 78.10 90.42 84.42 283.57 223.14
363.55 84.40-9999.00-9999.00-9999.00-9999.00-9999.00-9999.00-9999.00-9999.00 -9999.00-9999.00-9999.00-9999.00-9999.00-9999.00-9999.00-9999.00-9999.00-9999.00 76.98 133.20 132.92 0.00 175.87 76.48 80.82 89.42 76.66 165.91 379.96 86.06 89.65 85.13 83.23 137.07 0.00 147.20 361.20 77.78 129.74 79.05 80.00 82.47 395.68 157.32 79.50 84.07 80.26 78.84 184.33 277.10 88.14 354.50 95.46 194.68 89.65 93.33 87.03 99.63 138.23 275.63 86.19 83.24 76.39 375.44 378.70 0.00 76.24 93.81 376.26 362.10 77.25 165.07 108.79 83.82 84.27 78.38
80.54 161.97 87.24 75.93 378.51 0.00 77.63 371.24 197.70 92.62 79.27 375.34 362.28 84.58 203.07 84.42 77.63 307.27 376.34 79.50 0.00 378.46 227.99 186.73 120.63 90.95 86.12 77.81 234.79 76.75 130.90 77.06 255.39 0.00 335.47 152.07 78.38 83.58 144.49 385.71 287.81 376.00 117.75 81.51 96.78 78.08 365.25 378.37 319.93 85.53 83.20 76.14 117.93 376.93 86.24 0.00 376.31 282.88 128.49 77.25 76.56
173.89 374.51 143.65 78.18 89.73 77.06 375.83 0.00 76.56 78.38 376.12 320.07 136.29 85.75 87.40 121.05 76.21 76.05 394.88 78.08 87.25 77.06 0.00 158.74 119.52 76.09 85.81 120.16 86.35 81.82 381.38 83.20 76.05 215.87 346.55 411.72 80.66 379.60 100.71 338.78 377.58 379.14 377.89 376.48 380.51 0.00 378.95 377.74 310.49 384.60 377.03 339.71 81.09 85.95 143.78 144.26 77.45 376.28 392.13 211.89 77.45
378.15 0.00 375.86 380.84 375.39 378.87 102.43 206.06 83.64 105.09 186.22 116.41 352.45 98.45 381.71 383.99 372.32 122.93 76.21 90.66-9999.00-9999.00-9999.00-9999.00-9999.00-9999.00-9999.00-9999.00-9999.00-9999.00-9999.00-9999.00-9999.00-9999.00 -9999.00-9999.00-9999.00-9999.00-9999.00-9999.00-9999.00-9999.00-9999.00 78.10 190.80 85.46 87.41 364.52 376.50 103.45 377.75 100.68 88.06 88.54 90.94 0.00 82.85 88.60 377.01 77.48 86.19 75.71 142.10 100.74 0.00 86.06 86.61 380.87 85.93 84.84 94.57 80.00 113.90 0.00 80.26 134.99 75.75 76.11 83.41 78.10 0.00 80.54 405.48
138.61 76.04 79.74 126.17 78.45 0.00 376.98 376.66 320.18 122.13 78.45 83.90 83.74 76.04 261.21 0.00 87.03 77.10 0.00 174.82 75.50 75.48 83.14 85.24 76.38 363.61 82.85 187.12 117.52 93.81 185.49 377.14 88.02 142.37 376.80 0.00 380.59 243.78 86.65 98.48 104.26 379.56 94.46 377.90 93.92 112.15 388.48 375.95 131.35 86.85 97.90 85.72 86.35 76.62 379.34 107.41 94.62 87.86 84.40 90.91 77.06
86.98 93.06 98.52 0.00 102.01 0.00 378.50 194.25 376.07 376.14 375.05 200.00 114.78 76.82 92.37 88.02 80.15 378.66 82.14 244.31 85.72 173.23 139.09 95.04-9999.00-9999.00-9999.00-9999.00-9999.00-9999.00-9999.00-9999.00-9999.00-9999.00-9999.00-9999.00-9999.00-9999.00 -9999.00-9999.00-9999.00-9999.00-9999.00-9999.00-9999.00-9999.00-9999.00-9999.00-9999.00-9999.00-9999.00-9999.00-9999.00-9999.00-9999.00 100.00 372.43 380.51 379.09 75.88 140.66 237.02 375.99 0.00 77.48 84.84 80.00 377.77 86.88 76.76 116.94 202.06 0.00 109.58 319.29 76.48 75.75 137.74 0.00 120.30 76.98 87.58 115.70 0.00 78.45 85.68 376.38 89.19 182.28 79.50 76.24
383.31 375.66 137.38 83.58 86.35 122.32 89.11 82.14 0.00 0.00 0.00 0.00 381.57 381.59 208.41 85.29 87.40 91.75 89.95 77.94 135.88 375.38 408.60 383.14 151.64 84.23 76.56 76.68 0.00 107.41 259.70 140.82 380.67 375.43 84.26 89.26 84.31 84.40 85.27 80.66 85.12 88.54 119.10 189.50 81.82-9999.00-9999.00-9999.00-9999.00-9999.00-9999.00-9999.00-9999.00-9999.00-9999.00-9999.00-9999.00-9999.00-9999.00-9999.00-9999.00-9999.00-9999.00 -9999.00-9999.00-9999.00-9999.00-9999.00-9999.00-9999.00-9999.00-9999.00-9999.00-9999.00-9999.00-9999.00-9999.00-9999.00-9999.00-9999.00 357.68 101.41 87.03 92.23 81.12 377.76 378.76 0.00 139.63 346.25 142.97 76.24 84.07 330.69 127.00
219.56 93.73 78.27 124.42 387.25 83.20 0.00 100.54 125.90 340.81 381.52 266.02 0.00 81.82 91.18 76.82 84.97 100.18 371.53 120.59 77.45 77.94 76.62 91.46 85.29 123.07 153.89 79.47 76.45 119.86 315.78 377.03 76.32 87.40 78.38 129.77 0.00 184.59 261.10 384.46 77.81 209.88 118.32 84.40 79.07 366.07 258.47 86.98 132.33 132.79 89.11-9999.00-9999.00-9999.00-9999.00-9999.00-9999.00-9999.00-9999.00-9999.00-9999.00-9999.00-9999.00-9999.00-9999.00-9999.00-9999.00-9999.00-9999.00-9999.00-9999.00 -9999.00-9999.00-9999.00-9999.00-9999.00-9999.00-9999.00-9999.00-9999.00-9999.00-9999.00-9999.00-9999.00-9999.00-9999.00-9999.00-9999.00-9999.00-9999.00 229.41 128.99 84.51 174.34 348.37 389.58 96.77 102.18 182.04
359.95 116.42 97.21 117.55 93.92 123.37 235.80 85.29 225.80 76.89 88.02 86.74 404.52 76.14 84.84 77.57 130.57 78.54 90.24 248.16 313.28 78.38 89.11 77.69 114.95 379.37 77.06 76.56 352.30 0.00 242.47 90.95 0.00 327.29 246.00 305.54 76.25 130.00 266.55 114.98 77.35 115.88 239.02 79.07 83.20-9999.00-9999.00-9999.00-9999.00-9999.00-9999.00-9999.00-9999.00-9999.00-9999.00-9999.00-9999.00-9999.00-9999.00-9999.00-9999.00-9999.00-9999.00-9999.00 -9999.00-9999.00-9999.00-9999.00-9999.00-9999.00-9999.00-9999.00-9999.00-9999.00-9999.00-9999.00-9999.00-9999.00-9999.00-9999.00-9999.00-9999.00-9999.00-9999.00 105.84 227.61 81.44 95.46 87.03 89.19 80.00 86.76 84.67 75.88 385.74 131.69 83.84 83.41 86.33
141.32 77.25 107.41 180.00 378.29 184.55 77.94 77.15 114.67 0.00 376.14 355.16 142.80 79.91 101.30 253.73 212.40 0.00 115.39 130.15 184.64 117.66 77.25 76.82 376.79 380.52 76.14 77.69 164.47 79.91-9999.00-9999.00-9999.00-9999.00-9999.00-9999.00-9999.00-9999.00-9999.00-9999.00-9999.00-9999.00-9999.00-9999.00-9999.00-9999.00-9999.00-9999.00 -9999.00-9999.00-9999.00-9999.00-9999.00-9999.00-9999.00-9999.00-9999.00-9999.00-9999.00-9999.00-9999.00-9999.00-9999.00-9999.00-9999.00-9999.00-9999.00-9999.00-9999.00-9999.00-9999.00-9999.00-9999.00 93.58 220.60 377.61 75.48 383.17 123.57 87.24 91.27 139.75 78.84 145.82 88.34 84.51 358.15 77.22 0.00 199.41 79.05 189.05 238.73 194.13 87.60 377.89 263.92 88.83 84.07 82.11 384.10 382.46 377.50
0.00 376.66 378.05 362.57 125.77 76.19 138.50 81.51 129.01 134.83-9999.00-9999.00-9999.00-9999.00-9999.00-9999.00-9999.00-9999.00-9999.00-9999.00-9999.00-9999.00-9999.00-9999.00-9999.00-9999.00-9999.00-9999.00-9999.00 -9999.00-9999.00-9999.00-9999.00-9999.00-9999.00-9999.00-9999.00-9999.00-9999.00-9999.00-9999.00-9999.00-9999.00-9999.00-9999.00-9999.00-9999.00-9999.00-9999.00-9999.00 80.82 82.85 348.77 97.83 81.77 82.85 95.92 78.10 81.77 162.99 196.16 0.00 178.35 82.11 78.45 0.00 374.61 114.66 369.57 125.89 78.27 95.46 98.21 81.44 90.69 92.62 91.58 87.03 108.75 90.15 204.67 168.43 386.57 114.66 115.97 87.60 0.00 324.41 0.00 0.00 0.00 0.00 0.00 379.81 377.58 376.20 88.83 138.72 96.38 87.60
98.45-9999.00-9999.00-9999.00-9999.00-9999.00-9999.00-9999.00-9999.00-9999.00-9999.00-9999.00-9999.00-9999.00-9999.00-9999.00-9999.00-9999.00-9999.00-9999.00-9999.00-9999.00-9999.00 -9999.00-9999.00-9999.00-9999.00-9999.00-9999.00-9999.00-9999.00-9999.00-9999.00-9999.00-9999.00-9999.00-9999.00-9999.00-9999.00-9999.00 335.04 78.84 78.27 284.82 90.19 106.96 86.92 100.74 88.54 76.17 0.00 77.78 78.10 77.48 85.13 77.35 87.60 186.69 377.95 174.60 377.37 0.00 200.50 227.96 375.10 375.84 376.69 314.42 87.60 342.97 81.44 88.20 121.21 97.83 159.32 81.77 275.07 266.88 370.68 121.21 385.75 386.02 0.00 377.20 113.23 296.02 86.48 102.18 223.98 81.44 377.20 258.14 246.14 94.57 81.12 91.58 106.96 100.00 92.62
93.58 332.69 376.10 114.66 377.03 289.78 0.00 387.70 251.92 376.57 376.18 377.21 255.74 376.01 184.63 380.05 378.83 385.54 377.26 243.12 215.68 89.49 90.19 375.89 205.31 223.33 380.54 298.40 94.61 110.66 376.73 0.00 0.00 0.00 0.00 0.00 0.00 308.57 386.42 271.55 376.68 377.19 0.00 0.00 223.20 205.10 376.04 375.28 0.00 359.16 375.00 239.63 0.00 146.98 375.65 82.87 171.43 387.04 382.46 375.52 77.35
152.01 146.98 85.54 76.90 290.94 346.49 383.02 0.00 85.29 191.03 86.43 100.25 383.44 135.47 76.40 85.44 84.10 76.05 114.67 295.79 375.65 76.28 86.59 97.21 276.44 83.58 96.78 97.21 80.40 93.06 91.75-9999.00-9999.00-9999.00-9999.00-9999.00-9999.00-9999.00-9999.00-9999.00-9999.00-9999.00-9999.00-9999.00-9999.00-9999.00-9999.00-9999.00-9999.00-9999.00-9999.00-9999.00-9999.00 -9999.00-9999.00-9999.00-9999.00-9999.00-9999.00-9999.00-9999.00-9999.00-9999.00-9999.00-9999.00-9999.00-9999.00-9999.00-9999.00-9999.00-9999.00-9999.00-9999.00-9999.00-9999.00-9999.00-9999.00-9999.00-9999.00-9999.00-9999.00-9999.00-9999.00-9999.00 80.54 377.10 376.94 106.96 138.73 205.31 205.31 214.02 239.63 324.41 363.61 357.20 0.00 327.39 378.59 355.56 97.93 98.18 97.93 0.00 218.98 391.48 375.57 376.27 139.46 82.47 138.71 226.57 80.26
138.56 375.24 375.65 320.28 89.63 106.62 389.83 416.67 419.56 301.19 267.20 0.00 253.06 376.32 0.00 165.75 227.58 375.26 375.39 386.42 329.37 375.16 154.47 375.49 118.21 343.95 375.76 118.31 149.51 80.89 382.19 375.41 86.71 80.32 89.30 382.80 345.94 339.59 77.11 370.15 86.86 170.12 288.78 377.21 93.65 363.16 91.46 368.45 130.01 96.78 377.47 96.78 378.91 94.21 323.72-9999.00-9999.00-9999.00-9999.00-9999.00-9999.00-9999.00-9999.00-9999.00-9999.00-9999.00-9999.00-9999.00-9999.00-9999.00-9999.00-9999.00-9999.00-9999.00-9999.00-9999.00 -9999.00-9999.00-9999.00-9999.00-9999.00-9999.00-9999.00-9999.00-9999.00-9999.00-9999.00-9999.00-9999.00-9999.00-9999.00-9999.00-9999.00-9999.00-9999.00-9999.00-9999.00-9999.00-9999.00-9999.00-9999.00-9999.00-9999.00-9999.00-9999.00-9999.00-9999.00-9999.00-9999.00 94.50 246.58 378.31 200.24 376.52
114.69 141.35 157.95 91.42 138.33 117.23 146.90 304.85 90.14 77.78 88.35 88.90 89.80 86.57 375.27 0.00 375.61 378.57 110.03 86.04 378.54 0.00 378.47 375.14 339.89 199.98 129.08 375.68 375.52 202.63 134.06 78.15 80.81 78.58 77.46 84.55 256.06 80.32 100.22 0.00 0.00 116.05 249.06 175.37 83.31 84.08 0.00 0.00 0.00 85.38 87.40 92.78 94.84 150.80-9999.00-9999.00-9999.00-9999.00-9999.00-9999.00-9999.00-9999.00-9999.00-9999.00-9999.00-9999.00-9999.00-9999.00-9999.00-9999.00-9999.00-9999.00-9999.00-9999.00-9999.00-9999.00-9999.00 -9999.00-9999.00-9999.00-9999.00-9999.00-9999.00-9999.00-9999.00-9999.00-9999.00-9999.00-9999.00-9999.00-9999.00-9999.00-9999.00-9999.00-9999.00-9999.00-9999.00-9999.00-9999.00-9999.00-9999.00-9999.00-9999.00-9999.00-9999.00-9999.00-9999.00-9999.00-9999.00-9999.00-9999.00-9999.00-9999.00-9999.00-9999.00-9999.00 227.58 272.54 272.54 208.48 375.26 375.28
89.21 99.65-9999.00-9999.00-9999.00-9999.00-9999.00-9999.00-9999.00-9999.00-9999.00-9999.00-9999.00-9999.00-9999.00-9999.00-9999.00-9999.00-9999.00-9999.00 -9999.00-9999.00-9999.00-9999.00-9999.00-9999.00-9999.00-9999.00-9999.00-9999.00-9999.00-9999.00-9999.00-9999.00-9999.00-9999.00-9999.00-9999.00-9999.00-9999.00-9999.00-9999.00-9999.00-9999.00-9999.00-9999.00-9999.00-9999.00-9999.00-9999.00-9999.00-9999.00-9999.00-9999.00-9999.00-9999.00-9999.00-9999.00-9999.00-9999.00-9999.00-9999.00-9999.00-9999.00-9999.00-9999.00-9999.00-9999.00 375.47 375.00 0.00 296.38 375.11 375.64 330.23 0.00 375.01 272.54 352.92 378.88 325.57 375.36 296.38 377.72 0.00 296.38 375.00 296.38 0.00 296.38 375.00 296.38 0.00 296.38 375.13 375.00 296.38 330.24 375.51 316.71 360.35 0.00 330.24 376.43 284.56 375.63 375.27 0.00 0.00 0.00 0.00 375.26 110.03 140.34 379.09 375.17 337.55 360.65 82.60 377.56 378.36 124.06 89.10 81.95 368.64 382.69
378.96 83.73 87.97 101.71 102.98-9999.00-9999.00-9999.00-9999.00-9999.00-9999.00-9999.00-9999.00-9999.00-9999.00-9999.00-9999.00-9999.00-9999.00-9999.00-9999.00-9999.00-9999.00 -9999.00-9999.00-9999.00-9999.00-9999.00-9999.00-9999.00-9999.00-9999.00-9999.00-9999.00-9999.00-9999.00-9999.00-9999.00-9999.00-9999.00-9999.00-9999.00-9999.00-9999.00-9999.00-9999.00-9999.00-9999.00-9999.00-9999.00-9999.00-9999.00-9999.00-9999.00-9999.00-9999.00-9999.00-9999.00-9999.00-9999.00-9999.00-9999.00-9999.00-9999.00-9999.00-9999.00-9999.00-9999.00-9999.00-9999.00-9999.00-9999.00-9999.00-9999.00-9999.00-9999.00-9999.00 0.00 352.93 323.13 376.02 375.19 325.47 376.02 334.67 296.38 0.00 0.00 375.38 0.00 296.38 375.34 296.38 375.00 296.38 375.71 296.38 375.31 325.47 375.00 0.00 375.15 375.00 0.00 296.38 375.97 227.52 375.52 192.37 375.38 255.30 91.10 135.97 375.73 90.34 79.26 76.41 86.71 79.65 376.78 376.02 141.29 77.56 0.00 324.80 78.28 79.08 87.40 375.38 84.08 93.65 381.85
