蒙特卡罗+CDRMV3/输出数据/2D水深分布/WaterDepthGIS_0168.ASC
ncols         539            
nrows         744            
xllcorner     602630.84259341
yllcorner     3914823.670891 
cellsize      50             
NODATA_value  -9999.00       
[rows 0 to 26 of 32, columns 122 to 182 of 539]
75.84 380.12 126.72 71.34 148.86 80.83-9999.00-9999.00-9999.00-9999.00-9999.00-9999.00-9999.00-9999.00-9999.00-9999.00-9999.00-9999.00-9999.00-9999.00 -9999.00-9999.00-9999.00-9999.00-9999.00-9999.00-9999.00-9999.00-9999.00-9999.00-9999.00-9999.00-9999.00-9999.00-9999.00-9999.00-9999.00-9999.00-9999.00-9999.00-9999.00-9999.00-9999.00-9999.00-9999.00-9999.00-9999.00-9999.00-9999.00-9999.00-9999.00-9999.00-9999.00-9999.00-9999.00-9999.00-9999.00-9999.00-9999.00-9999.00-9999.00-9999.00-9999.00-9999.00-9999.00-9999.00-9999.00-9999.00-9999.00-9999.00-9999.00-9999.00-9999.00-9999.00-9999.00-9999.00-9999.00-9999.00-9999.00-9999.00-9999.00-9999.00-9999.00-9999.00-9999.00-9999.00-9999.00-9999.00-9999.00-9999.00-9999.00-9999.00-9999.00-9999.00-9999.00-9999.00-9999.00-9999.00-9999.00-9999.00-9999.00-9999.00-9999.00-9999.00-9999.00-9999.00-9999.00-9999.00-9999.00-9999.00-9999.00-9999.00-9999.00-9999.00-9999.00-9999.00-9999.00-9999.00-9999.00-9999.00-9999.00-9999.00-9999.00-9999.00-9999.00-9999.00-9999.00-9999.00-9999.00-9999.00-9999.00-9999.00-9999.00-9999.00-9999.00-9999.00 70.52 156.12 71.73 121.21 70.35 360.63 385.52 70.37 169.05 0.00 123.53 71.18 334.76 71.18 72.76-9999.00-9999.00-9999.00-9999.00-9999.00-9999.00-9999.00-9999.00-9999.00-9999.00-9999.00-9999.00-9999.00-9999.00 -9999.00-9999.00-9999.00-9999.00-9999.00-9999.00-9999.00-9999.00-9999.00-9999.00-9999.00-9999.00 83.80 74.68 86.61 87.02 75.34 84.65-9999.00-9999.00-9999.00-9999.00-9999.00-9999.00-9999.00-9999.00-9999.00-9999.00-9999.00-9999.00-9999.00-9999.00-9999.00-9999.00-9999.00-9999.00-9999.00-9999.00-9999.00-9999.00-9999.00-9999.00-9999.00-9999.00-9999.00-9999.00-9999.00-9999.00-9999.00-9999.00-9999.00-9999.00-9999.00-9999.00-9999.00-9999.00-9999.00-9999.00-9999.00-9999.00-9999.00-9999.00-9999.00-9999.00-9999.00-9999.00-9999.00-9999.00-9999.00-9999.00-9999.00-9999.00-9999.00-9999.00-9999.00-9999.00-9999.00-9999.00-9999.00-9999.00-9999.00-9999.00-9999.00-9999.00-9999.00-9999.00-9999.00-9999.00-9999.00-9999.00-9999.00-9999.00-9999.00-9999.00-9999.00-9999.00-9999.00-9999.00-9999.00-9999.00-9999.00-9999.00-9999.00-9999.00-9999.00-9999.00-9999.00-9999.00-9999.00-9999.00-9999.00-9999.00-9999.00-9999.00-9999.00 71.03 106.94 145.47 376.04 71.84 258.93 383.96 76.48 77.41 71.18 0.00 74.27 309.78 72.33 77.79 125.22 78.73-9999.00-9999.00-9999.00-9999.00-9999.00-9999.00-9999.00-9999.00-9999.00-9999.00-9999.00-9999.00-9999.00 -9999.00-9999.00-9999.00-9999.00-9999.00-9999.00-9999.00-9999.00-9999.00-9999.00-9999.00 74.68 137.41 168.42 87.80 164.07 276.37 72.81-9999.00-9999.00-9999.00-9999.00-9999.00-9999.00-9999.00-9999.00-9999.00-9999.00-9999.00-9999.00-9999.00-9999.00-9999.00-9999.00-9999.00-9999.00-9999.00-9999.00-9999.00-9999.00-9999.00-9999.00-9999.00-9999.00-9999.00-9999.00-9999.00-9999.00-9999.00-9999.00-9999.00-9999.00-9999.00-9999.00-9999.00-9999.00-9999.00-9999.00-9999.00-9999.00-9999.00-9999.00-9999.00-9999.00-9999.00-9999.00-9999.00-9999.00-9999.00-9999.00-9999.00-9999.00-9999.00-9999.00-9999.00-9999.00-9999.00-9999.00-9999.00-9999.00-9999.00-9999.00-9999.00-9999.00-9999.00-9999.00-9999.00-9999.00-9999.00-9999.00-9999.00-9999.00-9999.00-9999.00-9999.00-9999.00-9999.00-9999.00-9999.00-9999.00-9999.00-9999.00-9999.00-9999.00-9999.00-9999.00-9999.00-9999.00-9999.00-9999.00-9999.00-9999.00-9999.00-9999.00-9999.00 77.91 78.51 81.62 71.62 378.27 383.99 75.55
109.26 79.77 198.93 71.43 78.20 80.97 78.58 71.73 83.41 82.56 71.03 83.26 123.78 74.75 77.95 0.00 166.87 70.96 73.45 213.37 378.15 382.44 381.58 71.73 70.69 177.55 116.60 80.83-9999.00-9999.00 -9999.00-9999.00-9999.00-9999.00-9999.00-9999.00-9999.00-9999.00-9999.00-9999.00-9999.00-9999.00-9999.00-9999.00-9999.00 69.61 119.00 328.01 70.29 69.05 0.00 83.27 85.91 129.37 78.76-9999.00-9999.00-9999.00-9999.00-9999.00-9999.00-9999.00-9999.00-9999.00-9999.00-9999.00-9999.00-9999.00-9999.00-9999.00-9999.00-9999.00-9999.00-9999.00-9999.00-9999.00-9999.00-9999.00-9999.00-9999.00-9999.00-9999.00-9999.00-9999.00-9999.00-9999.00-9999.00-9999.00-9999.00-9999.00-9999.00-9999.00-9999.00-9999.00-9999.00-9999.00 77.56 93.12-9999.00-9999.00-9999.00-9999.00-9999.00-9999.00 80.67 79.77 113.67 80.00 77.18 379.82 74.05 81.45 307.51 152.87-9999.00-9999.00-9999.00-9999.00-9999.00-9999.00-9999.00-9999.00 71.52 110.79 130.71 384.17 269.78 80.81 363.68 81.45 74.75 377.46
70.51 156.60 124.61 361.31 0.00 127.51 112.85 70.51 69.54 397.92 223.67 83.01 163.58 89.70 87.80 94.22-9999.00-9999.00-9999.00-9999.00-9999.00-9999.00-9999.00-9999.00-9999.00-9999.00-9999.00-9999.00-9999.00-9999.00-9999.00-9999.00-9999.00-9999.00-9999.00-9999.00-9999.00-9999.00-9999.00-9999.00-9999.00-9999.00 74.05 95.80 81.99 93.12 76.15 83.41 83.86 194.60 84.84 377.67 79.06 376.36 80.67 78.32 84.34 83.86 71.95 124.91 377.05 83.41 72.92 0.00 0.00 356.26 74.27 73.64 113.56 380.51 73.64 79.06 75.55 80.97 79.06 71.34 154.58 71.73 78.32 70.60 378.66 112.77 79.24 76.82 71.43 72.33 71.62
123.68 157.22 0.00 0.00 270.85 73.09 74.27 78.38 88.55 78.44 74.05 0.00 138.85 0.00 138.85 377.73 165.91 77.95 83.49 414.02 377.50 376.15 78.82 86.80-9999.00-9999.00-9999.00-9999.00-9999.00-9999.00 -9999.00-9999.00-9999.00-9999.00-9999.00-9999.00-9999.00-9999.00-9999.00-9999.00-9999.00-9999.00 191.15 83.04 74.37 72.38 105.09 157.52 321.66 0.00 136.54 70.29 69.23 0.00 377.21 70.51 69.05 215.91 70.75 377.47 79.30 127.22 78.37-9999.00-9999.00-9999.00-9999.00 86.25 87.38 70.40 160.59 378.32 73.84 381.13 72.92 78.82 173.61 82.62 171.33 77.18 349.69 83.18
118.62 130.75 74.08 87.80 299.89 82.52 76.88 377.31 82.35 378.97 126.92 89.12 81.83 74.08 77.02 70.88 386.29 377.88 85.10 381.28 148.38 83.26 95.80 91.97 80.39 75.84 82.97 74.75 356.75 0.00 85.10 379.44 70.64 0.00 72.61 120.46 77.18 83.41 86.07 99.71 71.18 271.83 127.40 72.07 76.48 0.00 70.73 80.00 79.44 74.75 75.84 80.67 269.98 75.55 0.00 114.12 71.26 140.10 79.55 109.70 275.55
83.26 88.96 74.27 121.40 108.10 73.09 75.27 380.32 70.39 0.00 77.56 79.24 70.33 0.00 70.56 85.10 82.36 375.17 77.56 79.77 376.01 71.43 131.76 78.97 71.34 0.00 108.46 71.34 71.62 146.85 0.00 166.66 118.84 289.34 91.97 166.25 120.97 71.73 79.55 140.62 91.40 379.70 325.05 71.73 83.63 72.33 127.40 394.89 379.72 70.79 380.49 124.35 75.00 71.18 376.01 171.21 83.63 335.66 70.90 199.75 83.18
76.88 87.80 85.10 107.30 377.40 72.61 378.50 378.02 0.00 0.00 71.10 118.92 0.00 106.85 70.90 83.86 77.56 380.89 70.64 71.03 142.14 79.88 71.84 71.62 0.00 108.22 71.52 77.59 116.74 0.00 75.27 231.54 72.76 121.39 80.67 85.64 111.98 217.36 95.31 378.57 384.50 283.43 216.16 86.20 313.63 190.89 71.43 87.12 77.79 70.60 0.00 78.37 81.80 120.78 79.34 79.44 80.53 71.52 184.57 72.92 79.55
284.63 249.84 88.01 324.26 82.28 85.37 75.84 78.37 71.73 118.30 124.55 77.18 0.00 75.55 384.19 375.73 280.66 189.72 72.07 71.84 118.08 78.15 79.06 73.09 0.00 70.84 81.12 119.47 0.00 71.03 70.90 111.74 78.97 78.32 83.18 76.15 70.79 111.51 164.93 90.78 0.00 107.02 70.90 79.55 71.52 81.28 78.89 73.64 242.38 107.58 0.00 81.40 81.45 79.65 78.58 75.00 107.71 379.95 108.51 79.06 73.27
71.44 70.32 81.45 255.92 74.05 79.77 130.94 71.95 109.52 375.87 377.30 79.28 0.00 73.84 382.64 378.53 381.57 72.92 73.09 79.44 87.45 140.18 375.98 73.45 78.82 91.40 78.80 78.37 0.00 314.36 126.22 71.03 78.80 195.45 112.91 73.09 86.50 211.82 356.79 0.00 150.89 71.26 89.61 124.27 384.08 367.75 80.97 87.45 70.37 234.06 84.59 75.84 0.00 108.38 76.48 78.73 79.44 77.61 73.64 378.15 0.00
139.02 0.00 0.00 80.81 83.86 88.96 137.27 85.10 128.49 118.78 0.00 81.40 330.51 125.99 119.93 78.10 79.34 78.89 71.95 140.06 377.90 0.00 0.00 131.45 76.48 0.00 80.83 129.38 127.81 72.47 78.38 118.21 77.18 377.79 0.00 96.83 380.55 380.34 113.23 73.84 81.12 80.26 78.73 73.64 73.45 90.86 86.50 168.44 75.00 135.82 88.16-9999.00-9999.00-9999.00-9999.00-9999.00-9999.00-9999.00-9999.00 -9999.00-9999.00-9999.00-9999.00-9999.00-9999.00-9999.00-9999.00-9999.00-9999.00 76.61 108.99 110.70 0.00 377.38 69.75 73.04 78.61 79.58
0.00 375.52 73.39 0.00 386.17 380.70 311.32 0.00 375.44 363.89 221.39 81.57 81.80 78.37 385.44 72.61 73.64 71.95 71.84 84.34 85.10 341.66 129.60 79.28-9999.00-9999.00-9999.00-9999.00-9999.00-9999.00-9999.00-9999.00 -9999.00-9999.00-9999.00-9999.00-9999.00-9999.00-9999.00-9999.00-9999.00-9999.00 80.07 118.62 107.34 0.00 160.07 80.24 86.68 76.13 69.08 79.30 390.71 69.15 77.23 77.56 69.21 0.00 140.33 69.68 86.99 74.68 120.48 69.42 162.00 379.90 190.76 111.24 73.80 70.09 204.88 382.15 82.52 78.26 386.93 70.63 82.05 79.85
0.00 73.04 83.27 76.07 121.84 116.08 71.81 0.00 259.30 235.83 107.93 79.30 82.76 378.28 84.07 121.78 324.84 73.28 80.79 376.30 77.65 69.42 152.03 0.00 79.28 85.26 79.58 76.42 68.92 78.04 81.39 375.62 76.38 248.57 75.92 77.56 68.90 268.45 0.00 141.37 119.96 69.02 76.21 75.34 283.08 72.92 136.06 374.41 373.66 70.56 141.00 0.00 122.53 71.03 80.26 81.98 71.84 130.56 0.00 113.86 78.82
0.00 114.74 71.64 158.54 86.12 68.93 132.91 301.27 378.23 141.67 81.61 74.27 0.00 379.79 74.75 394.80 72.76 97.21 80.29 121.75 0.00 131.82 73.27 71.73 380.50 76.82 75.55 151.85 84.84 375.36 84.10 70.32 385.58 93.39 72.07 81.99 0.00 376.21 295.29 77.18 75.00 376.02 70.35 79.65 72.33 379.47 73.45 302.52 376.78 383.34 83.26 88.58 149.55 381.55 228.13 376.16 252.97 252.97 0.00 375.26 375.39
81.40 73.09 77.95 252.60 0.00 0.00 243.16 376.59 378.54 253.04 0.00 0.00 0.00 96.73 156.24 202.09 0.00 0.00 0.00 75.19 0.00 0.00 380.09 88.96 73.27 325.76 376.66 108.07 71.34 72.47 83.41-9999.00-9999.00-9999.00-9999.00-9999.00-9999.00-9999.00-9999.00-9999.00-9999.00-9999.00-9999.00-9999.00-9999.00 -9999.00-9999.00-9999.00-9999.00-9999.00-9999.00-9999.00-9999.00-9999.00-9999.00 85.29 158.10 179.57 79.74 144.71 135.42 334.77 79.14 79.74 283.59 369.91 0.00 74.37 68.95 69.27 77.46 78.37 78.26 173.32 72.59 111.86 0.00 278.57 0.00 122.62 107.93 106.76 77.02 70.00
0.00 107.31 69.37 82.70 0.00 137.93 106.61 77.74 76.38 73.28 0.00 69.83 158.70 70.88 82.76 139.03 78.61 76.35 69.68 77.93 69.19 0.00 0.00 110.01 69.19 289.28 117.97 77.09 83.27 72.18 354.34 79.43 119.40 321.06 136.04 110.62 70.90 379.26 0.00 376.04 375.22 365.07 79.77 94.17 80.81 81.05 71.62 73.84 324.77 279.97 78.06 380.83 108.67 72.76 72.33 158.10 78.89 111.95 73.09 362.65 182.96
222.00 191.30 0.00 124.69 69.69 72.27 79.65 383.49 376.51 375.89 70.52 80.81 70.39 110.79 79.77 80.81 72.07-9999.00-9999.00-9999.00-9999.00-9999.00-9999.00-9999.00-9999.00-9999.00-9999.00-9999.00-9999.00-9999.00-9999.00-9999.00-9999.00 -9999.00-9999.00-9999.00-9999.00-9999.00-9999.00-9999.00-9999.00-9999.00-9999.00-9999.00-9999.00-9999.00-9999.00-9999.00-9999.00-9999.00 94.26 81.69 75.34 72.81 79.74 70.75 69.00 112.73 0.00 69.27 80.60 70.63 203.51 68.96 152.09 378.40 69.27 385.60 0.00 105.84 71.64 69.83 0.00 76.07 76.77 69.48 154.74 376.11 0.00 382.13 381.34 377.70 278.86 149.38 71.02 76.02 108.05 152.40 350.80 0.00 75.70 77.65 78.25
87.45 378.35 72.76 127.70 79.44 71.95 71.18 380.87 73.27 78.58 72.20 70.30 107.06 0.00 108.95 81.99 84.84 91.40 201.09 75.50 84.42 73.27 84.84 156.84 111.55 71.34 83.41 261.87 140.76 118.82 83.26-9999.00-9999.00-9999.00-9999.00-9999.00-9999.00-9999.00-9999.00-9999.00-9999.00-9999.00-9999.00-9999.00-9999.00-9999.00-9999.00-9999.00-9999.00-9999.00 -9999.00-9999.00-9999.00-9999.00-9999.00-9999.00-9999.00-9999.00-9999.00-9999.00-9999.00-9999.00-9999.00-9999.00-9999.00-9999.00-9999.00 73.54 236.09 131.33 74.37 154.78 354.04 70.00 0.00 131.93 72.59 80.44 83.53 81.83 80.42 70.88 72.59 79.74 84.36 72.18 105.10 139.47 0.00 89.12 378.51 69.11 81.39 72.38 88.70 81.61
175.39 72.47 111.33 150.10 77.91 78.32 71.26 80.67 78.00 71.52 70.37 110.43 157.48 381.30 400.54 378.80 0.00 0.00 79.77 375.97 372.62 375.57 205.34 131.36 106.74 70.73 74.27 131.69 80.00 84.84-9999.00-9999.00-9999.00-9999.00-9999.00-9999.00-9999.00-9999.00-9999.00-9999.00-9999.00-9999.00-9999.00-9999.00-9999.00-9999.00-9999.00-9999.00-9999.00-9999.00-9999.00 -9999.00-9999.00-9999.00-9999.00-9999.00-9999.00-9999.00-9999.00-9999.00-9999.00-9999.00-9999.00-9999.00-9999.00-9999.00-9999.00-9999.00-9999.00-9999.00 86.12 376.78 135.15 82.35 382.03 78.26 84.36 139.50 85.58 339.08 71.32 75.00 189.33 222.34 116.46 107.23 377.03 0.00 139.37 105.90 81.05 72.18 110.50 0.00 278.32 111.31 69.91 69.19 70.88 107.87
376.33 80.26 71.43 362.26 0.00 0.00 0.00 0.00 75.00 73.09 90.55 0.00 0.00 0.00 77.18 71.34 111.13 376.61 70.34 70.36 117.62 208.54 70.60 81.28-9999.00-9999.00-9999.00-9999.00-9999.00-9999.00-9999.00-9999.00-9999.00-9999.00-9999.00-9999.00-9999.00-9999.00-9999.00-9999.00-9999.00 -9999.00-9999.00-9999.00-9999.00-9999.00-9999.00-9999.00-9999.00-9999.00-9999.00-9999.00-9999.00-9999.00-9999.00-9999.00-9999.00-9999.00-9999.00-9999.00-9999.00-9999.00-9999.00-9999.00-9999.00-9999.00 169.10 229.49 377.52 372.74 379.43 388.56 379.44 0.00 0.00 0.00 0.00 0.00 358.32 72.81 73.80 152.45 83.04 0.00 0.00 0.00 0.00 0.00 315.24 98.60 0.00 0.00 376.93 275.60 365.01 378.71 266.29 375.66 84.51 84.84 78.22 85.25
381.21 108.00 71.73-9999.00-9999.00-9999.00-9999.00-9999.00-9999.00-9999.00-9999.00-9999.00-9999.00-9999.00-9999.00-9999.00-9999.00-9999.00-9999.00-9999.00-9999.00 -9999.00-9999.00-9999.00-9999.00-9999.00-9999.00-9999.00-9999.00-9999.00-9999.00-9999.00-9999.00-9999.00-9999.00-9999.00-9999.00-9999.00-9999.00-9999.00-9999.00-9999.00-9999.00-9999.00-9999.00 97.30 80.24 78.14 71.17 379.46 75.34 78.04 76.24 77.47 116.85 106.41 106.57 85.91 75.34 72.81 75.34 0.00 378.98 329.22 141.02 83.04 89.19 83.76 277.18 378.09 381.27 184.84 78.76 271.37 83.04 363.27 158.51 0.00 246.22 94.59 258.89 162.98 76.47 77.32 73.80 291.59 78.76 382.28 377.39 76.88 83.76 207.61 377.62 379.78 78.76 87.80 74.08 287.21 0.00 0.00 0.00 0.00
0.00 76.47 77.74 70.75 109.52 347.40 0.00 379.09 92.96 139.45 70.60 106.99 81.28 360.71 124.12 83.27 72.81 86.12 308.25 92.96 416.52 316.55 102.25 90.34 72.59 288.61 377.20 0.00 0.00 100.49 83.53 78.76 78.76 84.65 98.18 107.38 375.56 169.09 79.85 101.44 73.28 118.30 293.47 378.26 378.42 236.28 0.00 236.28 375.71 245.42 261.49 371.97 384.02 375.46 217.42 382.90 162.83 84.51 79.85 0.00 370.13
377.35 0.00 376.37 381.60 294.57 376.89 375.46 103.68 148.42 100.29 77.78 350.22 79.85 328.67 195.47 81.08 109.50 401.53 151.72 328.62 95.43 81.05 386.18 400.76 0.00 0.00 350.88 315.98 384.29 96.76 87.38 244.35 78.76 212.10 73.80 73.54 376.81 196.37 339.47 120.80 0.00 378.07 0.00 375.13 368.67 376.25 285.43 375.18 0.00 208.82 377.02 225.05 80.43 101.58 85.16 71.17 73.09 86.80 85.37 89.85 83.63
0.00 376.69 0.00 303.24 375.32 375.38 380.53 325.63 325.66 376.63 0.00 376.08 0.00 375.25 379.05 93.46 101.27 375.80 89.66 303.17 86.12 73.24 334.33 120.39 76.07 71.84 107.81 354.55 244.10 0.00 376.64 198.09 89.83 129.58 79.34 108.60 134.08 384.58 107.72 375.50 288.22 129.37 122.86 72.61 210.14 220.09 287.22 71.03 129.30 377.44 71.62 146.60-9999.00-9999.00-9999.00-9999.00-9999.00-9999.00-9999.00-9999.00-9999.00-9999.00-9999.00-9999.00-9999.00-9999.00-9999.00-9999.00-9999.00-9999.00-9999.00-9999.00-9999.00-9999.00 -9999.00-9999.00-9999.00-9999.00-9999.00-9999.00-9999.00-9999.00-9999.00-9999.00-9999.00-9999.00-9999.00-9999.00-9999.00-9999.00-9999.00-9999.00-9999.00-9999.00-9999.00-9999.00-9999.00-9999.00-9999.00-9999.00-9999.00-9999.00 84.51 122.91 91.96 87.80 83.04 71.64 376.36 81.05
376.66 375.67 110.90 341.73 0.00 155.78 90.36 224.19 304.67 321.95 377.51 379.84 233.23 94.22 83.04 371.63 310.52 241.96 376.80 379.48 380.96 0.00 0.00 0.00 0.00 0.00 376.65 180.43 293.50 105.41 180.43 336.01 0.00 293.49 375.72 0.00 377.36 375.18 293.49 376.90 293.49 0.00 0.00 0.00 0.00 0.00 0.00 0.00 376.90 153.60 89.00 84.35 376.45 389.93 378.59 75.70 83.50 319.14 104.79 69.41 72.10
379.60 77.95 89.61 381.79 82.41-9999.00-9999.00-9999.00-9999.00-9999.00-9999.00-9999.00-9999.00-9999.00-9999.00-9999.00-9999.00-9999.00-9999.00-9999.00-9999.00-9999.00-9999.00-9999.00-9999.00-9999.00 -9999.00-9999.00-9999.00-9999.00-9999.00-9999.00-9999.00-9999.00-9999.00-9999.00-9999.00-9999.00-9999.00-9999.00-9999.00-9999.00-9999.00-9999.00-9999.00-9999.00-9999.00-9999.00-9999.00-9999.00-9999.00-9999.00-9999.00-9999.00-9999.00-9999.00-9999.00-9999.00-9999.00 335.62 377.53 379.13 142.27 385.06 382.38 376.30 377.16 267.95 293.50 293.50 293.50 267.95 267.95 0.00 375.23 375.14 377.80 375.28 377.36 378.52 378.78 378.46 379.00 390.34 79.03 76.62 378.59 384.23 247.39 397.08 388.22 394.29 349.38 84.16 88.16 92.53 79.03 376.27 376.28 375.41 376.30 251.16 86.90 85.99 377.12 83.76 375.81 381.64 0.00 375.97 375.14 287.06 77.98 100.53
293.49 293.49 391.85 293.50 375.13 219.57 0.00 375.88 273.05 378.68 236.95 377.43 378.30 153.60 354.61 311.90 389.15 387.03 380.35 252.31 273.05 380.39 377.31 377.14 0.00 378.86 375.64 375.63 0.00 0.00 0.00 0.00 0.00 375.60 347.72 279.27 353.97 109.10 75.82 135.90 0.00 192.23 106.34 76.63 208.19 68.87 85.77 90.71 83.58 221.72 75.09 382.33 375.42 72.10 75.09 90.71 86.48 135.38 71.18 79.99 85.77
379.60 76.02 81.62 379.73 76.53-9999.00-9999.00-9999.00-9999.00-9999.00-9999.00-9999.00-9999.00-9999.00-9999.00-9999.00-9999.00-9999.00-9999.00-9999.00-9999.00-9999.00-9999.00 -9999.00-9999.00-9999.00-9999.00-9999.00-9999.00-9999.00-9999.00-9999.00-9999.00-9999.00-9999.00-9999.00-9999.00-9999.00-9999.00-9999.00-9999.00-9999.00-9999.00-9999.00-9999.00-9999.00-9999.00-9999.00-9999.00-9999.00-9999.00-9999.00-9999.00-9999.00-9999.00-9999.00-9999.00-9999.00-9999.00-9999.00-9999.00-9999.00-9999.00-9999.00-9999.00-9999.00-9999.00-9999.00-9999.00-9999.00-9999.00-9999.00-9999.00-9999.00 293.49 0.00 247.39 293.50 375.62 375.04 0.00 0.00 0.00 378.47 224.09 313.94 364.12 0.00 310.87 375.12 0.00 293.50 293.49 0.00 375.00 375.00 293.49 375.68 375.41 293.50 293.49 0.00 375.00 293.50 376.44 0.00 219.57 267.95 310.86 219.63 375.47 375.30 375.29 149.14 74.93 171.13 87.53 390.02 378.87 379.45 381.95 69.08 77.78 78.74 91.30 73.82 384.61 142.57 80.18
