蒙特卡罗+CDRMV3/输出数据/2D水深分布/WaterDepthGIS_0146.ASC
ncols         539            
nrows         744            
xllcorner     602630.84259341
yllcorner     3914823.670891 
cellsize      50             
NODATA_value  -9999.00       
[rows 0 to 26 of 32, columns 183 to 243 of 539]
88.10 77.11 251.29 0.00 381.34 377.61 378.64 333.30 275.61 81.66-9999.00-9999.00-9999.00-9999.00-9999.00-9999.00-9999.00-9999.00-9999.00-9999.00-9999.00-9999.00-9999.00 -9999.00-9999.00-9999.00-9999.00-9999.00-9999.00-9999.00-9999.00-9999.00-9999.00-9999.00 85.47 190.40 378.92 88.55 379.70 81.78 88.02 92.74 83.81-9999.00-9999.00-9999.00-9999.00-9999.00-9999.00-9999.00-9999.00-9999.00-9999.00-9999.00-9999.00-9999.00-9999.00-9999.00-9999.00-9999.00-9999.00-9999.00-9999.00-9999.00-9999.00-9999.00-9999.00-9999.00-9999.00-9999.00-9999.00-9999.00-9999.00-9999.00-9999.00-9999.00-9999.00-9999.00-9999.00-9999.00-9999.00-9999.00-9999.00-9999.00-9999.00-9999.00-9999.00-9999.00-9999.00-9999.00-9999.00-9999.00-9999.00-9999.00-9999.00-9999.00-9999.00-9999.00-9999.00-9999.00-9999.00-9999.00-9999.00-9999.00-9999.00-9999.00-9999.00-9999.00-9999.00-9999.00-9999.00-9999.00-9999.00-9999.00-9999.00-9999.00-9999.00-9999.00-9999.00-9999.00-9999.00-9999.00-9999.00-9999.00-9999.00-9999.00-9999.00-9999.00-9999.00-9999.00-9999.00-9999.00-9999.00-9999.00-9999.00-9999.00-9999.00 79.21 123.97 228.03 378.36 380.10 289.35 77.11 86.44 77.04 186.15 88.80 0.00 85.41 202.29 83.15 200.68 84.21 89.01-9999.00-9999.00-9999.00-9999.00-9999.00-9999.00-9999.00-9999.00-9999.00-9999.00-9999.00-9999.00-9999.00 -9999.00-9999.00-9999.00-9999.00-9999.00-9999.00-9999.00-9999.00-9999.00-9999.00 215.27 141.80 81.22 381.21 100.94 378.72 306.96 78.57 142.49 224.33 114.99-9999.00-9999.00-9999.00-9999.00-9999.00-9999.00-9999.00-9999.00-9999.00-9999.00-9999.00-9999.00-9999.00-9999.00-9999.00-9999.00-9999.00-9999.00-9999.00-9999.00-9999.00-9999.00-9999.00-9999.00-9999.00-9999.00-9999.00-9999.00-9999.00-9999.00-9999.00-9999.00-9999.00-9999.00-9999.00-9999.00-9999.00-9999.00-9999.00-9999.00-9999.00-9999.00-9999.00-9999.00-9999.00-9999.00-9999.00-9999.00-9999.00-9999.00-9999.00-9999.00-9999.00-9999.00-9999.00-9999.00-9999.00-9999.00-9999.00-9999.00-9999.00-9999.00-9999.00-9999.00-9999.00-9999.00-9999.00-9999.00-9999.00-9999.00-9999.00-9999.00-9999.00-9999.00-9999.00-9999.00-9999.00-9999.00-9999.00-9999.00-9999.00-9999.00-9999.00-9999.00-9999.00-9999.00-9999.00-9999.00-9999.00-9999.00-9999.00-9999.00-9999.00 78.12 123.42 375.89 79.70 80.06 160.38 86.62 77.04 136.90 224.81 359.76
196.52 377.19 154.23 92.48 379.27 77.36 86.53 115.91 87.83 87.01 87.96 77.41 152.96 0.00 235.84 77.06 160.31 86.20 77.20 128.12 136.29 78.21 77.06 88.53 87.34 85.72 79.06 77.09 0.00 217.88 78.92 83.15 377.27 0.00 270.91 249.05 378.34 369.88 77.20 89.18-9999.00-9999.00-9999.00 -9999.00-9999.00-9999.00-9999.00-9999.00-9999.00-9999.00-9999.00-9999.00-9999.00-9999.00-9999.00-9999.00-9999.00-9999.00 85.30 77.50 274.30 375.42 76.97 0.00 356.90 373.41 138.23 82.73-9999.00-9999.00-9999.00-9999.00-9999.00-9999.00-9999.00-9999.00-9999.00-9999.00-9999.00-9999.00-9999.00-9999.00-9999.00-9999.00-9999.00-9999.00-9999.00-9999.00-9999.00-9999.00-9999.00-9999.00-9999.00-9999.00-9999.00-9999.00-9999.00-9999.00-9999.00-9999.00-9999.00-9999.00-9999.00-9999.00-9999.00-9999.00-9999.00-9999.00 125.59 186.35 94.12 87.73-9999.00-9999.00-9999.00-9999.00 79.21 125.02 372.45 377.36 86.75 381.43
135.44 78.66 80.06 90.50 89.96 0.00 0.00 0.00 0.00 0.00 359.03 134.86 92.74 0.00 0.00 0.00 224.52 120.48 77.57 78.54 0.00 84.59 77.57 80.47 113.88 0.00 79.88 91.67 84.59 0.00 376.92 183.37 125.59 376.43 262.69 119.58 79.88 89.53 101.15-9999.00-9999.00-9999.00-9999.00-9999.00 -9999.00-9999.00-9999.00-9999.00-9999.00-9999.00-9999.00-9999.00-9999.00-9999.00-9999.00-9999.00 76.91 147.56 372.10 76.67 256.32 0.00 81.78 84.80 84.97 88.02 79.22 380.68 127.34 81.50 295.93 202.25 86.41 228.76 190.93-9999.00-9999.00-9999.00-9999.00-9999.00-9999.00-9999.00-9999.00-9999.00-9999.00-9999.00-9999.00-9999.00-9999.00-9999.00-9999.00-9999.00-9999.00-9999.00-9999.00-9999.00-9999.00 79.36 103.23
78.79 218.01 380.76 419.37 80.26 96.94 147.81 79.88 201.76 377.50 88.39 122.24 0.00 124.45 88.84 99.37 343.03 89.18 86.75 345.88 375.30 77.64 126.01 0.00 81.66 88.10 89.35 89.71 162.73 87.96 81.93 0.00 374.06 77.71 159.83 317.59 77.20 98.18 92.74 78.54 137.64 77.94 118.79 376.77 376.98 369.66 208.75 88.10 78.12 78.42 79.52 80.26 90.72 82.83 78.02 122.29 87.01 126.72 0.00 0.00 0.00
228.99 78.21 86.12 77.86 96.52 88.24 85.24 119.92 385.12 80.68 86.36 78.66 86.53 84.99 382.96 375.37 96.94 79.52 79.52 380.62 236.46 85.66 93.42 89.71 81.93 378.30 133.31 85.41 84.85 77.41 143.37 78.92 121.22 384.92 367.36 148.36 220.26 0.00 375.92 337.89 194.59 100.79 394.08 355.97 162.33 85.84-9999.00-9999.00-9999.00-9999.00-9999.00-9999.00-9999.00-9999.00-9999.00-9999.00 -9999.00-9999.00-9999.00-9999.00-9999.00-9999.00-9999.00-9999.00-9999.00 375.73 88.55 252.91 86.41 86.75 83.07 141.76 78.42 130.89 117.71 0.00 79.22 77.80 84.04
347.02 141.02 87.83 90.09 93.42 85.36 158.88 116.41 77.20 154.14 361.52 80.91 375.99 92.74 0.00 376.75 137.59 0.00 376.40 376.05 84.60 83.49 305.61 81.93 85.41 375.40 81.15 91.67-9999.00-9999.00-9999.00-9999.00-9999.00-9999.00-9999.00-9999.00-9999.00 -9999.00-9999.00-9999.00 86.91 356.61 389.55 377.51 79.22 85.38 78.03 404.61 125.74 134.22 87.43 87.43 378.35 79.40 76.74 122.70 158.66 0.00 380.76 378.57 351.34 77.91 82.73 87.71 83.07 380.37 87.43 85.16 376.92 87.01 87.56 381.17
168.75 118.08 86.44 88.10 78.54 77.11 161.82 360.18 376.79 77.57 77.09 116.24 387.62 382.91 0.00 91.25 110.51 119.35 110.51 187.27 122.27 378.06 377.55 352.90 80.47 382.23 406.78 81.66 86.75 231.08-9999.00-9999.00-9999.00-9999.00-9999.00-9999.00-9999.00 -9999.00-9999.00-9999.00-9999.00 186.90 375.75 93.96 86.29 381.09 79.40 380.94 90.45 77.17 118.15 92.25 76.76 128.58 389.26 76.44 0.00 122.50 90.45 376.51 120.14 79.40 330.27 77.91 85.03 82.73 116.03 135.40 0.00 141.57 95.62
115.26 254.80 84.99 386.07 81.93 87.34 79.52 143.09 305.05 77.86 118.38 391.62 0.00 235.39 86.28 280.37 102.49 94.53 112.86 378.92 270.08 248.58 382.00 380.19 385.51 141.56 79.88 95.27 82.52 77.94-9999.00-9999.00-9999.00-9999.00-9999.00-9999.00-9999.00 -9999.00-9999.00-9999.00-9999.00-9999.00-9999.00 95.62 242.67 84.80 78.03 0.00 76.54 86.29 84.40 76.60 378.91 85.80 120.30 0.00 76.80 84.07 76.85 138.31 76.49 84.65 91.39 77.50 131.69 317.89 85.62 115.43 0.00 119.88 81.78 86.40 78.88
282.14 99.44 381.02 105.75 216.65 89.01 100.46 88.01 372.37 78.42 89.01 380.24 279.40 122.30 83.84 86.75-9999.00-9999.00-9999.00-9999.00-9999.00-9999.00-9999.00-9999.00 -9999.00-9999.00-9999.00-9999.00-9999.00-9999.00-9999.00-9999.00-9999.00 85.80 77.33 0.00 78.57 76.80 153.52 0.00 146.80 115.59 187.37 117.74 79.40 77.25 376.22 211.29 88.55 76.60 162.18 171.54 80.70 92.25 378.64 0.00 376.55 229.07 84.31 87.28 78.42 227.55 77.10 0.00 122.04 0.00 96.45 384.83 116.31 86.41 77.03 378.81 375.95 85.93 90.14 86.63 85.03
135.13 386.87 78.16 85.46 80.23 205.26 87.28 76.80 0.00 154.53 134.62 76.44 379.07 247.25 375.85 116.54 81.22 87.28 88.71 122.21 86.88 89.15 95.16 84.20 82.73 89.78 260.09 91.15 378.82 80.70 98.24 90.45 148.38 191.40 227.63 187.45 77.03 84.52 80.06 0.00 77.01 78.21 378.68 375.63 77.41 94.12 85.50 132.05 116.73 313.31 379.16 0.00 276.41 372.57 144.41 94.53 88.84 84.99 88.25 118.48 97.77
99.13 392.95 86.91 95.16 82.09 181.50 85.62 76.42 337.31 376.46 0.00 92.74 88.36 142.31 77.80 254.14 339.85 86.75 80.68 77.46 118.75 140.98 316.14 0.00 77.64 93.42 141.11 90.58 78.21 377.86 391.58 377.88 376.66 272.43 82.52 344.45 85.84 88.69 77.23 86.62 91.17 85.36 77.23 231.53 79.06 0.00 197.29 79.52 81.15 88.39 378.40 227.64 130.97 77.36 86.81 214.73 89.18 86.36 77.78 143.23 230.10
79.70 171.53 140.64 97.36 85.60 77.23 361.12 382.20 118.69 87.23 78.79 124.43 379.52 0.00 290.98 175.20 127.25 77.00 86.62 79.88 172.21 261.45 86.12 88.53 88.24 378.85 89.90 346.69 84.99 338.83 85.84 372.95 86.28 154.76 380.20 377.33 0.00 0.00 375.09 116.91 199.47 383.31 81.76 100.79 96.15 91.65 92.88 117.00 366.57 88.58 377.96 77.11 92.20 118.57 344.81 278.59 83.84-9999.00-9999.00-9999.00-9999.00-9999.00-9999.00-9999.00-9999.00-9999.00-9999.00 -9999.00-9999.00-9999.00-9999.00-9999.00-9999.00-9999.00-9999.00-9999.00 76.80 119.37 387.27
107.70 364.06 128.87 379.47 183.45 78.47 87.99 98.58 231.77 78.42 77.03 77.05 77.03 87.12 357.22 192.26 79.88-9999.00-9999.00-9999.00-9999.00-9999.00-9999.00-9999.00-9999.00-9999.00-9999.00-9999.00-9999.00-9999.00 -9999.00-9999.00-9999.00-9999.00-9999.00-9999.00-9999.00-9999.00-9999.00 86.91 342.46 371.95 78.16 77.70 378.93 124.03 81.78 380.10 383.87 0.00 337.64 84.60 0.00 77.50 249.26 133.60 101.55 89.70 76.80 0.00 166.49 88.02 87.28 121.44 383.31 146.99 135.84 79.60 76.60 142.57 0.00 77.03 85.54 85.03 165.24 375.96 86.75 390.09 86.75 79.05 380.79 80.70
0.00 297.87 136.86 76.47 89.15 268.60 379.30 78.16 0.00 80.46 87.56 87.14 90.37 76.40 130.08 77.10 133.30 0.00 79.40 77.41 157.55 0.00 140.71 77.70 154.65 78.16 206.32 77.91 86.30 83.49 89.18 89.53 77.71 153.12 88.69 88.69 83.49 0.00 368.02 375.61 0.00 78.54 81.15 386.38 288.35 380.60 203.14 0.00 252.22 87.73 372.39 90.72 104.41 77.64 87.01 79.52 379.66 93.09 86.28 81.15 373.64
377.19 80.06 77.57 353.66 371.63 83.84 381.54 77.94 87.46 90.09 78.32 377.74 378.25 380.62 0.00 376.16 379.44 219.51 144.00 88.36 136.91 80.06 88.24 171.67 91.25 77.05 383.11 78.12 376.33 77.57 77.36 375.80 275.85 87.73-9999.00-9999.00-9999.00-9999.00-9999.00-9999.00-9999.00-9999.00-9999.00-9999.00-9999.00-9999.00-9999.00-9999.00 -9999.00-9999.00-9999.00-9999.00-9999.00-9999.00-9999.00-9999.00-9999.00-9999.00-9999.00-9999.00-9999.00-9999.00-9999.00 357.03 92.25 93.63 99.13 83.81 377.30 88.71 85.99 76.40 0.00 87.18 117.88 123.14 372.05 380.89 115.80 82.73 84.04 77.10 378.80 0.00 79.60 84.06 76.54 236.38 0.00
91.39 82.09 144.46 377.44 377.39 76.91 383.83 80.23 97.73 0.00 76.80 84.69 85.54 86.08 170.06 153.37 105.91 226.10 129.15 353.31 101.50 240.12 380.71 377.61 138.59 87.73 244.06 78.42 82.22 331.98 84.99 199.20 87.46 86.75 394.37 83.15 202.28 96.52 377.09 79.88 81.40 80.91 90.50 77.57 149.46 252.05 208.23 0.00 138.93 90.09 80.26 322.48 220.26 0.00 382.99 375.32 313.91 143.79 79.88 77.00 84.90
92.57 132.10 82.73 379.61 80.70 158.00 77.25 123.21 164.90 395.88 80.70 136.70 0.00 89.59 375.66 87.56 77.41 98.76 376.68 0.00 136.48 85.64 79.25 91.39 224.68 77.91 152.03 144.68 78.72 82.40 132.99 242.75 381.45 94.49 80.06 391.10 207.04 88.80 89.36 376.25 346.58 379.42 0.00 83.84 86.36 92.78 93.76 79.70 90.50 249.28 287.91 87.23 88.80 81.15 376.60 380.88 125.48 87.83 85.41 79.52 119.10
77.80 95.58 378.37 78.16 77.41 280.16 79.22 161.20 94.59 140.78 0.00 275.08 77.03 83.39 325.32 80.95 87.43 80.46 171.34 381.36 131.30 384.27 84.60 378.90 103.28 136.51 80.46 375.56 81.22 0.00 123.16 144.37 86.28 88.25 393.77 398.15 89.36 123.65 87.99 291.84 81.15 379.88 78.54 110.51 90.50 80.68 379.14 399.49 260.41 142.37 77.36 247.07 77.78 141.41 376.00 93.09 81.66 126.49 377.44 86.28 87.73
91.70 81.01 82.28 369.77 240.44 103.28 88.90 91.95 98.76 206.66 108.42 83.07 375.34 377.02 0.00 206.45 215.27 394.67 379.65 160.03 389.48 378.09 377.87 239.39 375.42 92.74 259.39 183.08 316.59 0.00 0.00 88.25 0.00 132.43 227.54 84.99 220.14 77.31 82.52 78.02 374.56 376.83 417.33 386.92 77.23 180.60 379.26 0.00 88.25 377.09 87.23 0.00 375.59 89.01 77.31 77.00 86.27 0.00 0.00 377.83 82.52
0.00 0.00 252.64 101.35 262.20 91.88 95.99 99.37 104.22 83.15 91.93 89.36 83.15 77.14 80.68 132.59 84.59 97.77 91.93 78.66 85.98 170.99 78.79 77.64 116.68 226.77 0.00 377.27 366.87 143.33 88.77 197.17 84.59 78.32 188.54 0.00 219.05 174.99 118.41 85.41 89.90 83.84 124.00 358.00 89.90-9999.00-9999.00-9999.00-9999.00-9999.00-9999.00-9999.00-9999.00-9999.00-9999.00-9999.00-9999.00-9999.00-9999.00-9999.00-9999.00-9999.00-9999.00-9999.00 -9999.00-9999.00-9999.00-9999.00-9999.00-9999.00-9999.00-9999.00-9999.00-9999.00-9999.00-9999.00-9999.00-9999.00-9999.00-9999.00-9999.00-9999.00-9999.00-9999.00-9999.00-9999.00-9999.00 88.24 104.10 166.63 376.44 380.71 83.81 91.95 86.29 77.60 164.83 138.12 309.31 235.82 89.78 354.61
136.31 80.06 372.37 83.84 85.84 94.49 79.36 203.95 84.59 378.72 78.79 87.34 84.83 121.32 376.91 0.00 153.69 77.00 85.10 375.23 76.67 86.20 85.36 93.76 0.00 122.22 229.14 128.92 78.12 374.62 187.12 118.59 96.55-9999.00-9999.00-9999.00-9999.00-9999.00-9999.00-9999.00-9999.00-9999.00-9999.00-9999.00-9999.00-9999.00-9999.00-9999.00-9999.00-9999.00-9999.00-9999.00-9999.00 -9999.00-9999.00-9999.00-9999.00-9999.00-9999.00-9999.00-9999.00-9999.00-9999.00-9999.00-9999.00-9999.00-9999.00-9999.00-9999.00-9999.00-9999.00 111.18-9999.00 92.89 86.41 298.03 80.46 78.57 385.06 390.76 95.58 80.46 376.29 0.00 378.79 94.74 78.03 80.95 122.04 368.80 0.00 380.07 376.66 94.59 108.25 330.29 318.15 378.25 86.91
83.49 378.58 382.33 353.46 0.00 0.00 383.35 377.31 315.87 90.09 94.96 248.80 378.35 186.61 120.82 283.21 80.06 88.69 0.00 85.10 278.49 226.01 84.59-9999.00-9999.00-9999.00-9999.00-9999.00-9999.00-9999.00-9999.00-9999.00-9999.00-9999.00-9999.00-9999.00-9999.00-9999.00-9999.00-9999.00-9999.00-9999.00-9999.00-9999.00-9999.00-9999.00-9999.00 -9999.00-9999.00-9999.00-9999.00-9999.00-9999.00-9999.00-9999.00-9999.00-9999.00-9999.00-9999.00-9999.00-9999.00-9999.00-9999.00-9999.00 90.14 92.25 82.40 388.28 384.72 91.15 389.89 386.43 388.50 98.76 99.58 91.95 173.19 94.34 77.60 387.19 137.14 93.96 86.91 0.00 377.17 0.00 240.55 375.02 376.63 287.66 287.68 375.74 124.06 375.24 158.92 375.04 375.90 116.46 97.73 379.75 97.73
253.50 381.94 245.07 0.00 0.00 378.96 312.95 139.15 266.16 229.59 320.64 358.35 0.00 220.20 335.75 91.87 96.64 106.82 90.47 91.58 375.24 91.15 92.74 375.33 375.63 205.17 109.30 383.82 163.34 212.16 187.46 139.15 381.64 267.29 372.97 375.38 0.00 327.64 327.64 378.21 380.41 327.67 376.31 312.78 377.04 0.00 0.00 376.04 378.80 383.69 375.90 375.42 89.59 239.66 86.91 94.74 86.41 377.60 85.93 91.39 77.03
119.07 176.00 377.05 334.44 166.06 138.31 80.06 88.25 77.71 87.83 117.41 140.84 134.46 91.84 375.45 78.42 140.93 142.23-9999.00-9999.00-9999.00-9999.00-9999.00-9999.00-9999.00-9999.00-9999.00-9999.00-9999.00-9999.00-9999.00-9999.00-9999.00-9999.00-9999.00-9999.00-9999.00-9999.00-9999.00 -9999.00-9999.00-9999.00-9999.00-9999.00-9999.00-9999.00-9999.00-9999.00-9999.00-9999.00-9999.00-9999.00-9999.00-9999.00-9999.00-9999.00-9999.00-9999.00-9999.00-9999.00-9999.00-9999.00-9999.00-9999.00-9999.00-9999.00-9999.00-9999.00-9999.00 79.80 379.91 379.82 91.91 378.32 107.22 371.50 375.94 359.24 377.34 377.34 376.66 376.69 0.00 267.29 0.00 327.64 377.42 187.05 0.00 417.97 415.35 384.95 389.63 389.35 388.06 79.12 96.35 82.35 88.40 94.71 85.50 88.96 85.94 121.91 193.57 228.30 117.33 116.14 375.84 179.66 179.66
317.28 163.56 128.00 156.66 341.32 99.83 89.92 269.91 272.88 86.39 82.07 80.64 135.35 86.39 84.69 78.64 376.73 119.20 359.35 92.20 99.19 98.21 379.76 100.71 379.38 80.64 90.94 79.72 93.65 383.94 100.29 378.94 89.36 383.43 81.78-9999.00-9999.00-9999.00-9999.00-9999.00-9999.00-9999.00-9999.00-9999.00-9999.00-9999.00-9999.00-9999.00-9999.00-9999.00-9999.00-9999.00-9999.00-9999.00-9999.00-9999.00-9999.00 -9999.00-9999.00-9999.00-9999.00-9999.00-9999.00-9999.00-9999.00-9999.00-9999.00-9999.00-9999.00-9999.00-9999.00-9999.00-9999.00-9999.00-9999.00-9999.00-9999.00-9999.00-9999.00-9999.00-9999.00-9999.00-9999.00-9999.00-9999.00-9999.00-9999.00-9999.00-9999.00-9999.00 260.63 244.21 203.27 362.18 376.93 377.31 376.72 375.66 376.69 377.37 375.00 375.00 353.15 375.30 0.00 325.77 378.90 330.46 376.00 377.08 258.67 379.88 381.98 377.39 330.45
83.27 96.35 93.97 137.55-9999.00-9999.00-9999.00-9999.00-9999.00-9999.00-9999.00-9999.00-9999.00-9999.00-9999.00-9999.00-9999.00-9999.00-9999.00-9999.00-9999.00-9999.00-9999.00-9999.00-9999.00-9999.00 -9999.00-9999.00-9999.00-9999.00-9999.00-9999.00-9999.00-9999.00-9999.00-9999.00-9999.00-9999.00-9999.00-9999.00-9999.00-9999.00-9999.00-9999.00-9999.00-9999.00-9999.00-9999.00-9999.00-9999.00-9999.00-9999.00-9999.00-9999.00-9999.00-9999.00-9999.00-9999.00-9999.00-9999.00-9999.00-9999.00-9999.00-9999.00-9999.00-9999.00-9999.00-9999.00-9999.00-9999.00-9999.00 375.28 374.12 375.12 0.00 296.67 375.34 325.73 375.84 228.30 0.00 376.31 375.00 296.67 375.34 330.46 296.67 377.16 375.00 0.00 290.59 318.50 375.66 378.19 253.62 380.57 323.52 375.98 233.06 389.04 375.45 375.12 299.95 382.68 258.67 0.00 0.00 0.00 379.16 233.06 278.19 0.00 375.31 373.12 375.10 288.34 197.63 0.00 0.00 0.00 0.00 0.00 0.00 0.00 126.55 87.35 85.20
102.36 376.79 295.35 84.69 380.61 149.44 80.64 384.68 167.68 84.31 379.06 379.18 257.82 87.35 88.34 386.27 94.78 203.16 380.68 368.48 83.09-9999.00-9999.00-9999.00-9999.00-9999.00-9999.00-9999.00-9999.00-9999.00-9999.00-9999.00-9999.00-9999.00-9999.00-9999.00-9999.00-9999.00-9999.00 -9999.00-9999.00-9999.00-9999.00-9999.00-9999.00-9999.00-9999.00-9999.00-9999.00-9999.00-9999.00-9999.00-9999.00-9999.00-9999.00-9999.00-9999.00-9999.00-9999.00-9999.00-9999.00-9999.00-9999.00-9999.00-9999.00-9999.00-9999.00-9999.00-9999.00-9999.00-9999.00-9999.00-9999.00-9999.00-9999.00-9999.00-9999.00-9999.00-9999.00-9999.00-9999.00-9999.00-9999.00-9999.00-9999.00-9999.00-9999.00-9999.00-9999.00-9999.00 273.00 253.62 0.00 296.67 375.67 325.73 378.59 373.69 233.06 0.00 258.67 380.97 330.59 0.00 376.22 375.24 0.00 296.66 0.00 375.00 296.66 296.67 375.47 330.46 375.31 296.66 0.00 296.67 375.00 325.77 0.00 253.62 374.12 378.38 377.44 377.12 384.56 376.82 231.67
