蒙特卡罗+CDRMV3/输出数据/2D水深分布/WaterDepthGIS_0142.ASC
ncols         539            
nrows         744            
xllcorner     602630.84259341
yllcorner     3914823.670891 
cellsize      50             
NODATA_value  -9999.00       
[rows 0 to 26 of 32, columns 305 to 365 of 539]
94.14 85.63 88.02 87.20 79.58 142.23 79.93 79.07 143.08 84.66 0.00 83.05 87.44 208.35 129.46 275.76 177.96 80.51-9999.00-9999.00-9999.00-9999.00-9999.00-9999.00-9999.00-9999.00-9999.00-9999.00-9999.00-9999.00 -9999.00-9999.00-9999.00-9999.00-9999.00-9999.00-9999.00-9999.00-9999.00-9999.00-9999.00-9999.00 93.18 80.43 308.21 91.80 155.93 0.00 84.43 368.97 96.08 192.78 109.77-9999.00-9999.00-9999.00-9999.00-9999.00-9999.00-9999.00-9999.00-9999.00-9999.00-9999.00-9999.00-9999.00-9999.00-9999.00-9999.00-9999.00-9999.00-9999.00-9999.00-9999.00-9999.00-9999.00-9999.00-9999.00-9999.00-9999.00-9999.00-9999.00-9999.00-9999.00-9999.00-9999.00-9999.00-9999.00-9999.00-9999.00-9999.00-9999.00-9999.00-9999.00-9999.00-9999.00-9999.00-9999.00-9999.00-9999.00-9999.00-9999.00-9999.00-9999.00-9999.00-9999.00-9999.00-9999.00-9999.00-9999.00-9999.00-9999.00-9999.00-9999.00-9999.00-9999.00-9999.00-9999.00-9999.00-9999.00-9999.00-9999.00-9999.00-9999.00-9999.00-9999.00-9999.00-9999.00-9999.00-9999.00-9999.00-9999.00-9999.00-9999.00-9999.00-9999.00-9999.00-9999.00-9999.00-9999.00 135.21 341.16 202.74 164.80 89.11 87.52 381.34 150.17 256.67 377.22 287.98 137.42 81.47 90.34 81.47 0.00 377.88 183.25 90.19 179.52 379.15 79.47 87.48 82.39-9999.00-9999.00-9999.00-9999.00-9999.00-9999.00-9999.00-9999.00-9999.00-9999.00-9999.00 -9999.00-9999.00-9999.00-9999.00-9999.00-9999.00-9999.00-9999.00-9999.00-9999.00-9999.00-9999.00-9999.00 97.26 124.51 89.42 142.82 131.73 0.00
368.18 352.19 0.00 118.86 199.07 78.84 93.74-9999.00-9999.00-9999.00-9999.00-9999.00-9999.00-9999.00-9999.00-9999.00-9999.00-9999.00-9999.00-9999.00-9999.00-9999.00-9999.00-9999.00-9999.00-9999.00-9999.00-9999.00-9999.00-9999.00-9999.00-9999.00-9999.00-9999.00-9999.00-9999.00-9999.00-9999.00-9999.00-9999.00-9999.00-9999.00-9999.00-9999.00-9999.00-9999.00-9999.00 108.61 380.72 89.33 301.26 112.61-9999.00-9999.00 87.11 83.54 90.62 83.80 82.82 376.29 428.43 84.36 100.54 80.51 227.02 83.80 91.27 81.47 90.19-9999.00-9999.00-9999.00 81.47 173.18 79.64 153.22 80.19 83.29 79.18 383.42 88.85 0.00 0.00 0.00 84.36 80.10 376.71 378.77 155.50 80.88 80.75 94.99 373.11 380.76 143.84 139.38 79.47 79.58 85.29 0.00 83.29 88.81 171.38 83.05 376.44 212.64
155.42 79.47 79.07 88.02 82.39 0.00 132.43 79.58 79.77 378.59 0.00 92.06 99.61 0.00 375.01 92.06 97.10 102.18 87.11 167.48 83.29 87.95 194.27-9999.00-9999.00-9999.00-9999.00-9999.00-9999.00 -9999.00-9999.00-9999.00-9999.00-9999.00-9999.00-9999.00-9999.00-9999.00-9999.00-9999.00 79.92 138.66 89.87 79.80 379.90 379.53 0.00 317.86 119.41 158.74 79.49 86.98 83.82 381.02 134.65 378.86 81.62 378.21 97.67 83.53 175.42-9999.00-9999.00-9999.00-9999.00-9999.00-9999.00-9999.00 91.51 83.54 95.31 85.29 94.99 83.29 86.34-9999.00-9999.00-9999.00-9999.00-9999.00-9999.00 84.66 205.97 101.31 92.84 345.69 376.52 90.34 91.10 226.73
87.95 376.37 82.60 126.93 377.38 90.34 386.63 121.64 90.19 375.44 81.31 179.46 378.94 84.66 0.00 83.80 89.55 104.00 383.94 94.68 88.91 143.91 92.00 377.97 89.43 85.63 0.00 164.69 79.70 98.68 147.87 341.07 80.51 0.00 94.99 90.93 189.65 79.06 96.36 88.08 79.77 375.59 307.98 81.99 293.11 79.70 82.19 81.81 94.68 181.81 82.19 255.89 80.29 124.98 140.07 89.67 81.16 123.82 258.46 94.14 0.00
252.42 80.40 89.32 364.91 348.71 79.29 81.31 80.10 376.87 87.11 82.39 88.08 79.05 382.05 98.26 79.47 372.83 242.11 387.76 90.89 99.04 400.61 79.93 90.78 379.06 81.16 344.59 80.75 80.01 380.23 86.72 88.54 89.67 79.05 161.00 292.63 376.63 376.83 87.11 388.29 381.48 0.00 86.72 95.65 367.87 81.64 168.41 223.46 378.54 343.56 142.38-9999.00-9999.00-9999.00-9999.00-9999.00-9999.00-9999.00-9999.00-9999.00-9999.00 -9999.00-9999.00-9999.00-9999.00-9999.00-9999.00-9999.00-9999.00 376.05 98.92 81.24 94.04 376.41 377.68 83.25 87.48 100.18
376.88 0.00 119.66 88.39 81.64 382.60 99.61 278.73 175.06 88.72 125.32 95.65 210.05 90.05 88.72 88.08 79.28 150.07 205.05 380.48 380.12 381.52 380.87 0.00 0.00 0.00 0.00 100.49 372.17 124.71 0.00 97.73 298.87 88.85 98.65 122.85 348.83 87.52 372.18 85.63-9999.00-9999.00-9999.00-9999.00-9999.00-9999.00-9999.00-9999.00-9999.00 -9999.00-9999.00 89.01 82.99 86.62 97.67 302.33 373.53 81.43 88.52 87.48 380.44 119.68 85.83 133.36 365.99 86.93 86.39 78.57 123.93 0.00 83.82
121.90 79.14 249.87 0.00 376.09 218.98 150.83 79.93 85.98 377.60 79.85 87.67 79.09 167.39 285.51 89.79 88.23 142.61 88.23 140.35 81.02 128.39 79.42 143.67 79.12 144.25 0.00 117.95 165.74 379.63 375.21 371.28 118.08 371.83 108.61 378.52 80.63 104.82 80.10 94.14 379.97 397.09 81.16 99.04-9999.00-9999.00-9999.00-9999.00-9999.00-9999.00 -9999.00-9999.00-9999.00-9999.00-9999.00 91.80 158.01 306.17 389.18 378.99 81.06 148.00 376.38 304.06 88.76 83.82 85.83 380.02 80.04 0.00 79.69
80.75 0.00 125.90 171.50 79.47 89.32 79.22 380.24 123.20 82.19 138.70 79.22 119.01 386.59 99.61 206.43 80.01 88.23 80.19 119.59 377.90 83.54 0.00 0.00 260.08 90.89 378.11 376.92 275.54 126.54 101.45 126.63 110.22 107.77 103.83 92.58 379.73 378.75 357.65 180.01 85.29-9999.00-9999.00-9999.00-9999.00-9999.00-9999.00-9999.00 -9999.00-9999.00-9999.00-9999.00-9999.00-9999.00-9999.00 86.22 131.50 180.33 0.00 122.41 86.42 78.38 158.11 78.43 340.44 0.00 167.22 376.86 218.80 162.82 81.43 194.04 375.57 91.80
141.99 86.72 79.07 145.30 340.34 89.33 0.00 101.38 379.65 377.77 369.44 329.88 212.93 199.01 92.14 368.65 93.83 90.93 79.64 171.89 255.12 84.97-9999.00-9999.00-9999.00-9999.00-9999.00-9999.00-9999.00-9999.00-9999.00 -9999.00-9999.00-9999.00-9999.00-9999.00-9999.00-9999.00-9999.00-9999.00 80.04 144.33 0.00 93.18 86.54 81.62 0.00 120.70 78.42 88.76 88.64 81.06 79.80 396.84 141.01 93.21 79.32 117.19 376.57 128.78 80.04 0.00 120.93 79.69 376.06 164.66 79.08 140.22 79.80 128.96 118.08 0.00 0.00 171.79 79.16 381.89 412.71 388.14
0.00 90.56 358.24 376.33 79.69 80.90 338.46 381.86 123.25 86.22 82.49 135.86 296.72 125.28 0.00 284.37 251.88 78.38 78.73 137.68 83.53 88.64 344.09 120.39 96.71 91.16 90.72 98.50 83.82 222.67 158.80 376.76 90.56 104.74 93.21 101.05 98.50 90.72 81.83 225.98 212.53 376.40 315.86 78.73 0.00 380.70 382.64 380.77 79.05 94.10 88.46 94.10 79.14 138.69 377.20 82.60 0.00 170.07 80.63 81.47 89.32
124.89 382.98 81.06 90.91 145.95 84.43 231.41 377.32 93.74 143.96 82.04 328.93 134.47 78.47 139.32 96.71 0.00 244.74 124.24 81.02 96.76 84.66 88.46 137.31 89.92 80.10 120.28 258.03 0.00 80.88 90.93 92.62 108.44 87.52 380.02 95.31 94.14 90.47 94.99 98.68 376.02 88.91 79.09 180.69 88.15 81.99 144.47 318.08 82.82 196.49 0.00 301.29 250.32 148.16 82.39 147.22 87.89 177.86 86.34 121.95 378.81
137.84 86.72 0.00 92.41 89.92 275.79 84.36 353.02 88.39 91.81 87.48 81.81 81.81 411.10 89.33 80.88 127.97 0.00 348.67 119.33 79.77 87.62 79.14 81.47 198.26 340.71 89.92 88.38 141.91 127.04 380.41 84.66 378.19 246.53 93.39 379.22 378.63 334.21 223.46 206.58 0.00 388.12 384.16 383.32 362.17 368.83 117.23 376.14 380.59 381.36 375.40 375.52 93.97 97.88 103.71 91.80 290.89 128.29 79.85 173.57 90.93
375.82 378.32 242.38 141.99 376.96 151.55 376.24 376.43 380.07 293.62 94.95 371.13 181.53 227.39 379.86 377.41 189.09 143.82 80.10-9999.00-9999.00-9999.00-9999.00-9999.00-9999.00-9999.00-9999.00-9999.00-9999.00-9999.00-9999.00-9999.00 -9999.00-9999.00-9999.00-9999.00-9999.00-9999.00-9999.00-9999.00-9999.00 89.14 88.29 356.18 80.43 380.44 377.66 82.99 379.87 78.34 151.62 82.04 0.00 379.05 0.00 293.21 135.12 81.06 94.61 142.24 177.58 0.00 174.67 79.69 88.88 206.31 384.12 188.93 146.93 80.73 78.37 0.00 376.94 185.73 119.68 85.83 79.59 379.88 377.91 90.54 78.38 382.43
83.82 86.30 87.18 105.46 101.33 88.99 0.00 129.36 85.83 94.67 144.67 85.10 79.08 141.32 181.54 327.83 0.00 87.48 79.69 138.74 0.00 78.69 86.50 78.57 87.18 91.49 83.57 92.17 78.45 79.47 149.00 87.40 80.19 89.32 92.00 94.14 0.00 0.00 0.00 307.08 91.27 86.63 376.09 375.91 150.39 364.16 376.84 92.47 90.62 136.74 379.12 181.94 79.14 83.54 215.44 377.65 365.75 90.89 81.16 375.93 92.84
385.78 165.01 89.92 82.39 214.24 376.39 90.34 376.19 0.00 0.00 236.96 376.91 92.24 115.80 82.22 89.86 137.83 136.07 80.63 94.99 88.38 370.65 89.55 376.70 85.98 81.99 380.10 130.93 91.62-9999.00-9999.00-9999.00-9999.00-9999.00-9999.00-9999.00-9999.00-9999.00-9999.00-9999.00-9999.00-9999.00-9999.00 -9999.00-9999.00-9999.00-9999.00-9999.00-9999.00-9999.00-9999.00-9999.00-9999.00-9999.00-9999.00-9999.00-9999.00-9999.00 96.71 93.21 365.97 108.20 98.92 94.84 324.67 377.07 379.56 0.00 128.57 79.02 78.41 117.04 367.16 87.72 80.90 118.06 195.21 0.00 144.94 87.94 86.42 78.51 178.19 0.00 233.25 78.61 90.72 78.78 0.00
231.54 90.56 87.81 120.07 81.64 305.72 101.72 97.87 99.61 99.04 80.63 383.97 86.72 376.84 282.59 81.99 86.72 81.99 361.74 300.18 126.30 81.02 123.18 377.68 94.10 383.07 375.41 144.35 154.21 84.66 93.83 87.44 79.06 80.75 198.04 390.59 87.52 80.29 79.09 166.51 0.00 0.00 387.91 88.85 86.94 100.04 380.16 166.01 118.49 79.37 79.70 119.34 79.77 375.77 138.46 82.39-9999.00-9999.00-9999.00-9999.00-9999.00-9999.00-9999.00-9999.00-9999.00-9999.00-9999.00-9999.00-9999.00-9999.00-9999.00-9999.00-9999.00-9999.00 -9999.00-9999.00-9999.00-9999.00-9999.00-9999.00-9999.00-9999.00-9999.00-9999.00-9999.00-9999.00-9999.00-9999.00-9999.00-9999.00-9999.00 88.91 89.44 101.73 125.10
377.68 106.86 91.25 0.00 0.00 0.00 110.18 338.56 96.70 175.48 83.89 379.44 376.83 376.60 81.43 125.48 97.67 78.54 334.16 379.16 99.04 214.42 392.96 87.95 95.83 376.70 86.72 89.33 0.00 97.73 381.83 340.08 333.94 143.90 81.81 88.91 89.33 175.76 88.63 256.68 376.46 351.25 129.47 80.29 96.00 171.35 80.19 79.29 138.39 83.29 0.00 88.85 190.49 278.96 107.02 382.82 81.81 88.63 99.42 384.58 379.16
84.43 133.54 377.13 85.83 379.32 379.16 0.00 380.72 92.49 371.41 376.32 88.41 390.18 0.00 86.22 84.43 92.06 154.21 375.50 96.76 390.67 384.09 392.20 385.52 380.15 122.53 87.72 89.67 85.29 382.06 81.99 368.36 79.77 87.01 92.84 262.46 82.82 80.88 137.90 340.04 377.34 116.80 92.06 87.77 80.10 124.71 0.00 0.00 372.81 293.16 359.29 238.09 134.70 79.58 87.29 130.35 91.27 79.10 119.92 95.31-9999.00-9999.00-9999.00-9999.00-9999.00-9999.00-9999.00-9999.00-9999.00-9999.00-9999.00-9999.00-9999.00-9999.00-9999.00-9999.00-9999.00-9999.00-9999.00-9999.00 -9999.00-9999.00-9999.00-9999.00-9999.00-9999.00-9999.00-9999.00-9999.00-9999.00-9999.00-9999.00-9999.00-9999.00-9999.00-9999.00-9999.00-9999.00-9999.00-9999.00
209.16 383.47 378.54 149.26 196.47 375.53 135.19 206.92 0.00 0.00 0.00 378.32 87.52 0.00 90.34 385.45 82.39 376.63 136.88 79.25 138.93 80.40 136.84 379.94 376.99 84.97 381.13 382.76 0.00 375.12 87.95 340.29 90.34 124.60 0.00 80.75 87.52 92.00 92.62 93.39 136.85 0.00 383.90 81.31 91.62 380.27 272.59 137.90 80.88-9999.00-9999.00-9999.00-9999.00-9999.00-9999.00-9999.00-9999.00-9999.00-9999.00-9999.00-9999.00-9999.00-9999.00-9999.00-9999.00-9999.00 -9999.00-9999.00-9999.00-9999.00-9999.00-9999.00-9999.00-9999.00-9999.00-9999.00-9999.00-9999.00-9999.00-9999.00-9999.00-9999.00-9999.00-9999.00-9999.00-9999.00-9999.00-9999.00-9999.00-9999.00-9999.00 96.47 79.32 212.95 370.35 84.76 426.43 129.91 83.25 80.29 136.27 95.35
88.39 80.63 119.61 372.10 144.31 80.88 79.25 138.15 377.29 0.00 375.73 141.55 88.89 92.00 88.91 88.38 95.31 0.00 123.84 80.63 89.79 376.94 234.97 80.63 81.81 211.06 372.00-9999.00-9999.00-9999.00-9999.00-9999.00-9999.00-9999.00-9999.00-9999.00-9999.00-9999.00-9999.00-9999.00-9999.00-9999.00-9999.00-9999.00-9999.00-9999.00 -9999.00-9999.00-9999.00-9999.00-9999.00-9999.00-9999.00-9999.00-9999.00-9999.00-9999.00-9999.00-9999.00-9999.00-9999.00-9999.00-9999.00-9999.00-9999.00-9999.00-9999.00-9999.00 93.18 93.21 181.10 378.44 99.34 81.06 99.34 89.42 89.87 131.59 81.24 0.00 0.00 0.00 319.99 0.00 167.12 120.27 103.78 138.67 94.35 96.47 167.74 96.71 198.94 95.71 271.35 100.60 95.71 87.04 84.43 394.63 377.46
381.14 378.17 369.45 311.43 95.31 372.09 130.79 80.40 89.33 0.00 81.02 91.44 138.64 92.41 131.04 91.10-9999.00-9999.00-9999.00-9999.00-9999.00-9999.00-9999.00-9999.00-9999.00-9999.00-9999.00-9999.00-9999.00-9999.00-9999.00-9999.00-9999.00-9999.00-9999.00-9999.00-9999.00-9999.00 -9999.00-9999.00-9999.00-9999.00-9999.00-9999.00-9999.00-9999.00-9999.00-9999.00-9999.00-9999.00-9999.00-9999.00-9999.00-9999.00-9999.00 83.25 191.62 88.41 81.62 95.00 87.94 80.16 193.39 142.37 145.90 382.78 0.00 0.00 137.44 78.89 79.80 375.79 82.04 141.82 369.68 377.01 0.00 367.17 103.53 369.48 375.81 120.27 381.53 173.66 94.84 100.68 358.82 378.98 366.89 145.95 91.16 86.22 85.10 116.16 106.86 127.23 376.72 0.00 383.40
388.08 0.00 79.10 85.29 150.96 92.62-9999.00-9999.00-9999.00-9999.00-9999.00-9999.00-9999.00-9999.00-9999.00-9999.00-9999.00-9999.00-9999.00-9999.00-9999.00-9999.00-9999.00-9999.00-9999.00-9999.00-9999.00-9999.00-9999.00-9999.00 -9999.00-9999.00-9999.00-9999.00-9999.00-9999.00-9999.00-9999.00-9999.00-9999.00-9999.00-9999.00-9999.00-9999.00-9999.00-9999.00-9999.00-9999.00-9999.00 90.91 93.21 95.75 382.53 195.82 98.71 96.08 82.74 82.74 140.20 371.97 85.83 385.40 79.40 81.24 83.53 122.94 380.19 0.00 0.00 279.12 375.42 396.86 369.22 375.46 270.33 376.70 224.89 126.40 379.38 376.25 360.21 382.32 88.41 99.34 83.53 87.48 99.69 375.19 375.70 376.44 376.69 155.51 154.70 0.00 376.57 373.91 375.91 370.49 193.72 375.84 378.29 388.60 193.72
318.26 406.28 105.80 213.60 154.70 377.86 375.60 268.48 328.17 378.18 0.00 0.00 384.48 375.77 328.22 377.26 378.31 0.00 321.49 380.43 211.50 387.67 279.12 152.80 375.42 218.52 105.41 151.00 96.08 80.90 81.43 90.50 87.63 142.79 80.23 379.86 0.00 108.44 383.42 380.99 381.84 79.93 87.52 88.23 81.16 80.10 120.38 379.44 372.53 79.16 135.89 140.99 179.03 80.51 150.15 92.41 86.72 362.96 126.36 89.55-9999.00-9999.00-9999.00-9999.00-9999.00-9999.00-9999.00-9999.00-9999.00-9999.00-9999.00-9999.00-9999.00-9999.00-9999.00-9999.00-9999.00-9999.00-9999.00-9999.00-9999.00-9999.00 -9999.00-9999.00-9999.00-9999.00-9999.00-9999.00-9999.00-9999.00-9999.00-9999.00-9999.00-9999.00-9999.00-9999.00-9999.00-9999.00-9999.00-9999.00-9999.00-9999.00-9999.00-9999.00-9999.00-9999.00-9999.00-9999.00-9999.00-9999.00-9999.00-9999.00-9999.00
375.38 375.58 242.19 375.17 242.19 0.00 326.30 375.19 376.20 0.00 272.37 108.28 267.67 119.27 132.41 170.25 376.57 128.28 87.63 370.32 367.44 108.28 83.93 93.07 92.27 104.06 132.53 106.60 130.40 146.79 379.86 376.25 376.60 170.32 297.23 285.53 376.15 376.15 376.15 0.00 0.00 0.00 330.91 376.70 318.39 0.00 366.80 273.90 377.16 360.44 195.96 229.92 375.70 149.52 375.63 381.95 375.16 92.93 375.60 381.04 105.31
380.10 384.66 85.36-9999.00-9999.00-9999.00-9999.00-9999.00-9999.00-9999.00-9999.00-9999.00-9999.00-9999.00-9999.00-9999.00-9999.00-9999.00-9999.00-9999.00-9999.00-9999.00-9999.00-9999.00-9999.00-9999.00 -9999.00-9999.00-9999.00-9999.00-9999.00-9999.00-9999.00-9999.00-9999.00-9999.00-9999.00-9999.00-9999.00-9999.00-9999.00-9999.00-9999.00-9999.00-9999.00-9999.00-9999.00-9999.00-9999.00-9999.00-9999.00-9999.00-9999.00-9999.00-9999.00-9999.00-9999.00-9999.00-9999.00-9999.00-9999.00-9999.00 151.43 377.34 375.23 376.08 377.49 375.97 376.01 377.67 377.68 378.00 297.23 297.23 0.00 0.00 318.39 375.01 384.79 375.92 300.51 300.51 375.01 377.50 300.52 376.40 300.52 0.00 360.05 96.98 97.13 90.71 95.63 102.54 106.63 85.91 200.10 226.44 125.51 87.22 388.46 87.22 115.38 119.25 90.51 101.26 376.16 128.14 103.18 0.00 385.34 292.03 376.11 89.57 384.04 186.20 0.00 376.74 376.48
375.21 234.66 0.00 382.57 375.22 240.28 375.37 375.33 326.78 170.32 371.93 313.21 374.90 139.27 96.07 90.35 91.29 89.35 80.51 89.04 107.85 103.94 89.47 376.40 92.93 380.21 88.06 94.92 106.00 92.42 81.35 132.52 102.33 378.45 84.20 80.83 83.19 380.31 80.51 124.76 104.19 375.31 111.48-9999.00-9999.00-9999.00-9999.00-9999.00-9999.00-9999.00-9999.00-9999.00-9999.00-9999.00-9999.00-9999.00-9999.00-9999.00-9999.00-9999.00-9999.00-9999.00-9999.00 -9999.00-9999.00-9999.00-9999.00-9999.00-9999.00-9999.00-9999.00-9999.00-9999.00-9999.00-9999.00-9999.00-9999.00-9999.00-9999.00-9999.00-9999.00-9999.00-9999.00-9999.00-9999.00-9999.00-9999.00-9999.00-9999.00-9999.00-9999.00-9999.00-9999.00-9999.00-9999.00-9999.00-9999.00-9999.00-9999.00-9999.00-9999.00-9999.00-9999.00-9999.00-9999.00-9999.00-9999.00-9999.00-9999.00-9999.00 375.62 297.23 0.00 375.27 273.90 375.35 318.39 380.42 0.00 375.02 297.23 375.52 353.63 273.90 375.01 375.01 379.08
297.23 297.23 0.00 297.23 0.00 0.00 297.23 375.13 377.99 375.43 375.25 256.37 324.89 203.59 376.52 375.55 198.84 146.79 211.60 193.17 107.30 398.95 368.75 344.90 92.21 88.06 0.00 87.63 96.60 83.43 101.29 137.45 382.19 88.06 208.10 220.85 92.27 375.85 389.26 384.91 203.48 94.38 94.38 100.19 101.29 382.06 84.88 358.96 410.09 375.51 148.35 93.64-9999.00-9999.00-9999.00-9999.00-9999.00-9999.00-9999.00-9999.00-9999.00-9999.00-9999.00-9999.00-9999.00-9999.00-9999.00-9999.00-9999.00-9999.00 -9999.00-9999.00-9999.00-9999.00-9999.00-9999.00-9999.00-9999.00-9999.00-9999.00-9999.00-9999.00-9999.00-9999.00-9999.00-9999.00-9999.00-9999.00-9999.00-9999.00-9999.00-9999.00-9999.00-9999.00-9999.00-9999.00-9999.00-9999.00-9999.00-9999.00-9999.00-9999.00-9999.00-9999.00-9999.00-9999.00-9999.00-9999.00-9999.00-9999.00-9999.00-9999.00-9999.00-9999.00-9999.00-9999.00-9999.00-9999.00-9999.00-9999.00-9999.00-9999.00-9999.00 375.59 0.00 297.23 375.73 229.86 370.81 279.11 318.39
