蒙特卡罗+CDRMV3/输出数据/2D水深分布/WaterDepthGIS_0168.ASC
ncols         539            
nrows         744            
xllcorner     602630.84259341
yllcorner     3914823.670891 
cellsize      50             
NODATA_value  -9999.00       
[rows 0 to 26 of 32, columns 244 to 304 of 539]
0.00 75.84 78.38 84.84 73.27 72.76 75.00-9999.00-9999.00-9999.00-9999.00-9999.00-9999.00-9999.00-9999.00-9999.00-9999.00-9999.00-9999.00-9999.00 -9999.00-9999.00-9999.00-9999.00-9999.00-9999.00-9999.00-9999.00-9999.00 89.70 83.04 373.61 314.51 77.78 381.02 428.77 76.47 83.01 313.30 133.51 80.79-9999.00-9999.00-9999.00-9999.00-9999.00-9999.00-9999.00-9999.00-9999.00-9999.00-9999.00-9999.00-9999.00-9999.00-9999.00-9999.00-9999.00-9999.00-9999.00-9999.00-9999.00-9999.00-9999.00-9999.00-9999.00-9999.00-9999.00-9999.00-9999.00-9999.00-9999.00-9999.00-9999.00-9999.00-9999.00-9999.00-9999.00-9999.00-9999.00-9999.00-9999.00-9999.00-9999.00-9999.00-9999.00-9999.00-9999.00-9999.00-9999.00-9999.00-9999.00-9999.00-9999.00-9999.00-9999.00-9999.00-9999.00-9999.00-9999.00-9999.00-9999.00-9999.00-9999.00-9999.00-9999.00-9999.00-9999.00-9999.00-9999.00-9999.00-9999.00-9999.00-9999.00-9999.00-9999.00-9999.00-9999.00-9999.00-9999.00-9999.00-9999.00-9999.00-9999.00-9999.00-9999.00-9999.00-9999.00-9999.00-9999.00-9999.00 71.73 78.51 87.12 72.92 169.98 71.73 71.43 286.38 81.45 71.95 79.77 70.36 106.86 375.89 0.00 155.46 70.35 71.34 73.27 111.14 133.59 79.88-9999.00-9999.00-9999.00-9999.00-9999.00-9999.00-9999.00-9999.00-9999.00-9999.00-9999.00-9999.00 -9999.00-9999.00-9999.00-9999.00-9999.00-9999.00-9999.00-9999.00-9999.00 84.51 375.86 92.96 113.98 372.78 92.96 378.80 0.00 74.37 375.98 202.45 81.61 71.47-9999.00-9999.00-9999.00-9999.00-9999.00-9999.00-9999.00-9999.00-9999.00-9999.00-9999.00-9999.00-9999.00-9999.00-9999.00-9999.00-9999.00-9999.00-9999.00-9999.00-9999.00-9999.00-9999.00-9999.00-9999.00-9999.00-9999.00-9999.00-9999.00-9999.00-9999.00-9999.00-9999.00-9999.00-9999.00-9999.00-9999.00-9999.00-9999.00-9999.00-9999.00-9999.00-9999.00-9999.00-9999.00-9999.00-9999.00-9999.00-9999.00-9999.00-9999.00-9999.00-9999.00-9999.00-9999.00-9999.00-9999.00-9999.00-9999.00-9999.00-9999.00-9999.00-9999.00-9999.00-9999.00-9999.00-9999.00-9999.00-9999.00-9999.00-9999.00-9999.00-9999.00-9999.00-9999.00-9999.00-9999.00-9999.00-9999.00-9999.00-9999.00-9999.00-9999.00-9999.00-9999.00-9999.00-9999.00-9999.00 74.27 162.05 108.91 79.24 100.96
376.62 391.70 295.95 75.84 85.37-9999.00-9999.00-9999.00-9999.00-9999.00-9999.00-9999.00 74.27 79.34 72.47 78.58 77.95 378.21 155.08 378.26 73.09 129.27 376.56 84.10 88.16 361.48 85.10 379.92 70.69 74.50 354.48 71.84 70.43 71.10 70.56 71.10 248.02 0.00 373.09 128.81 71.52 109.17 70.73 335.08 140.73 180.15 73.84 78.89 110.95 375.36 361.12 376.53 0.00 73.09 80.83 0.00 94.64 91.40 77.18 75.00 84.10 346.74 83.93-9999.00-9999.00-9999.00 -9999.00-9999.00-9999.00-9999.00-9999.00-9999.00-9999.00-9999.00-9999.00-9999.00-9999.00-9999.00-9999.00-9999.00 77.74 76.66 115.65 81.69
79.77 156.81 72.47 143.08 79.28 350.18 75.27 172.78 380.94 72.33 381.81 72.76 379.96 158.69 70.96 86.80 80.81 71.84 71.84 381.51 86.50 76.48 0.00 117.48 80.83 81.80 73.09 81.62 71.03 379.62 71.52 136.07 78.26 86.80 79.06 79.55 74.27 70.49 377.63 110.34 71.73 78.38 81.12 111.03 123.18 77.59 70.49 255.12 72.47 72.07 71.18 0.00 358.53 77.56 116.17 111.21 112.09 72.20 165.90 109.00 113.04
0.00 0.00 0.00 0.00 138.56 133.83 70.73 80.67 89.85 72.47 82.76 70.60 377.23 0.00 376.44 0.00 89.61 87.66 165.77 101.49 88.83 377.33 72.47 211.50 324.71 81.99-9999.00-9999.00-9999.00-9999.00-9999.00-9999.00 -9999.00-9999.00-9999.00-9999.00-9999.00-9999.00-9999.00-9999.00-9999.00-9999.00-9999.00-9999.00 89.70 90.24 74.37 81.61 79.74 69.54 108.38 0.00 69.00 69.68 69.27 0.00 68.95 70.00 284.80 78.37 71.17 381.53 376.97 172.91 70.75-9999.00-9999.00-9999.00 74.37 77.32 261.91 82.05 73.80 136.18 387.01 90.78 83.63 132.61 100.96 376.67 376.90
77.74 72.38 80.07 78.37 70.88 77.23 89.70 78.26 88.01 380.04 75.00 302.79 379.20 78.26 378.73 73.28 144.83 70.00 378.08 70.00 299.57 106.79 0.00 378.06 75.27 90.34 139.83 92.07 127.40 112.18 243.77 85.64 70.60 268.56 0.00 71.95 88.16 114.83 0.00 379.04 108.02 73.45 71.84 375.31 74.05 77.18 108.72 377.21 378.75 87.66 0.00 70.79 84.84 80.67 138.87 117.39 70.69 112.28 0.00 350.47 271.26
81.83 78.25 76.88 369.00 271.81 73.54 75.70 146.83 76.07 0.00 345.31 122.82 72.07 83.86 121.32 70.39 370.39 360.62 70.79 71.95 378.82 0.00 70.69 70.30 359.60 0.00 107.49 81.40 81.28 128.02 80.67 70.52 376.85 112.13 72.20 166.88 120.50 0.00 108.12 73.45 70.96 108.41 0.00 71.26 81.62 84.10 274.30 72.07 82.97 72.76 75.27 129.88 179.84 384.00 160.83 148.49 76.48 82.97 79.44 77.56 79.77
73.04 78.49 73.80 79.00 127.58 302.41 79.28 74.68 0.00 106.19 121.64 72.38 73.80 382.14 72.18 84.07 71.34 112.13 381.11 141.71 120.05 70.90 156.78 0.00 0.00 113.34 70.35 70.69 70.49 132.67 377.97 71.10 70.52 106.88 348.44 376.03 76.82 0.00 70.43 82.36 70.90 0.00 235.89 70.64 71.95 368.34 129.24 72.07 76.15 134.94 194.37 377.65 176.10 0.00 384.33 378.13 377.43 382.24 126.56 81.99 72.76
367.20 377.86 70.09 79.43 70.29 0.00 81.69 71.02 380.99 381.38 178.06 70.51 80.07 91.38 73.80 69.42 147.60 72.76 112.51 80.81 84.34 77.56 108.51 0.00 380.90 71.26 82.17 128.75 81.62 79.24 78.51 71.10 107.22 144.14 154.24 0.00 70.69 75.55 0.00 163.06 107.76 72.20 74.05 83.26 85.37 83.18 125.14 70.52 111.21 161.78 351.24 0.00 70.56 111.69 79.24 79.65 78.89 81.40 149.53 80.97 77.54
76.27 76.47 73.45 378.52 379.05 0.00 376.89 366.48 379.44 375.41 71.03 77.56 318.45 70.60 238.59 72.07 158.94 72.92 0.00 342.11 71.62 159.54 80.00 377.38 71.03 83.86 72.47 130.86 309.53 376.94 71.84 112.53 79.65 72.92 112.53 0.00 71.18 74.50 173.68 70.56 85.92 369.99 113.88 72.61 224.14 90.78 0.00 107.57 70.73 82.36 70.79 114.47 0.00 119.67 84.34 70.49 72.76 235.52 0.00 83.93 80.39
82.56 112.70 71.18 115.14 184.35 87.12 72.92 112.84 0.00 121.57 111.65 81.12 82.17 134.96 122.09 0.00 275.15 112.27 74.50 186.70 78.44 79.55 70.64 179.03 376.29 379.02 142.54 73.45 133.45 0.00 0.00 0.00 300.85 213.72 71.73 141.67 70.84 124.42 375.96 0.00 389.74 386.00 131.55 77.31 182.61 110.71 70.73 78.97 78.80 115.98 336.68 191.38 72.07 312.78 342.49 375.54 72.47-9999.00-9999.00-9999.00-9999.00-9999.00-9999.00-9999.00-9999.00 -9999.00-9999.00-9999.00-9999.00-9999.00-9999.00-9999.00-9999.00-9999.00-9999.00 80.24 83.53 68.91
354.09 378.05 384.23 98.72 85.64 81.40 382.18 0.00 97.23 0.00 375.92 196.41 380.45 161.46 0.00 0.00 290.13 74.27 73.84 0.00 117.22 70.90 78.73 88.96 72.92 86.20 80.39 74.05 83.41-9999.00-9999.00-9999.00-9999.00-9999.00-9999.00-9999.00-9999.00-9999.00 -9999.00-9999.00-9999.00-9999.00-9999.00-9999.00-9999.00-9999.00-9999.00-9999.00 69.15 141.30 0.00 281.30 68.98 172.60 73.54 70.40 350.92 0.00 121.11 69.91 69.37 137.44 173.56 0.00 368.84 200.90 135.23 120.39 76.07 71.99 380.07 117.06 73.80 87.38 94.26 75.34 69.54 375.46 70.75
0.00 68.98 76.77 73.80 0.00 70.51 80.07 72.59 70.00 69.75 137.56 0.00 0.00 69.54 218.23 71.17 84.95 74.68 384.05 374.10 378.12 70.51 69.61 72.38 379.75 69.03 77.47 70.19 0.00 106.80 72.18 83.53 76.42 166.63 81.61 79.43 377.03 69.68 377.12 69.04 134.59 189.15 74.68 0.00 69.48 81.39 79.74 70.40 137.70 82.76 180.72 71.18 118.35 406.47 71.95 0.00 378.58 151.16 115.89 80.29 72.27
69.83 104.77 0.00 115.06 69.68 81.19 86.61 69.00 72.38 200.82 378.23 69.83 277.44 0.00 78.82 312.26 84.10 377.56 83.90 84.42 365.05 160.18 0.00 72.92 79.44 70.96 380.99 78.37 258.62 74.50 77.95 376.67 71.84 70.41 0.00 107.09 243.10 0.00 355.82 75.84 76.48 75.55 366.86 76.15 78.20 71.62 382.19 77.56 84.10 93.39 99.71 383.12 97.32 95.31 88.58 385.63 227.98 376.21 377.67 370.15 0.00
72.76 349.35 76.48 388.54 81.40 110.23 72.33 72.76 342.52 377.51 0.00 375.48 140.41 0.00 0.00 0.00 74.35 89.39 85.50 0.00 313.94 89.61 0.00 377.82 379.54 71.52 85.64 125.33 74.27 304.65 79.77-9999.00-9999.00-9999.00-9999.00-9999.00-9999.00-9999.00-9999.00-9999.00-9999.00-9999.00-9999.00-9999.00-9999.00 -9999.00-9999.00-9999.00-9999.00-9999.00-9999.00-9999.00-9999.00-9999.00-9999.00-9999.00 76.88 160.26 84.65 73.54 79.85 375.70 70.51 378.35 68.93 133.79 359.94 0.00 140.65 154.97 107.25 77.23 77.74 77.23 69.75 73.04 120.80 0.00 0.00 73.04 69.68 166.95 77.84 69.08 0.00
69.08 148.12 70.75 76.27 72.18 0.00 156.75 97.30 118.72 246.73 69.83 69.08 146.96 70.29 73.54 68.96 0.00 175.76 68.98 80.24 148.07 78.14 83.27 70.75 172.79 77.65 280.16 120.83 376.33 70.00 186.17 83.93 0.00 414.75 389.05 391.38 384.41 383.12 97.99 377.08 347.52 75.00 82.17 72.92 73.84 88.68 81.99 412.76 397.79 379.20 328.13 79.77 376.23 70.90 78.37 70.39 71.62 78.51 78.20 70.69 70.73
120.70 377.13 376.10 113.04 76.15 87.12-9999.00-9999.00-9999.00-9999.00-9999.00-9999.00-9999.00-9999.00-9999.00-9999.00-9999.00-9999.00-9999.00-9999.00-9999.00-9999.00-9999.00-9999.00 -9999.00-9999.00-9999.00-9999.00-9999.00-9999.00-9999.00-9999.00-9999.00-9999.00-9999.00-9999.00-9999.00-9999.00-9999.00-9999.00-9999.00 77.78 382.28 375.55 319.79 71.81 69.48 70.40 72.38 0.00 192.36 74.68 78.37 72.81 77.39 147.77 236.28 69.48 376.87 336.22 0.00 0.00 0.00 116.35 72.18 76.95 72.18 74.68 0.00 147.65 69.61 132.79 112.22 69.27 78.14 73.04 123.05 228.09 371.58 377.14 0.00 348.69 111.83 149.79 78.76 75.34 71.17 158.96 325.97 377.22 369.98 0.00 0.00 377.10 345.99
126.19 375.79 0.00 122.51 82.62 97.95 272.29 81.40 383.52 379.09 380.03 71.43 70.41 77.40 78.00 77.54 77.83 77.66 86.80-9999.00-9999.00-9999.00-9999.00-9999.00-9999.00-9999.00-9999.00-9999.00-9999.00-9999.00-9999.00-9999.00-9999.00-9999.00-9999.00-9999.00-9999.00-9999.00 -9999.00-9999.00-9999.00-9999.00-9999.00-9999.00-9999.00-9999.00-9999.00-9999.00-9999.00-9999.00-9999.00-9999.00-9999.00-9999.00-9999.00-9999.00 81.69 76.88 84.95 86.61 76.47 70.09 0.00 135.71 73.80 73.80 87.38 76.77 129.58 154.40 132.79 70.63 71.64 115.96 76.12 68.92 0.00 90.34 201.76 148.38 112.80 75.00 82.52 71.17 119.25 382.03 379.50 73.04 81.83 83.01 68.98 85.58 77.74 113.11 354.10 375.64 0.00
198.11 0.00 378.77 109.40 70.90 78.51 79.06 264.01 125.34 106.83 71.03 81.12 80.00 74.27-9999.00-9999.00-9999.00-9999.00-9999.00-9999.00-9999.00-9999.00-9999.00-9999.00-9999.00-9999.00-9999.00-9999.00-9999.00-9999.00-9999.00-9999.00-9999.00-9999.00-9999.00 -9999.00-9999.00-9999.00-9999.00-9999.00-9999.00-9999.00-9999.00-9999.00-9999.00-9999.00-9999.00-9999.00-9999.00-9999.00-9999.00-9999.00-9999.00-9999.00 77.32 124.01 380.12 411.98 298.02 132.36 85.26 301.42 85.91 333.15 105.19 76.35 70.75 104.86 337.59 379.04 0.00 198.86 70.09 76.15 80.60 71.99 111.46 0.00 115.64 70.29 69.91 180.78 118.77 180.59 140.31 86.99 378.28 70.29 71.81 357.79 134.20 90.34 365.21 112.23 0.00 337.84 70.63 70.32 80.99 93.77
380.31 379.42 332.44 70.49 171.16 75.27-9999.00-9999.00-9999.00-9999.00-9999.00-9999.00-9999.00-9999.00-9999.00-9999.00-9999.00-9999.00-9999.00-9999.00-9999.00-9999.00-9999.00 -9999.00-9999.00-9999.00-9999.00-9999.00-9999.00-9999.00-9999.00-9999.00-9999.00-9999.00-9999.00-9999.00-9999.00-9999.00-9999.00-9999.00-9999.00-9999.00-9999.00-9999.00-9999.00-9999.00-9999.00-9999.00 78.76 240.38 71.81 259.58 73.04 75.00 381.49 115.90 125.02 145.67 69.75 119.07 0.00 0.00 0.00 0.00 0.00 314.22 81.05 69.61 82.35 378.32 0.00 0.00 372.83 280.72 350.08 351.14 266.32 306.32 378.70 285.49 88.01 320.27 102.38 75.13 90.68 80.43 75.00 76.88 376.10 105.84 71.99 169.38 370.03 395.78 76.47 331.24 74.68 74.44 0.00 376.83 158.51 381.75
0.00 0.00 377.07 116.17 127.38 153.93 88.70 292.78 379.40 79.85 377.80 80.44 92.96 91.38 86.61 89.12 0.00 0.00 116.58 0.00 285.50 375.22 82.77 77.46 118.43 87.13 377.23 382.59 88.01 140.60 83.01 75.34 325.91 97.30 71.99 73.80 147.30 129.59 375.57 0.00 158.51 376.96 302.98 208.82 279.05 171.45 337.01 375.87 377.50 175.89 77.95 75.27 338.31 71.03 73.27 79.77 378.38 345.86 70.73 78.65 149.75
93.13 276.07 377.29 379.83 384.88 101.44 249.24 322.21 83.76 98.18 116.80 87.02 334.42 0.00 158.51 375.46 375.37 375.17 72.81 88.01 196.96 83.04 86.99 227.81 83.76 74.68 119.25 297.17 378.08 120.80 0.00 376.38 236.28 375.88 354.38 231.85 356.24 386.68 231.91 383.95 96.11 101.69 81.69 0.00 94.64 73.27 85.92 82.56 80.29 145.23 72.76 88.58 302.12 307.04 71.62 79.88 374.50 78.26 71.62 0.00 0.00
217.67 340.73 94.22 159.03 91.65 376.26 375.40 261.46 198.75 0.00 381.54 73.54 72.18 84.51 378.26 198.39 338.84 139.17 148.42 95.43 380.38 376.17 212.96 192.54 0.00 375.42 208.82 375.19 313.09 0.00 0.00 261.49 0.00 389.70 376.70 188.96 100.70 116.80 71.02 78.82 193.74 75.55 96.83 197.46 380.66 77.95 213.30 0.00 365.45 134.94 76.48 160.02 121.68 356.99 111.97 70.30 127.59 377.03 71.34 83.63 85.10
71.26 142.32 380.67 0.00 75.55 83.41 155.51 78.19 78.58 76.82 111.10 107.63 383.26 324.63 375.25 247.43 224.12 72.61 257.58 118.37 208.87 82.56 110.24 70.64 337.84 73.84-9999.00-9999.00-9999.00-9999.00-9999.00-9999.00-9999.00-9999.00-9999.00-9999.00-9999.00-9999.00-9999.00-9999.00-9999.00-9999.00-9999.00-9999.00-9999.00-9999.00-9999.00-9999.00 -9999.00-9999.00-9999.00-9999.00-9999.00-9999.00-9999.00-9999.00-9999.00-9999.00-9999.00-9999.00-9999.00-9999.00-9999.00-9999.00-9999.00-9999.00-9999.00-9999.00-9999.00-9999.00-9999.00-9999.00-9999.00-9999.00-9999.00-9999.00-9999.00 78.76 77.32 146.73 376.79 362.86 70.51 377.97 379.04 158.51 351.55 375.85 383.25 0.00 325.66 377.24 375.53 107.49 177.93 316.46 0.00 208.82 306.97 104.74 366.09 88.59 85.60 81.20 85.62 88.70 82.76 80.35 82.44 88.59 77.32
375.32 293.49 350.50 247.39 336.01 375.00 0.00 219.57 0.00 319.15 310.86 376.53 310.86 0.00 376.82 364.31 247.39 334.99 375.35 180.64 377.67 381.63 377.81 106.53 116.96 84.35 380.99 85.17 375.36 114.53 77.81 150.27 110.84 68.79 70.71 70.08 76.97 77.59 79.24 73.09 70.52 107.74 106.89 70.46 149.79 80.53 265.07 81.94 86.20 375.16 375.26 95.47-9999.00-9999.00-9999.00-9999.00-9999.00-9999.00-9999.00-9999.00-9999.00-9999.00-9999.00-9999.00-9999.00-9999.00-9999.00-9999.00-9999.00-9999.00-9999.00-9999.00-9999.00 -9999.00-9999.00-9999.00-9999.00-9999.00-9999.00-9999.00-9999.00-9999.00-9999.00-9999.00-9999.00-9999.00-9999.00-9999.00-9999.00-9999.00-9999.00-9999.00-9999.00-9999.00-9999.00-9999.00-9999.00-9999.00-9999.00-9999.00-9999.00-9999.00-9999.00-9999.00 120.80 83.76 84.51 208.51 375.89 380.48 233.74 368.43
381.23 252.31 296.81 385.00 397.64 375.03 97.36 246.46 393.79 276.67 95.92 89.05 376.20 379.57 90.24 377.43 381.04 77.06 121.62 110.17 375.28 86.87 375.12 102.32 375.38 0.00 375.49 375.35 378.11 74.93 95.79 184.28 375.83 375.41 98.55 97.18 109.12 83.76 84.85 381.31 399.44 110.82 79.60 71.71 112.36 378.09 69.08 375.91 133.16 95.79 87.68 79.03 385.43 378.82 311.11 70.44 74.42 221.15 378.41 75.82 79.60
77.78 70.71 79.32 93.79 81.46 378.13 76.21 348.10 75.44 110.17 218.46 90.24 73.27 84.80 273.95 336.77 115.32 80.35 123.94 76.76 73.01 353.21 71.99 78.57-9999.00-9999.00-9999.00-9999.00-9999.00-9999.00-9999.00-9999.00-9999.00-9999.00-9999.00-9999.00-9999.00-9999.00-9999.00-9999.00-9999.00-9999.00-9999.00-9999.00 -9999.00-9999.00-9999.00-9999.00-9999.00-9999.00-9999.00-9999.00-9999.00-9999.00-9999.00-9999.00-9999.00-9999.00-9999.00-9999.00-9999.00-9999.00-9999.00-9999.00-9999.00-9999.00-9999.00-9999.00-9999.00-9999.00-9999.00-9999.00-9999.00-9999.00-9999.00-9999.00-9999.00-9999.00-9999.00-9999.00-9999.00-9999.00-9999.00-9999.00-9999.00-9999.00-9999.00-9999.00-9999.00-9999.00 375.28 375.12 0.00 293.49 375.91 313.54 302.31 375.11 247.39 0.00 375.00 293.50 375.41 293.49 375.00 375.00 377.01 375.00 0.00 247.39 293.49 376.92 293.49 376.04 377.39 376.93 376.93 378.88 252.31 296.81 377.73 0.00 0.00 375.21 375.21 375.57
74.58 100.53 87.30 88.58 86.26 376.13 297.56 75.70 78.88 134.25 79.03 89.00 0.00 73.82 166.87 79.03 85.11 378.76 73.54 127.56 68.87 81.16 131.51 383.25 84.35 380.94 331.25 387.50 182.18 86.90 378.90 91.21 122.58 73.77 377.16 202.49 75.53-9999.00-9999.00-9999.00-9999.00-9999.00-9999.00-9999.00-9999.00-9999.00-9999.00-9999.00-9999.00-9999.00-9999.00-9999.00-9999.00-9999.00-9999.00 -9999.00-9999.00-9999.00-9999.00-9999.00-9999.00-9999.00-9999.00-9999.00-9999.00-9999.00-9999.00-9999.00-9999.00-9999.00-9999.00-9999.00-9999.00-9999.00-9999.00-9999.00-9999.00-9999.00-9999.00-9999.00-9999.00-9999.00-9999.00-9999.00-9999.00-9999.00-9999.00-9999.00-9999.00-9999.00-9999.00-9999.00-9999.00-9999.00-9999.00-9999.00-9999.00-9999.00-9999.00-9999.00-9999.00-9999.00-9999.00-9999.00-9999.00-9999.00-9999.00 375.31 247.39 0.00 377.03 293.49 319.00 322.91 273.05 224.09 0.00 380.86 293.49 0.00 375.86 293.49 0.00 0.00 293.49 293.50 375.31 293.49 375.52 375.20
