蒙特卡罗+CDRMV3/输出数据/2D水深分布/WaterDepthGIS_0138.ASC
ncols         539            
nrows         744            
xllcorner     602630.84259341
yllcorner     3914823.670891 
cellsize      50             
NODATA_value  -9999.00       
[rows 0 to 26 of 32, columns 305 to 365 of 539]
96.52 87.93 90.29 89.48 81.86 145.27 82.22 81.34 144.64 86.97 0.00 85.37 89.71 216.05 132.59 292.61 183.10 82.81-9999.00-9999.00-9999.00-9999.00-9999.00-9999.00-9999.00-9999.00-9999.00-9999.00-9999.00-9999.00 -9999.00-9999.00-9999.00-9999.00-9999.00-9999.00-9999.00-9999.00-9999.00-9999.00-9999.00-9999.00 95.42 82.63 317.37 94.01 162.32 0.00 86.63 372.01 98.33 203.05 113.10-9999.00-9999.00-9999.00-9999.00-9999.00-9999.00-9999.00-9999.00-9999.00-9999.00-9999.00-9999.00-9999.00-9999.00-9999.00-9999.00-9999.00-9999.00-9999.00-9999.00-9999.00-9999.00-9999.00-9999.00-9999.00-9999.00-9999.00-9999.00-9999.00-9999.00-9999.00-9999.00-9999.00-9999.00-9999.00-9999.00-9999.00-9999.00-9999.00-9999.00-9999.00-9999.00-9999.00-9999.00-9999.00-9999.00-9999.00-9999.00-9999.00-9999.00-9999.00-9999.00-9999.00-9999.00-9999.00-9999.00-9999.00-9999.00-9999.00-9999.00-9999.00-9999.00-9999.00-9999.00-9999.00-9999.00-9999.00-9999.00-9999.00-9999.00-9999.00-9999.00-9999.00-9999.00-9999.00-9999.00-9999.00-9999.00-9999.00-9999.00-9999.00-9999.00-9999.00-9999.00-9999.00-9999.00-9999.00 137.65 351.32 211.17 169.17 91.37 89.80 381.65 157.38 267.61 377.59 298.86 140.33 83.79 92.61 83.79 0.00 378.07 188.65 92.46 190.43 379.46 81.74 89.76 84.71-9999.00-9999.00-9999.00-9999.00-9999.00-9999.00-9999.00-9999.00-9999.00-9999.00-9999.00 -9999.00-9999.00-9999.00-9999.00-9999.00-9999.00-9999.00-9999.00-9999.00-9999.00-9999.00-9999.00-9999.00 99.46 127.14 91.59 147.66 134.34 0.00
369.92 356.23 0.00 121.28 207.85 81.01 95.99-9999.00-9999.00-9999.00-9999.00-9999.00-9999.00-9999.00-9999.00-9999.00-9999.00-9999.00-9999.00-9999.00-9999.00-9999.00-9999.00-9999.00-9999.00-9999.00-9999.00-9999.00-9999.00-9999.00-9999.00-9999.00-9999.00-9999.00-9999.00-9999.00-9999.00-9999.00-9999.00-9999.00-9999.00-9999.00-9999.00-9999.00-9999.00-9999.00-9999.00 112.11 381.01 91.59 307.18 116.61-9999.00-9999.00 89.40 85.86 92.89 86.12 85.14 376.49 431.66 86.68 102.61 82.81 238.27 86.12 93.55 83.79 92.46-9999.00-9999.00-9999.00 83.79 174.67 81.92 156.32 82.49 85.61 81.45 383.75 91.11 0.00 0.00 0.00 86.68 82.39 377.04 379.02 163.12 83.19 83.06 97.39 375.22 381.48 145.18 142.04 81.74 81.86 87.60 0.00 85.61 91.08 180.11 85.37 376.49 217.11
158.74 81.74 81.34 90.29 84.71 0.00 135.88 81.86 82.06 378.98 0.00 94.37 101.71 0.00 375.49 94.37 99.43 104.42 89.40 177.23 85.61 90.22 201.50-9999.00-9999.00-9999.00-9999.00-9999.00-9999.00 -9999.00-9999.00-9999.00-9999.00-9999.00-9999.00-9999.00-9999.00-9999.00-9999.00-9999.00 82.11 140.81 92.05 81.99 380.20 379.83 0.00 325.91 121.80 162.05 81.68 89.16 86.01 381.16 136.96 379.01 83.82 378.22 99.85 85.73 176.45-9999.00-9999.00-9999.00-9999.00-9999.00-9999.00-9999.00 93.71 85.86 97.71 87.60 97.39 85.61 88.63-9999.00-9999.00-9999.00-9999.00-9999.00-9999.00 86.97 212.36 103.41 95.18 352.06 376.79 92.61 93.38 232.97
90.22 376.40 84.92 130.00 377.45 92.61 387.01 125.75 92.46 375.76 83.63 188.84 379.17 86.97 0.00 86.12 91.82 106.64 384.90 97.07 91.17 149.40 94.31 378.21 91.70 87.93 0.00 167.10 81.99 100.88 154.54 348.35 82.81 0.00 97.39 93.21 197.52 81.33 98.72 90.36 82.06 375.81 317.98 84.32 305.14 81.99 84.51 84.13 97.07 187.54 84.51 264.55 82.59 127.92 142.02 91.94 83.47 126.67 268.51 96.52 0.00
257.12 82.70 91.59 368.14 356.00 81.56 83.63 82.39 377.08 89.40 84.71 90.36 81.32 382.33 100.49 81.74 375.32 246.92 387.93 93.16 101.19 401.03 82.22 93.05 379.25 83.47 352.19 83.06 82.30 380.33 89.01 90.81 91.94 81.31 162.94 304.10 376.68 376.90 89.40 388.58 381.55 0.00 89.01 98.04 370.08 83.96 176.58 226.44 378.54 349.04 147.32-9999.00-9999.00-9999.00-9999.00-9999.00-9999.00-9999.00-9999.00-9999.00-9999.00 -9999.00-9999.00-9999.00-9999.00-9999.00-9999.00-9999.00-9999.00 376.19 101.01 83.44 96.30 376.55 377.87 85.45 89.65 102.22
377.20 0.00 122.12 90.66 83.96 382.73 101.71 285.22 178.21 90.98 128.32 98.04 218.36 92.32 90.98 90.36 81.55 154.15 213.41 380.71 380.37 381.82 381.15 0.00 0.00 0.00 0.00 102.55 374.29 129.46 0.00 100.01 304.76 91.11 100.85 127.54 351.71 89.80 374.93 87.93-9999.00-9999.00-9999.00-9999.00-9999.00-9999.00-9999.00-9999.00-9999.00 -9999.00-9999.00 91.18 85.19 88.79 99.85 319.96 374.53 83.63 90.69 89.65 381.27 122.09 88.01 136.30 377.46 89.10 88.56 80.75 126.64 0.00 86.01
125.40 81.41 257.34 0.00 376.63 233.12 154.01 82.22 88.28 378.01 82.14 89.94 81.36 169.32 303.91 92.06 90.50 145.70 90.50 142.26 83.33 131.01 81.69 144.99 81.39 145.44 0.00 122.38 170.29 379.79 375.23 372.84 123.53 375.37 112.11 379.00 82.93 110.11 82.39 98.72 380.28 397.89 83.47 101.19-9999.00-9999.00-9999.00-9999.00-9999.00-9999.00 -9999.00-9999.00-9999.00-9999.00-9999.00 94.01 162.11 320.21 389.34 381.07 83.27 153.62 376.44 312.12 90.93 86.01 88.01 380.16 82.23 0.00 81.88
83.06 0.00 128.49 173.74 81.74 91.59 81.49 380.46 125.82 84.51 140.84 81.49 121.75 387.04 101.71 216.53 82.30 90.50 82.49 122.33 377.95 85.86 0.00 0.00 267.63 93.16 378.11 376.92 286.45 130.91 106.54 131.00 115.64 113.12 109.08 97.14 380.01 378.96 363.32 186.09 87.60-9999.00-9999.00-9999.00-9999.00-9999.00-9999.00-9999.00 -9999.00-9999.00-9999.00-9999.00-9999.00-9999.00-9999.00 88.39 133.89 189.56 0.00 124.94 88.60 80.54 161.64 80.60 345.23 0.00 175.55 377.24 235.99 165.65 83.63 197.15 375.74 94.01
145.57 89.01 81.34 148.51 346.08 91.59 0.00 103.49 379.91 377.77 369.67 328.24 223.74 205.28 96.67 372.12 96.20 93.21 81.92 176.47 266.08 87.28-9999.00-9999.00-9999.00-9999.00-9999.00-9999.00-9999.00-9999.00-9999.00 -9999.00-9999.00-9999.00-9999.00-9999.00-9999.00-9999.00-9999.00-9999.00 82.23 146.89 0.00 95.42 88.71 83.82 0.00 123.29 80.59 90.93 90.81 83.27 81.99 397.60 145.94 95.46 81.50 119.74 376.61 131.63 82.23 0.00 123.41 81.88 376.11 166.14 81.26 141.99 81.99 132.42 120.41 0.00 0.00 173.80 81.34 382.34 413.77 388.45
0.00 92.74 363.04 376.55 81.88 83.10 342.85 383.07 125.87 88.39 84.70 138.14 307.58 127.83 0.00 291.33 261.94 80.55 80.91 139.76 85.73 90.81 350.68 123.48 98.94 93.36 92.91 100.62 86.01 231.57 166.02 376.91 92.74 107.34 95.46 103.11 100.62 92.91 84.03 231.70 215.25 376.58 313.01 80.91 0.00 380.92 382.85 381.02 81.31 96.48 90.73 96.48 81.41 142.09 377.43 84.92 0.00 179.22 82.93 83.79 91.59
127.69 383.30 83.27 93.10 150.19 86.63 236.66 378.18 95.99 149.50 84.24 336.69 137.10 80.63 141.55 98.94 0.00 259.66 127.08 83.33 99.11 86.97 90.73 139.60 92.19 82.39 123.03 268.87 0.00 83.19 93.21 94.95 111.91 89.80 380.20 97.71 96.52 92.74 97.39 100.88 376.07 91.17 81.36 184.04 90.42 84.32 147.52 327.81 85.14 199.88 0.00 300.29 260.83 152.88 84.71 150.48 90.16 187.44 88.63 124.56 379.26
140.04 89.01 0.00 94.73 92.19 278.63 86.68 359.14 90.66 94.11 89.76 84.13 84.13 411.99 91.59 83.19 131.19 0.00 352.85 122.08 82.06 89.89 81.41 83.79 206.85 351.71 92.19 90.65 146.07 129.70 380.72 86.97 378.23 254.51 95.75 379.29 378.67 338.05 226.44 210.03 0.00 388.52 384.45 383.59 364.78 370.22 120.75 376.21 380.93 381.72 375.43 375.55 98.55 102.61 108.96 96.32 303.38 130.94 82.14 177.80 93.21
375.82 378.35 249.27 148.65 377.07 158.59 376.27 376.60 380.22 301.16 97.34 374.14 190.61 235.31 380.05 377.56 203.56 145.20 82.39-9999.00-9999.00-9999.00-9999.00-9999.00-9999.00-9999.00-9999.00-9999.00-9999.00-9999.00-9999.00-9999.00 -9999.00-9999.00-9999.00-9999.00-9999.00-9999.00-9999.00-9999.00-9999.00 91.32 91.54 363.25 82.63 380.50 377.78 85.19 380.40 80.43 155.18 84.24 0.00 379.52 0.00 305.01 137.70 83.27 98.03 144.67 185.06 0.00 179.10 81.88 91.05 213.29 384.42 199.54 151.05 82.93 80.54 0.00 377.18 192.61 122.09 88.01 81.78 380.19 378.76 92.73 80.55 382.63
86.01 88.47 89.35 109.17 104.90 92.23 0.00 131.90 88.01 96.93 148.48 87.29 81.26 144.30 186.26 340.37 0.00 89.65 81.88 140.91 0.00 80.86 88.67 80.75 89.35 95.82 85.66 94.39 80.61 81.74 155.22 89.67 82.49 91.59 94.31 96.52 0.00 0.00 0.00 313.98 94.93 88.81 376.14 375.93 155.04 367.57 377.25 94.73 92.89 143.04 379.53 186.86 81.41 85.86 226.16 377.89 369.08 93.16 83.47 376.13 95.18
386.43 170.28 92.19 84.71 223.03 376.88 92.61 376.35 0.00 0.00 239.35 377.29 95.89 121.35 84.45 92.05 141.94 139.01 82.93 97.39 90.65 373.47 91.82 376.86 88.28 84.32 380.78 136.15 93.92-9999.00-9999.00-9999.00-9999.00-9999.00-9999.00-9999.00-9999.00-9999.00-9999.00-9999.00-9999.00-9999.00-9999.00 -9999.00-9999.00-9999.00-9999.00-9999.00-9999.00-9999.00-9999.00-9999.00-9999.00-9999.00-9999.00-9999.00-9999.00-9999.00 98.94 95.46 368.41 111.34 101.01 97.11 337.02 377.17 379.67 0.00 132.85 81.19 80.58 119.34 369.37 89.89 83.10 120.60 200.75 0.00 149.20 90.11 88.60 80.68 188.14 0.00 247.48 80.78 92.91 80.96 0.00
246.81 92.74 89.98 122.66 83.96 311.21 103.88 100.14 101.71 101.19 82.93 384.41 89.01 377.00 286.16 84.32 89.01 84.32 364.42 308.73 128.88 83.33 125.78 377.98 96.48 383.72 376.08 150.46 161.09 86.97 96.20 89.71 81.33 83.06 204.19 391.26 89.80 82.59 81.36 170.59 0.00 0.00 388.46 91.11 89.12 104.26 380.38 169.10 121.22 81.65 81.99 121.77 82.06 376.19 140.64 84.71-9999.00-9999.00-9999.00-9999.00-9999.00-9999.00-9999.00-9999.00-9999.00-9999.00-9999.00-9999.00-9999.00-9999.00-9999.00-9999.00-9999.00-9999.00 -9999.00-9999.00-9999.00-9999.00-9999.00-9999.00-9999.00-9999.00-9999.00-9999.00-9999.00-9999.00-9999.00-9999.00-9999.00-9999.00-9999.00 91.08 91.61 103.85 129.77
377.71 109.80 94.87 0.00 0.00 0.00 113.63 344.43 98.78 179.83 85.98 379.70 377.04 376.80 83.63 128.33 99.85 80.71 341.20 379.28 101.19 223.37 393.66 90.22 98.22 376.81 89.01 91.59 0.00 100.01 381.94 347.20 344.66 146.00 84.13 91.17 91.59 181.82 90.90 264.10 376.58 355.24 132.58 82.59 98.38 180.82 82.49 81.56 141.28 85.61 0.00 91.11 196.18 278.79 110.27 383.12 84.13 90.90 101.54 384.83 379.35
86.63 135.87 377.18 88.01 379.48 379.32 0.00 380.91 94.71 375.35 376.44 90.58 390.84 0.00 88.39 86.63 94.37 159.00 375.84 99.11 391.22 384.38 392.68 385.82 380.36 125.06 89.99 91.94 87.60 382.34 84.32 370.30 82.06 89.30 95.18 264.63 85.14 83.19 140.48 348.08 377.36 121.15 94.37 90.05 82.39 129.46 0.00 0.00 375.20 288.99 359.41 247.27 138.04 81.86 89.57 133.27 93.55 81.36 122.52 97.71-9999.00-9999.00-9999.00-9999.00-9999.00-9999.00-9999.00-9999.00-9999.00-9999.00-9999.00-9999.00-9999.00-9999.00-9999.00-9999.00-9999.00-9999.00-9999.00-9999.00 -9999.00-9999.00-9999.00-9999.00-9999.00-9999.00-9999.00-9999.00-9999.00-9999.00-9999.00-9999.00-9999.00-9999.00-9999.00-9999.00-9999.00-9999.00-9999.00-9999.00
211.87 383.79 378.73 155.95 203.38 375.56 140.87 210.36 0.00 0.00 0.00 378.51 89.80 0.00 92.61 385.85 84.71 376.77 140.04 81.53 143.88 82.70 139.72 380.17 377.14 87.28 381.37 383.03 0.00 375.40 90.22 345.34 92.61 129.36 0.00 83.06 89.80 94.31 94.95 95.75 139.76 0.00 384.32 83.63 93.92 380.72 287.03 140.48 83.19-9999.00-9999.00-9999.00-9999.00-9999.00-9999.00-9999.00-9999.00-9999.00-9999.00-9999.00-9999.00-9999.00-9999.00-9999.00-9999.00-9999.00 -9999.00-9999.00-9999.00-9999.00-9999.00-9999.00-9999.00-9999.00-9999.00-9999.00-9999.00-9999.00-9999.00-9999.00-9999.00-9999.00-9999.00-9999.00-9999.00-9999.00-9999.00-9999.00-9999.00-9999.00-9999.00 98.70 81.50 219.33 373.54 86.95 430.46 133.69 85.45 82.49 138.56 97.61
90.66 82.93 122.34 375.49 146.22 83.19 81.53 141.10 377.18 0.00 375.90 146.75 92.65 94.31 91.17 90.65 97.71 0.00 126.69 82.93 92.06 377.01 248.72 82.93 84.13 222.94 374.80-9999.00-9999.00-9999.00-9999.00-9999.00-9999.00-9999.00-9999.00-9999.00-9999.00-9999.00-9999.00-9999.00-9999.00-9999.00-9999.00-9999.00-9999.00-9999.00 -9999.00-9999.00-9999.00-9999.00-9999.00-9999.00-9999.00-9999.00-9999.00-9999.00-9999.00-9999.00-9999.00-9999.00-9999.00-9999.00-9999.00-9999.00-9999.00-9999.00-9999.00-9999.00 95.42 95.46 189.29 378.62 101.41 83.27 101.41 91.59 92.05 134.12 83.44 0.00 0.00 0.00 324.22 0.00 170.93 124.34 108.76 143.95 96.61 98.70 171.54 98.94 206.68 97.97 280.18 102.65 97.97 89.21 86.63 402.13 377.66
381.20 378.21 372.41 314.79 99.22 373.29 134.13 82.70 91.59 0.00 83.33 93.73 144.63 94.73 136.82 93.38-9999.00-9999.00-9999.00-9999.00-9999.00-9999.00-9999.00-9999.00-9999.00-9999.00-9999.00-9999.00-9999.00-9999.00-9999.00-9999.00-9999.00-9999.00-9999.00-9999.00-9999.00-9999.00 -9999.00-9999.00-9999.00-9999.00-9999.00-9999.00-9999.00-9999.00-9999.00-9999.00-9999.00-9999.00-9999.00-9999.00-9999.00-9999.00-9999.00 85.45 195.85 90.58 83.82 97.27 90.11 82.36 201.63 148.07 151.18 383.10 0.00 0.00 139.76 81.07 81.99 376.02 84.24 143.85 372.82 377.21 0.00 370.40 106.02 371.99 375.81 124.34 381.80 179.98 97.11 102.73 361.85 379.09 368.88 150.19 93.36 88.39 87.29 121.34 109.80 131.50 376.83 0.00 383.72
389.16 0.00 81.37 87.60 157.42 94.95-9999.00-9999.00-9999.00-9999.00-9999.00-9999.00-9999.00-9999.00-9999.00-9999.00-9999.00-9999.00-9999.00-9999.00-9999.00-9999.00-9999.00-9999.00-9999.00-9999.00-9999.00-9999.00-9999.00-9999.00 -9999.00-9999.00-9999.00-9999.00-9999.00-9999.00-9999.00-9999.00-9999.00-9999.00-9999.00-9999.00-9999.00-9999.00-9999.00-9999.00-9999.00-9999.00-9999.00 93.10 95.46 98.01 382.85 205.43 100.81 98.33 84.94 84.94 145.95 375.42 88.01 386.00 81.59 83.44 85.73 125.56 380.27 0.00 0.00 281.86 376.53 397.72 371.30 375.48 273.45 376.75 229.70 130.63 379.61 376.49 362.33 382.56 90.58 101.41 85.73 89.65 101.75 375.21 375.72 376.51 376.71 159.58 160.98 0.00 376.60 375.04 375.96 372.69 196.84 375.85 378.30 389.31 196.84
322.57 408.22 108.65 216.02 160.98 377.98 375.63 269.67 328.93 382.72 0.00 0.00 387.50 377.44 329.05 380.97 382.09 0.00 322.55 381.38 217.84 388.79 281.86 156.75 375.44 226.96 110.44 155.16 98.33 83.10 83.63 92.78 89.92 145.87 82.51 380.22 0.00 111.91 383.70 381.22 382.06 82.22 89.80 90.50 83.47 82.39 123.15 379.49 373.95 81.44 139.37 147.44 179.59 82.81 155.57 94.73 89.01 365.93 130.00 91.82-9999.00-9999.00-9999.00-9999.00-9999.00-9999.00-9999.00-9999.00-9999.00-9999.00-9999.00-9999.00-9999.00-9999.00-9999.00-9999.00-9999.00-9999.00-9999.00-9999.00-9999.00-9999.00 -9999.00-9999.00-9999.00-9999.00-9999.00-9999.00-9999.00-9999.00-9999.00-9999.00-9999.00-9999.00-9999.00-9999.00-9999.00-9999.00-9999.00-9999.00-9999.00-9999.00-9999.00-9999.00-9999.00-9999.00-9999.00-9999.00-9999.00-9999.00-9999.00-9999.00-9999.00
375.41 375.63 243.87 375.17 243.87 0.00 327.10 375.33 376.21 0.00 275.80 113.55 276.59 124.54 137.20 177.15 376.82 132.76 89.92 372.73 369.93 113.55 86.24 95.41 94.59 106.44 136.32 109.29 135.33 152.66 380.10 376.26 376.62 173.39 297.79 287.06 376.15 376.15 376.15 0.00 0.00 0.00 331.35 376.73 319.49 0.00 368.91 274.80 377.26 360.14 198.36 231.47 375.73 153.08 375.84 382.15 375.19 95.26 375.94 381.31 110.53
380.28 385.34 87.29-9999.00-9999.00-9999.00-9999.00-9999.00-9999.00-9999.00-9999.00-9999.00-9999.00-9999.00-9999.00-9999.00-9999.00-9999.00-9999.00-9999.00-9999.00-9999.00-9999.00-9999.00-9999.00-9999.00 -9999.00-9999.00-9999.00-9999.00-9999.00-9999.00-9999.00-9999.00-9999.00-9999.00-9999.00-9999.00-9999.00-9999.00-9999.00-9999.00-9999.00-9999.00-9999.00-9999.00-9999.00-9999.00-9999.00-9999.00-9999.00-9999.00-9999.00-9999.00-9999.00-9999.00-9999.00-9999.00-9999.00-9999.00-9999.00-9999.00 157.97 377.50 375.25 376.22 377.64 376.05 376.10 377.92 377.97 378.34 297.79 297.79 0.00 0.00 319.50 375.02 386.10 375.91 301.09 301.09 375.04 377.98 301.11 376.44 301.11 0.00 362.08 99.28 99.43 92.91 99.28 106.36 110.57 88.11 202.58 228.77 129.41 89.51 388.83 89.51 119.45 123.01 92.80 106.31 376.45 132.63 108.34 0.00 385.86 293.96 376.17 91.76 384.26 189.04 0.00 377.11 376.81
375.21 236.25 0.00 382.59 375.23 245.16 375.37 375.33 329.38 173.39 371.67 314.04 375.44 144.85 98.49 92.64 93.58 91.64 82.79 91.32 110.66 106.28 91.75 376.59 95.26 380.38 90.35 97.32 108.58 94.73 83.65 135.41 104.59 378.50 86.51 83.12 85.50 380.60 82.79 127.20 106.94 375.60 116.12-9999.00-9999.00-9999.00-9999.00-9999.00-9999.00-9999.00-9999.00-9999.00-9999.00-9999.00-9999.00-9999.00-9999.00-9999.00-9999.00-9999.00-9999.00-9999.00-9999.00 -9999.00-9999.00-9999.00-9999.00-9999.00-9999.00-9999.00-9999.00-9999.00-9999.00-9999.00-9999.00-9999.00-9999.00-9999.00-9999.00-9999.00-9999.00-9999.00-9999.00-9999.00-9999.00-9999.00-9999.00-9999.00-9999.00-9999.00-9999.00-9999.00-9999.00-9999.00-9999.00-9999.00-9999.00-9999.00-9999.00-9999.00-9999.00-9999.00-9999.00-9999.00-9999.00-9999.00-9999.00-9999.00-9999.00-9999.00 375.62 297.80 0.00 375.27 274.80 375.40 319.50 382.92 0.00 375.04 297.80 375.52 354.10 274.80 375.04 375.03 380.84
297.80 297.79 0.00 297.80 0.00 0.00 297.79 375.13 377.98 375.43 375.25 260.52 324.84 205.79 376.50 375.58 201.98 152.66 213.59 195.83 112.56 399.52 370.27 352.58 96.74 90.35 0.00 89.92 99.02 85.74 103.56 142.36 382.29 90.35 216.48 225.21 94.59 376.09 389.67 386.38 211.33 96.76 96.76 102.50 103.56 382.83 86.81 362.24 411.34 375.66 153.64 95.63-9999.00-9999.00-9999.00-9999.00-9999.00-9999.00-9999.00-9999.00-9999.00-9999.00-9999.00-9999.00-9999.00-9999.00-9999.00-9999.00-9999.00-9999.00 -9999.00-9999.00-9999.00-9999.00-9999.00-9999.00-9999.00-9999.00-9999.00-9999.00-9999.00-9999.00-9999.00-9999.00-9999.00-9999.00-9999.00-9999.00-9999.00-9999.00-9999.00-9999.00-9999.00-9999.00-9999.00-9999.00-9999.00-9999.00-9999.00-9999.00-9999.00-9999.00-9999.00-9999.00-9999.00-9999.00-9999.00-9999.00-9999.00-9999.00-9999.00-9999.00-9999.00-9999.00-9999.00-9999.00-9999.00-9999.00-9999.00-9999.00-9999.00-9999.00-9999.00 375.59 0.00 297.79 375.86 231.41 376.86 280.03 319.50
