蒙特卡罗+CDRMV3/输出数据/2D水深分布/WaterDepthGIS_0156.ASC
ncols         539            
nrows         744            
xllcorner     602630.84259341
yllcorner     3914823.670891 
cellsize      50             
NODATA_value  -9999.00       
[rows 0 to 26 of 32, columns 244 to 304 of 539]
0.00 79.40 82.08 88.44 76.64 76.11 78.50-9999.00-9999.00-9999.00-9999.00-9999.00-9999.00-9999.00-9999.00-9999.00-9999.00-9999.00-9999.00-9999.00 -9999.00-9999.00-9999.00-9999.00-9999.00-9999.00-9999.00-9999.00-9999.00 93.70 86.68 375.39 333.74 81.46 381.43 432.10 80.12 86.64 335.23 143.40 84.46-9999.00-9999.00-9999.00-9999.00-9999.00-9999.00-9999.00-9999.00-9999.00-9999.00-9999.00-9999.00-9999.00-9999.00-9999.00-9999.00-9999.00-9999.00-9999.00-9999.00-9999.00-9999.00-9999.00-9999.00-9999.00-9999.00-9999.00-9999.00-9999.00-9999.00-9999.00-9999.00-9999.00-9999.00-9999.00-9999.00-9999.00-9999.00-9999.00-9999.00-9999.00-9999.00-9999.00-9999.00-9999.00-9999.00-9999.00-9999.00-9999.00-9999.00-9999.00-9999.00-9999.00-9999.00-9999.00-9999.00-9999.00-9999.00-9999.00-9999.00-9999.00-9999.00-9999.00-9999.00-9999.00-9999.00-9999.00-9999.00-9999.00-9999.00-9999.00-9999.00-9999.00-9999.00-9999.00-9999.00-9999.00-9999.00-9999.00-9999.00-9999.00-9999.00-9999.00-9999.00-9999.00-9999.00-9999.00-9999.00-9999.00-9999.00 75.02 82.22 90.86 76.28 179.96 75.02 74.72 299.63 85.16 75.25 83.50 73.63 111.46 377.06 0.00 166.72 73.62 74.63 76.64 115.60 139.14 83.62-9999.00-9999.00-9999.00-9999.00-9999.00-9999.00-9999.00-9999.00-9999.00-9999.00-9999.00-9999.00 -9999.00-9999.00-9999.00-9999.00-9999.00-9999.00-9999.00-9999.00-9999.00 88.16 376.16 96.59 120.69 375.87 96.59 378.99 0.00 77.93 376.04 214.68 85.26 74.86-9999.00-9999.00-9999.00-9999.00-9999.00-9999.00-9999.00-9999.00-9999.00-9999.00-9999.00-9999.00-9999.00-9999.00-9999.00-9999.00-9999.00-9999.00-9999.00-9999.00-9999.00-9999.00-9999.00-9999.00-9999.00-9999.00-9999.00-9999.00-9999.00-9999.00-9999.00-9999.00-9999.00-9999.00-9999.00-9999.00-9999.00-9999.00-9999.00-9999.00-9999.00-9999.00-9999.00-9999.00-9999.00-9999.00-9999.00-9999.00-9999.00-9999.00-9999.00-9999.00-9999.00-9999.00-9999.00-9999.00-9999.00-9999.00-9999.00-9999.00-9999.00-9999.00-9999.00-9999.00-9999.00-9999.00-9999.00-9999.00-9999.00-9999.00-9999.00-9999.00-9999.00-9999.00-9999.00-9999.00-9999.00-9999.00-9999.00-9999.00-9999.00-9999.00-9999.00-9999.00-9999.00-9999.00-9999.00-9999.00 77.71 170.32 112.79 82.97 107.54
377.25 393.23 306.80 79.40 88.97-9999.00-9999.00-9999.00-9999.00-9999.00-9999.00-9999.00 77.71 83.07 75.79 82.29 81.64 378.82 157.92 378.42 76.45 136.44 377.51 87.71 92.05 373.86 88.70 381.28 73.96 77.96 365.01 75.13 73.70 74.38 73.83 74.38 280.73 0.00 376.19 135.57 74.81 113.74 74.01 353.49 144.05 194.75 77.25 82.60 115.32 375.99 370.72 376.82 0.00 76.45 84.56 0.00 97.99 95.39 80.82 78.50 87.71 362.60 87.55-9999.00-9999.00-9999.00 -9999.00-9999.00-9999.00-9999.00-9999.00-9999.00-9999.00-9999.00-9999.00-9999.00-9999.00-9999.00-9999.00-9999.00 81.42 80.31 120.61 85.34
83.50 176.95 75.79 156.37 83.01 359.32 78.78 184.83 382.06 75.65 382.43 76.11 380.57 168.83 74.24 90.51 84.54 75.13 75.13 382.76 90.17 80.08 0.00 121.48 84.56 85.50 76.45 85.33 74.31 380.28 74.81 143.98 81.95 90.51 82.78 83.28 77.71 73.76 378.49 114.21 75.02 82.08 84.84 115.51 131.00 81.25 73.76 284.86 75.79 75.38 74.46 0.00 360.25 81.22 121.07 115.71 116.61 75.51 171.16 113.58 117.63
0.00 0.00 0.00 0.00 143.34 140.24 74.01 84.40 93.90 75.79 86.43 73.87 377.72 0.00 376.79 0.00 93.66 91.48 181.07 107.99 92.91 377.78 75.79 230.72 337.55 85.69-9999.00-9999.00-9999.00-9999.00-9999.00-9999.00 -9999.00-9999.00-9999.00-9999.00-9999.00-9999.00-9999.00-9999.00-9999.00-9999.00-9999.00-9999.00 93.70 94.21 77.93 85.26 83.42 72.84 112.91 0.00 72.29 72.98 72.56 0.00 72.23 73.31 314.71 82.05 74.53 382.04 377.25 186.09 74.10-9999.00-9999.00-9999.00 77.93 80.99 274.85 85.70 77.32 144.37 387.88 94.82 87.26 137.36 107.54 377.24 377.27
81.42 75.82 83.75 82.05 74.24 80.90 93.70 81.94 91.95 380.34 78.59 313.18 380.17 81.94 378.95 76.77 154.70 73.31 378.47 73.31 313.81 115.14 0.00 378.84 78.78 94.40 151.20 95.95 139.07 116.96 268.21 89.25 73.87 283.61 0.00 75.25 92.05 121.53 0.00 379.57 112.43 76.83 75.13 376.10 77.48 80.82 112.97 377.45 379.10 91.48 0.00 74.06 88.44 84.40 142.00 122.58 73.96 116.63 0.00 367.80 267.78
85.48 81.94 80.54 372.35 292.32 77.04 79.32 155.55 79.71 0.00 365.16 131.12 75.38 87.49 128.26 73.66 375.64 370.95 74.06 75.25 379.62 0.00 73.96 73.57 365.56 0.00 111.63 85.12 85.00 143.43 84.40 73.79 377.59 116.65 75.51 195.99 126.37 0.00 112.53 76.83 74.24 112.99 0.00 74.54 85.33 87.71 295.29 75.38 86.63 76.11 78.78 134.70 203.54 385.08 189.21 158.11 80.08 86.63 83.17 81.22 83.50
76.52 82.17 77.32 82.69 134.14 312.96 82.97 78.25 0.00 110.40 128.83 75.82 77.32 382.92 75.61 87.71 74.63 116.65 381.81 143.34 126.35 74.17 179.90 0.00 0.00 117.95 73.62 73.96 73.76 141.39 378.99 74.38 73.79 111.48 361.21 376.28 80.44 0.00 73.70 86.04 74.17 0.00 254.88 73.91 75.25 374.45 136.05 75.38 79.73 141.83 228.36 378.54 195.49 0.00 385.41 378.89 378.00 382.96 131.23 85.69 76.11
375.41 378.30 73.41 83.12 73.62 0.00 85.34 74.38 381.44 381.82 192.71 73.85 83.75 95.23 77.32 72.72 156.58 76.11 116.98 84.54 87.95 81.22 112.74 0.00 381.71 74.54 85.86 133.70 85.33 82.97 82.22 74.38 111.80 151.79 179.02 0.00 73.96 79.08 0.00 175.36 112.28 75.51 77.48 86.91 88.97 86.83 132.10 73.79 115.71 177.51 369.83 0.00 73.83 116.08 82.97 83.39 82.60 85.12 167.10 84.69 81.21
79.92 80.12 76.83 379.16 379.71 0.00 376.99 371.80 379.61 375.67 74.31 81.22 328.85 73.87 256.92 75.38 177.30 76.28 0.00 348.67 74.91 165.68 83.74 378.03 74.31 87.49 75.79 138.98 328.18 377.55 75.13 116.97 83.39 76.28 117.10 0.00 74.46 77.96 180.31 73.83 89.54 375.80 118.55 75.95 250.28 94.82 0.00 112.17 74.01 86.04 74.06 119.19 0.00 124.35 87.95 73.76 76.11 243.26 0.00 87.55 84.12
86.23 117.27 74.46 124.36 186.25 90.86 76.28 117.43 0.00 125.96 115.39 84.84 85.86 157.76 126.72 0.00 301.71 116.64 77.96 209.10 82.15 83.28 73.91 199.90 377.26 379.86 153.56 76.83 139.94 0.00 0.00 0.00 328.82 240.54 75.02 150.63 74.11 130.75 376.50 0.00 391.78 387.29 136.29 80.94 210.58 115.21 74.01 82.69 82.52 120.81 358.43 213.71 75.38 339.84 356.65 375.50 75.79-9999.00-9999.00-9999.00-9999.00-9999.00-9999.00-9999.00-9999.00 -9999.00-9999.00-9999.00-9999.00-9999.00-9999.00-9999.00-9999.00-9999.00-9999.00 83.92 87.16 72.19
374.43 378.34 385.14 103.84 89.25 85.12 383.31 0.00 101.78 0.00 376.09 204.71 381.64 171.95 0.00 0.00 303.67 77.71 77.25 0.00 122.23 74.17 82.44 92.94 76.28 89.85 84.12 77.48 87.05-9999.00-9999.00-9999.00-9999.00-9999.00-9999.00-9999.00-9999.00-9999.00 -9999.00-9999.00-9999.00-9999.00-9999.00-9999.00-9999.00-9999.00-9999.00-9999.00 72.44 148.65 0.00 297.66 72.27 179.02 77.04 73.73 359.92 0.00 128.21 73.22 72.66 145.48 178.85 0.00 371.81 225.26 146.40 126.68 79.71 75.41 380.58 122.54 77.32 91.27 97.79 78.95 72.84 375.76 74.10
0.00 72.26 80.43 77.32 0.00 73.85 83.75 76.04 73.31 73.06 145.93 0.00 0.00 72.84 240.55 74.53 88.62 78.25 384.74 375.46 378.33 73.85 72.91 75.82 380.05 72.31 81.15 73.51 0.00 111.21 75.61 87.16 80.07 181.68 85.26 83.12 377.20 72.98 377.58 72.32 143.06 201.78 78.25 0.00 72.78 85.05 83.42 73.73 140.84 86.40 182.39 74.46 123.59 407.82 75.25 0.00 379.37 171.51 120.67 84.02 75.60
73.14 109.25 0.00 119.97 72.98 84.85 90.42 72.29 75.82 235.19 378.53 73.14 295.30 0.00 82.53 337.07 87.71 378.09 87.45 87.51 372.40 180.53 0.00 76.28 83.17 74.24 381.74 82.07 280.94 77.96 81.64 377.21 75.13 73.68 0.00 116.06 261.48 0.00 361.27 79.40 80.08 79.08 373.96 79.73 81.90 74.91 383.14 81.22 87.71 97.00 105.51 384.00 101.36 98.60 92.53 387.21 234.16 376.56 378.33 370.46 0.00
76.11 357.29 80.08 390.48 85.12 114.66 75.65 76.11 349.20 378.47 0.00 375.66 155.03 0.00 0.00 0.00 77.82 93.57 89.43 0.00 348.48 93.66 0.00 378.06 379.71 74.81 89.25 133.13 77.71 321.99 83.50-9999.00-9999.00-9999.00-9999.00-9999.00-9999.00-9999.00-9999.00-9999.00-9999.00-9999.00-9999.00-9999.00-9999.00 -9999.00-9999.00-9999.00-9999.00-9999.00-9999.00-9999.00-9999.00-9999.00-9999.00-9999.00 80.54 170.22 88.31 77.04 83.54 376.45 73.85 379.25 72.21 142.04 368.97 0.00 144.75 162.54 111.57 80.90 81.42 80.90 73.06 76.52 130.81 0.00 0.00 76.52 72.98 189.45 81.52 72.37 0.00
72.37 159.23 74.10 79.92 75.61 0.00 162.47 101.93 123.16 276.98 73.14 72.37 157.11 73.62 77.04 72.25 0.00 197.88 72.26 83.92 163.26 81.83 86.90 74.10 177.38 81.33 289.51 126.21 376.41 73.31 220.56 87.55 0.00 421.56 392.26 395.34 386.73 384.94 104.18 377.65 359.15 78.50 85.86 76.28 77.25 92.73 85.69 414.79 398.69 379.26 347.52 83.50 376.75 74.17 82.07 73.66 74.91 82.22 81.90 73.96 74.01
126.84 377.61 376.41 117.62 79.73 90.86-9999.00-9999.00-9999.00-9999.00-9999.00-9999.00-9999.00-9999.00-9999.00-9999.00-9999.00-9999.00-9999.00-9999.00-9999.00-9999.00-9999.00-9999.00 -9999.00-9999.00-9999.00-9999.00-9999.00-9999.00-9999.00-9999.00-9999.00-9999.00-9999.00-9999.00-9999.00-9999.00-9999.00-9999.00-9999.00 81.46 382.96 375.98 343.69 75.21 72.78 73.73 75.82 0.00 201.74 78.25 82.05 76.27 81.06 169.02 239.19 72.78 377.27 351.15 0.00 0.00 0.00 121.53 75.61 80.61 75.61 78.25 0.00 151.40 72.91 140.12 116.63 72.56 81.83 76.52 128.92 252.90 375.97 377.62 0.00 356.49 116.25 157.48 82.45 78.95 74.53 178.19 346.24 377.46 375.24 0.00 0.00 377.11 362.50
133.07 376.44 0.00 127.14 86.29 102.47 288.15 85.12 384.80 379.95 380.83 74.72 73.68 81.06 81.68 81.21 81.51 81.33 90.51-9999.00-9999.00-9999.00-9999.00-9999.00-9999.00-9999.00-9999.00-9999.00-9999.00-9999.00-9999.00-9999.00-9999.00-9999.00-9999.00-9999.00-9999.00-9999.00 -9999.00-9999.00-9999.00-9999.00-9999.00-9999.00-9999.00-9999.00-9999.00-9999.00-9999.00-9999.00-9999.00-9999.00-9999.00-9999.00-9999.00-9999.00 85.34 80.54 88.62 90.42 80.12 73.41 0.00 139.59 77.32 77.32 91.27 80.43 136.25 164.14 140.46 73.97 75.03 120.05 79.75 72.20 0.00 94.30 212.60 162.62 117.38 78.59 86.46 74.53 124.04 382.46 379.75 76.52 85.48 86.64 72.26 89.29 81.42 117.43 366.72 375.64 0.00
220.02 0.00 379.97 113.95 74.17 82.22 82.78 295.70 131.33 111.41 74.31 84.84 83.74 77.71-9999.00-9999.00-9999.00-9999.00-9999.00-9999.00-9999.00-9999.00-9999.00-9999.00-9999.00-9999.00-9999.00-9999.00-9999.00-9999.00-9999.00-9999.00-9999.00-9999.00-9999.00 -9999.00-9999.00-9999.00-9999.00-9999.00-9999.00-9999.00-9999.00-9999.00-9999.00-9999.00-9999.00-9999.00-9999.00-9999.00-9999.00-9999.00-9999.00-9999.00 80.99 129.79 380.27 413.23 317.47 142.55 88.95 331.60 89.65 343.06 109.62 79.99 74.10 109.31 357.45 379.24 0.00 220.22 73.41 79.79 84.28 75.41 116.04 0.00 120.62 73.62 73.22 191.76 124.74 201.02 142.93 90.83 378.36 73.62 75.21 370.63 139.35 94.30 375.43 121.52 0.00 344.75 73.97 73.62 84.65 99.44
380.65 379.67 355.42 73.76 179.40 78.78-9999.00-9999.00-9999.00-9999.00-9999.00-9999.00-9999.00-9999.00-9999.00-9999.00-9999.00-9999.00-9999.00-9999.00-9999.00-9999.00-9999.00 -9999.00-9999.00-9999.00-9999.00-9999.00-9999.00-9999.00-9999.00-9999.00-9999.00-9999.00-9999.00-9999.00-9999.00-9999.00-9999.00-9999.00-9999.00-9999.00-9999.00-9999.00-9999.00-9999.00-9999.00-9999.00 82.45 264.37 75.21 270.64 76.52 78.59 382.00 120.96 133.35 154.02 73.06 123.67 0.00 0.00 0.00 0.00 0.00 328.94 84.71 72.91 85.99 378.65 0.00 0.00 376.08 292.25 355.80 356.06 269.12 307.46 378.76 297.56 91.95 333.79 110.30 78.69 94.41 84.01 78.59 80.54 376.57 113.96 75.41 180.66 375.82 398.17 80.12 345.39 78.25 77.97 0.00 376.84 167.72 382.19
0.00 0.00 377.62 119.76 136.14 157.51 92.68 305.15 379.83 83.54 378.20 84.11 96.59 95.23 90.42 93.11 0.00 0.00 126.41 0.00 287.82 375.36 86.67 81.61 123.87 91.51 377.26 383.43 91.95 154.83 86.64 78.95 334.81 101.93 75.41 77.32 164.25 140.32 376.32 0.00 167.72 376.97 304.90 214.57 282.97 179.53 344.68 375.95 378.12 191.55 81.64 78.78 350.81 74.31 76.64 83.50 378.67 358.16 74.01 82.36 158.74
96.73 294.40 377.35 379.98 385.19 108.16 264.86 331.10 87.40 103.31 124.09 90.87 342.82 0.00 167.72 375.53 375.89 375.23 76.27 91.95 217.67 86.68 90.83 245.76 87.40 78.25 125.54 317.75 378.08 130.81 0.00 376.38 240.68 375.90 355.23 236.19 357.46 387.21 236.26 384.45 102.46 107.82 85.34 0.00 97.99 76.64 89.54 86.23 84.02 159.91 76.11 92.53 321.93 339.13 74.91 83.62 376.77 81.95 74.91 0.00 0.00
237.15 347.32 97.75 168.22 95.46 376.36 375.43 264.27 205.13 0.00 381.85 77.04 75.61 88.16 378.43 218.68 352.87 145.42 161.51 99.14 380.58 376.16 218.81 199.68 0.00 375.41 214.57 375.14 315.50 0.00 0.00 264.30 0.00 390.74 376.82 206.49 108.51 124.09 74.38 82.53 218.19 79.08 100.55 230.15 382.47 81.64 231.67 0.00 375.57 144.45 80.08 168.21 126.32 374.47 115.41 73.57 135.78 377.58 74.63 87.26 88.70
74.54 143.52 380.96 0.00 79.08 87.05 161.32 81.90 82.29 80.44 115.56 112.21 383.75 355.15 376.72 268.71 249.92 75.95 252.39 123.67 236.86 86.23 114.64 73.91 354.56 77.25-9999.00-9999.00-9999.00-9999.00-9999.00-9999.00-9999.00-9999.00-9999.00-9999.00-9999.00-9999.00-9999.00-9999.00-9999.00-9999.00-9999.00-9999.00-9999.00-9999.00-9999.00-9999.00 -9999.00-9999.00-9999.00-9999.00-9999.00-9999.00-9999.00-9999.00-9999.00-9999.00-9999.00-9999.00-9999.00-9999.00-9999.00-9999.00-9999.00-9999.00-9999.00-9999.00-9999.00-9999.00-9999.00-9999.00-9999.00-9999.00-9999.00-9999.00-9999.00 82.45 80.99 159.86 377.17 370.41 73.85 378.07 379.16 167.72 350.91 375.85 383.29 0.00 326.42 377.84 375.54 113.16 190.94 321.03 0.00 214.57 307.79 112.58 374.47 92.69 89.31 84.77 89.42 92.68 86.40 84.02 86.32 92.69 80.99
375.36 295.23 352.00 250.81 336.12 375.01 0.00 224.36 0.00 321.57 314.42 376.66 314.42 0.00 376.89 364.99 250.81 336.50 375.36 187.77 377.79 381.89 378.08 115.15 126.85 89.02 381.43 92.35 375.41 124.56 84.19 159.26 116.62 73.08 75.06 74.40 81.61 81.25 82.97 76.45 73.79 111.91 111.48 73.73 158.86 84.26 298.41 84.74 89.85 375.24 375.34 100.13-9999.00-9999.00-9999.00-9999.00-9999.00-9999.00-9999.00-9999.00-9999.00-9999.00-9999.00-9999.00-9999.00-9999.00-9999.00-9999.00-9999.00-9999.00-9999.00-9999.00-9999.00 -9999.00-9999.00-9999.00-9999.00-9999.00-9999.00-9999.00-9999.00-9999.00-9999.00-9999.00-9999.00-9999.00-9999.00-9999.00-9999.00-9999.00-9999.00-9999.00-9999.00-9999.00-9999.00-9999.00-9999.00-9999.00-9999.00-9999.00-9999.00-9999.00-9999.00-9999.00 130.81 87.40 88.16 230.42 375.93 380.81 243.68 368.88
382.57 255.80 298.54 385.94 398.04 375.12 102.97 261.63 394.63 306.16 106.79 97.62 376.79 380.14 95.37 377.91 381.50 81.70 134.85 120.45 375.35 94.64 375.18 113.68 375.43 0.00 375.58 375.43 378.82 79.38 100.90 191.65 375.93 375.43 104.73 102.79 119.46 88.30 89.44 382.00 401.69 116.40 84.30 76.09 118.23 378.44 73.37 376.18 145.79 100.90 92.66 83.73 385.88 379.02 315.24 74.77 78.95 244.61 378.78 80.41 84.30
82.44 75.06 84.02 98.72 86.14 378.29 80.82 360.92 80.02 119.41 235.28 95.37 77.74 89.49 305.46 353.75 120.81 85.06 131.32 81.39 77.02 365.18 75.98 82.63-9999.00-9999.00-9999.00-9999.00-9999.00-9999.00-9999.00-9999.00-9999.00-9999.00-9999.00-9999.00-9999.00-9999.00-9999.00-9999.00-9999.00-9999.00-9999.00-9999.00 -9999.00-9999.00-9999.00-9999.00-9999.00-9999.00-9999.00-9999.00-9999.00-9999.00-9999.00-9999.00-9999.00-9999.00-9999.00-9999.00-9999.00-9999.00-9999.00-9999.00-9999.00-9999.00-9999.00-9999.00-9999.00-9999.00-9999.00-9999.00-9999.00-9999.00-9999.00-9999.00-9999.00-9999.00-9999.00-9999.00-9999.00-9999.00-9999.00-9999.00-9999.00-9999.00-9999.00-9999.00-9999.00-9999.00 375.28 375.12 0.00 295.23 375.91 316.10 305.99 375.11 250.81 0.00 375.00 295.24 375.41 295.23 375.00 375.00 377.09 375.00 0.00 250.81 295.23 377.04 295.23 376.15 377.66 377.19 377.18 379.39 255.80 298.54 377.75 0.00 0.00 375.21 375.21 375.58
79.01 107.46 92.11 93.66 93.81 376.20 306.91 80.17 83.57 141.93 83.73 94.11 0.00 78.32 187.80 83.73 89.82 378.97 78.02 146.78 73.16 85.85 135.07 383.66 89.02 381.39 348.66 388.09 201.35 91.78 379.45 95.34 124.75 77.80 377.36 221.59 79.58-9999.00-9999.00-9999.00-9999.00-9999.00-9999.00-9999.00-9999.00-9999.00-9999.00-9999.00-9999.00-9999.00-9999.00-9999.00-9999.00-9999.00-9999.00 -9999.00-9999.00-9999.00-9999.00-9999.00-9999.00-9999.00-9999.00-9999.00-9999.00-9999.00-9999.00-9999.00-9999.00-9999.00-9999.00-9999.00-9999.00-9999.00-9999.00-9999.00-9999.00-9999.00-9999.00-9999.00-9999.00-9999.00-9999.00-9999.00-9999.00-9999.00-9999.00-9999.00-9999.00-9999.00-9999.00-9999.00-9999.00-9999.00-9999.00-9999.00-9999.00-9999.00-9999.00-9999.00-9999.00-9999.00-9999.00-9999.00-9999.00-9999.00-9999.00 375.31 250.81 0.00 377.03 295.23 319.77 324.44 275.87 229.01 0.00 380.89 295.23 0.00 375.86 295.23 0.00 0.00 295.23 295.24 375.31 295.23 375.52 375.20
