蒙特卡罗+CDRMV3/输出数据/2D水深分布/WaterDepthGIS_0145.ASC
ncols         539            
nrows         744            
xllcorner     602630.84259341
yllcorner     3914823.670891 
cellsize      50             
NODATA_value  -9999.00       
[rows 0 to 26 of 32, columns 61 to 121 of 539]
77.67-9999.00-9999.00-9999.00-9999.00-9999.00-9999.00-9999.00-9999.00-9999.00-9999.00-9999.00-9999.00-9999.00-9999.00-9999.00-9999.00 -9999.00-9999.00-9999.00-9999.00-9999.00-9999.00-9999.00-9999.00-9999.00-9999.00-9999.00-9999.00-9999.00-9999.00-9999.00-9999.00-9999.00-9999.00-9999.00-9999.00-9999.00-9999.00-9999.00-9999.00-9999.00-9999.00-9999.00-9999.00-9999.00-9999.00-9999.00-9999.00-9999.00-9999.00-9999.00-9999.00-9999.00-9999.00-9999.00-9999.00-9999.00-9999.00-9999.00-9999.00-9999.00-9999.00-9999.00-9999.00-9999.00-9999.00-9999.00-9999.00-9999.00-9999.00-9999.00-9999.00-9999.00-9999.00-9999.00-9999.00-9999.00-9999.00-9999.00-9999.00-9999.00-9999.00-9999.00-9999.00-9999.00-9999.00-9999.00-9999.00-9999.00-9999.00-9999.00-9999.00-9999.00-9999.00-9999.00-9999.00-9999.00-9999.00-9999.00-9999.00-9999.00-9999.00-9999.00-9999.00-9999.00-9999.00-9999.00-9999.00-9999.00-9999.00-9999.00-9999.00-9999.00-9999.00-9999.00-9999.00-9999.00-9999.00-9999.00-9999.00-9999.00-9999.00-9999.00-9999.00-9999.00-9999.00-9999.00-9999.00-9999.00-9999.00-9999.00-9999.00-9999.00-9999.00-9999.00-9999.00 88.61 93.01 77.63 382.16 92.49 381.06 138.46 77.77 78.35 89.85-9999.00-9999.00-9999.00-9999.00-9999.00-9999.00-9999.00-9999.00-9999.00-9999.00-9999.00-9999.00-9999.00-9999.00-9999.00 -9999.00-9999.00-9999.00-9999.00-9999.00-9999.00-9999.00-9999.00-9999.00-9999.00-9999.00-9999.00-9999.00-9999.00-9999.00-9999.00-9999.00-9999.00-9999.00-9999.00-9999.00-9999.00-9999.00-9999.00-9999.00-9999.00-9999.00-9999.00-9999.00-9999.00-9999.00-9999.00-9999.00-9999.00-9999.00-9999.00-9999.00-9999.00-9999.00-9999.00-9999.00-9999.00-9999.00-9999.00-9999.00-9999.00-9999.00-9999.00-9999.00-9999.00-9999.00-9999.00-9999.00-9999.00-9999.00-9999.00-9999.00-9999.00-9999.00-9999.00-9999.00-9999.00-9999.00-9999.00-9999.00-9999.00-9999.00-9999.00-9999.00-9999.00-9999.00-9999.00-9999.00-9999.00-9999.00-9999.00-9999.00-9999.00-9999.00-9999.00-9999.00-9999.00-9999.00-9999.00-9999.00-9999.00-9999.00-9999.00-9999.00-9999.00-9999.00-9999.00-9999.00-9999.00-9999.00-9999.00-9999.00-9999.00-9999.00-9999.00-9999.00-9999.00-9999.00-9999.00-9999.00-9999.00-9999.00-9999.00-9999.00-9999.00-9999.00-9999.00-9999.00-9999.00-9999.00-9999.00-9999.00-9999.00-9999.00 85.35 77.90 89.68 78.05 385.76 380.18 89.35 101.13 81.67 164.24 167.94 99.91-9999.00-9999.00-9999.00-9999.00-9999.00-9999.00-9999.00-9999.00-9999.00-9999.00-9999.00-9999.00-9999.00-9999.00 -9999.00-9999.00-9999.00-9999.00-9999.00-9999.00-9999.00-9999.00-9999.00-9999.00-9999.00-9999.00-9999.00-9999.00-9999.00-9999.00-9999.00-9999.00-9999.00-9999.00-9999.00-9999.00-9999.00-9999.00-9999.00-9999.00-9999.00-9999.00-9999.00-9999.00-9999.00-9999.00-9999.00-9999.00-9999.00-9999.00-9999.00-9999.00-9999.00-9999.00-9999.00-9999.00-9999.00-9999.00-9999.00-9999.00-9999.00-9999.00-9999.00-9999.00-9999.00-9999.00-9999.00-9999.00-9999.00-9999.00-9999.00-9999.00-9999.00-9999.00-9999.00-9999.00-9999.00-9999.00-9999.00-9999.00-9999.00-9999.00-9999.00-9999.00-9999.00-9999.00-9999.00-9999.00-9999.00-9999.00-9999.00-9999.00-9999.00-9999.00-9999.00-9999.00-9999.00-9999.00-9999.00-9999.00-9999.00-9999.00-9999.00-9999.00-9999.00-9999.00-9999.00-9999.00-9999.00-9999.00-9999.00-9999.00-9999.00-9999.00-9999.00-9999.00-9999.00-9999.00-9999.00-9999.00-9999.00-9999.00-9999.00-9999.00-9999.00-9999.00-9999.00-9999.00-9999.00-9999.00-9999.00-9999.00-9999.00 77.50 197.04 78.82 132.70 78.71 0.00 77.90 80.21 379.68 281.51 117.28 96.07-9999.00-9999.00-9999.00-9999.00-9999.00-9999.00-9999.00-9999.00-9999.00-9999.00-9999.00-9999.00-9999.00-9999.00 -9999.00-9999.00-9999.00-9999.00-9999.00-9999.00-9999.00-9999.00-9999.00-9999.00-9999.00-9999.00-9999.00-9999.00-9999.00-9999.00-9999.00-9999.00-9999.00-9999.00-9999.00-9999.00-9999.00-9999.00-9999.00-9999.00-9999.00-9999.00-9999.00-9999.00-9999.00-9999.00-9999.00-9999.00-9999.00-9999.00-9999.00-9999.00-9999.00-9999.00-9999.00-9999.00-9999.00-9999.00-9999.00-9999.00-9999.00-9999.00-9999.00-9999.00-9999.00-9999.00-9999.00-9999.00-9999.00-9999.00-9999.00-9999.00-9999.00-9999.00-9999.00-9999.00-9999.00-9999.00-9999.00-9999.00-9999.00-9999.00-9999.00-9999.00-9999.00-9999.00-9999.00-9999.00-9999.00-9999.00-9999.00-9999.00-9999.00-9999.00-9999.00-9999.00-9999.00-9999.00-9999.00-9999.00-9999.00-9999.00-9999.00-9999.00-9999.00-9999.00-9999.00-9999.00-9999.00-9999.00-9999.00-9999.00-9999.00-9999.00-9999.00-9999.00-9999.00-9999.00-9999.00-9999.00-9999.00-9999.00-9999.00-9999.00-9999.00-9999.00-9999.00-9999.00-9999.00-9999.00-9999.00-9999.00 86.23 77.56 116.33 376.70 97.46 81.43 0.00 77.77 376.52 86.79 87.04 87.97 98.27-9999.00-9999.00-9999.00-9999.00-9999.00-9999.00-9999.00-9999.00-9999.00-9999.00-9999.00-9999.00-9999.00-9999.00 -9999.00-9999.00-9999.00-9999.00-9999.00-9999.00-9999.00-9999.00-9999.00-9999.00-9999.00-9999.00-9999.00-9999.00-9999.00-9999.00-9999.00-9999.00-9999.00-9999.00-9999.00-9999.00-9999.00-9999.00-9999.00-9999.00-9999.00-9999.00-9999.00-9999.00-9999.00-9999.00-9999.00-9999.00-9999.00-9999.00-9999.00-9999.00-9999.00-9999.00-9999.00-9999.00-9999.00-9999.00-9999.00-9999.00-9999.00-9999.00-9999.00-9999.00-9999.00-9999.00-9999.00-9999.00-9999.00-9999.00-9999.00-9999.00-9999.00-9999.00-9999.00-9999.00-9999.00-9999.00-9999.00-9999.00-9999.00-9999.00-9999.00-9999.00-9999.00-9999.00-9999.00-9999.00-9999.00-9999.00-9999.00-9999.00-9999.00-9999.00-9999.00-9999.00-9999.00-9999.00-9999.00-9999.00-9999.00-9999.00-9999.00-9999.00-9999.00-9999.00-9999.00-9999.00-9999.00-9999.00-9999.00-9999.00-9999.00-9999.00-9999.00-9999.00-9999.00-9999.00-9999.00-9999.00-9999.00-9999.00-9999.00-9999.00-9999.00-9999.00-9999.00-9999.00-9999.00-9999.00-9999.00 80.39 86.17 119.34 177.68 82.18 366.47 0.00 0.00
79.04 118.52 273.34 378.31 81.43 79.16 376.20 103.77 0.00 78.35 88.47 96.22 80.03 398.93 377.68 412.87 79.57 379.94 140.57 79.71-9999.00-9999.00-9999.00 -9999.00-9999.00-9999.00-9999.00-9999.00-9999.00-9999.00-9999.00-9999.00-9999.00-9999.00-9999.00-9999.00-9999.00-9999.00 79.21 264.75 87.40 80.95 115.55 0.00 330.33 178.28 79.71-9999.00-9999.00-9999.00-9999.00-9999.00-9999.00-9999.00-9999.00-9999.00-9999.00-9999.00-9999.00-9999.00-9999.00-9999.00-9999.00-9999.00-9999.00-9999.00-9999.00-9999.00-9999.00-9999.00-9999.00-9999.00-9999.00-9999.00-9999.00-9999.00-9999.00-9999.00-9999.00-9999.00-9999.00-9999.00-9999.00-9999.00-9999.00-9999.00-9999.00-9999.00-9999.00-9999.00-9999.00-9999.00-9999.00-9999.00-9999.00-9999.00-9999.00-9999.00-9999.00 83.03 83.03 377.51 378.47 93.31 90.22 91.76 81.43-9999.00-9999.00-9999.00-9999.00-9999.00-9999.00-9999.00-9999.00 78.07 134.31 376.21 300.27 84.73 359.91 125.71 81.43 378.74 298.15 79.71 231.71 120.92 88.34 210.07 286.33 79.16 83.03 78.35 133.02 121.31 119.32 0.00
113.78 90.60 82.18 379.83 152.26 82.45-9999.00 80.39 171.94 78.28 332.36 79.57 86.07 77.85 383.94 81.67 165.94 99.84 93.31 86.29 87.63 77.85 194.72 86.35 0.00 123.72 78.07 78.52 338.29 78.44 0.00 0.00 0.00 82.45 79.71 79.04 0.00 377.36 317.11 0.00 0.00 0.00 0.00 0.00 0.00 0.00 123.76 85.51 91.46 241.86 0.00 377.96 377.17 97.08 145.65 80.98 212.45 91.46 91.69-9999.00-9999.00-9999.00-9999.00-9999.00 -9999.00-9999.00-9999.00-9999.00-9999.00-9999.00-9999.00-9999.00-9999.00-9999.00-9999.00-9999.00 78.91 260.23
215.19 377.89 90.60 91.02 96.07 80.03 379.18 149.34 91.69 88.47 375.59 0.00 145.20 91.09 89.87 78.62 374.54 83.67 377.43 80.58 212.99 0.00 375.75 181.10 78.35 87.13 77.50 78.14 144.05 376.30 0.00 192.17 248.44 142.47 78.44 91.69 87.22 86.35 81.20 77.63 133.37 122.98 84.36 117.76 380.56 80.39 79.42 143.80 89.68 90.41 91.02 155.30 86.36 80.39 87.42 87.63 200.91 81.20 119.47 119.47 120.18
90.41 86.71 117.29 116.65 390.35 79.42 97.05 93.31 87.04 77.63 82.45 0.00 0.00 85.11 171.00 379.86 84.36 375.81 129.84 78.01 86.87 155.44 379.92 77.49 77.90 88.61 79.29 133.26 146.42 361.17 377.32 157.60 88.24 373.13 0.00 100.88 383.03 380.00 89.35 378.61 93.27 99.45-9999.00-9999.00-9999.00-9999.00-9999.00-9999.00-9999.00-9999.00-9999.00-9999.00-9999.00 -9999.00-9999.00-9999.00-9999.00-9999.00-9999.00-9999.00-9999.00-9999.00-9999.00 97.84 376.31 94.14 163.07 372.29 78.64 234.50 77.65 383.18 84.69 0.00 85.52 77.58 77.11 155.29 77.98 77.58 168.64
85.54 151.35 77.66 382.74 0.00 0.00 113.78 94.14 120.28 389.95 383.03 90.46 380.67 378.57 144.27 80.58 92.19-9999.00-9999.00-9999.00-9999.00-9999.00-9999.00-9999.00-9999.00-9999.00 -9999.00-9999.00-9999.00-9999.00 91.65 79.71 329.01 78.64 105.00 376.88 80.95 88.51 87.37 83.57 275.10 376.07 84.69 115.83 146.55 198.05 0.00 80.29 86.29 377.57 313.22 375.67 78.52 90.41 285.65 282.53 87.12 377.43 95.67 91.11 93.25 389.30 125.53 77.65 82.90 102.99 97.84 90.63 81.71 119.87 0.00 77.23 89.85
382.91 0.00 334.00 97.08 109.36 145.25 149.54 379.58 109.40 123.43 116.48 386.20 83.67 89.87 196.62 87.26-9999.00-9999.00-9999.00-9999.00-9999.00-9999.00-9999.00-9999.00 -9999.00-9999.00-9999.00 91.36 95.26 195.10 377.13 388.09 127.44 86.38 129.91 380.38 77.51 79.05 76.89 119.10 380.24 78.40 76.99 0.00 83.22 273.52 120.74 164.99 78.40 82.28 86.78 86.78 88.51 77.02 129.63 378.52 0.00 0.00 0.00 117.40 80.50 92.46 82.90 326.97 77.73 316.95 0.00 294.69 78.08 86.03 90.41
0.00 0.00 376.00 102.08 103.87 248.00 388.60 385.21 388.15 382.76 178.07 89.72 96.67 345.71 78.14 88.76 211.18 144.39 93.63-9999.00-9999.00-9999.00-9999.00-9999.00-9999.00 -9999.00-9999.00-9999.00-9999.00-9999.00-9999.00 147.93 77.19 256.67 0.00 86.90 139.97 78.08 80.95 129.18 188.05 88.68 77.98 0.00 171.56 76.95 173.92 88.20 169.44 176.02 83.57 77.98 378.67 80.50 86.89 76.97 0.00 144.36 77.28 89.58 77.33 377.06 83.22 378.71 77.81 77.73 0.00 155.37 77.08 80.09 281.16 382.51
380.67 380.40 378.84 79.04 85.92 88.61 78.20 199.83 81.20-9999.00-9999.00-9999.00-9999.00-9999.00-9999.00-9999.00 -9999.00-9999.00-9999.00-9999.00-9999.00-9999.00-9999.00-9999.00-9999.00 77.80 316.45 0.00 80.50 86.38 81.99 0.00 99.15 369.85 116.71 78.77 87.37 89.20 88.46 379.78 80.29 85.29 135.49 78.64 120.06 383.42 0.00 78.18 0.00 0.00 116.63 79.05 117.32 84.69 0.00 123.07 86.29 98.71 0.00 78.29 308.25 167.03 78.64 145.81 210.44 381.63 95.11 76.92 259.89 222.90 287.36 384.43 375.94 85.92 80.58 0.00
114.99 199.43 122.66 0.00 85.52 76.97 376.04 79.37 87.92 87.76 137.99 80.72 81.45 334.82 86.29 170.08 89.20 88.46 97.40 103.86 91.11 206.61 96.09 255.27 101.04 94.14 187.87 77.05 141.33 78.91 116.59 143.59 232.46 0.00 77.84 87.52 79.57 360.29 223.98 98.07 98.67 85.34 129.04 77.90 150.38 0.00 81.43 86.12 89.19 111.41 85.11 88.09 83.35 91.23 101.66 79.16 394.87 145.47 206.23 256.32 82.18
284.89 376.02 129.53 77.03 159.44 0.00 118.32 78.44 79.63 374.30 377.39 185.87 85.51 77.56 153.12 192.40 357.73 0.00 361.11 353.34 144.21 89.87 94.66 163.50 378.02 98.27 376.26 94.14 95.03 83.03 90.41 90.46 178.00 77.90 78.14 81.67 78.07 185.07 82.45 0.00 340.74 109.89 380.32 375.94 82.45 86.36 85.88 87.42 91.02 119.16 90.81 85.72 79.04 100.24 89.85 88.89 91.09 246.12 379.42 379.19 385.45
159.66 381.75 78.28 136.67 90.81 83.03 118.96 395.57 0.00 126.56 82.45 326.48 139.58 77.56 87.42 80.21 82.45 77.96 128.95 382.05 133.79 90.81 227.16 88.75 132.44 104.88 366.28 92.45 84.73 370.10 376.70 188.59 269.12 0.00 170.80 376.65 365.25 375.71 93.92 226.24 352.23 155.78 363.18 78.62 77.73 358.23 77.69 87.13 377.09 376.08 78.07 94.66-9999.00-9999.00-9999.00-9999.00-9999.00-9999.00-9999.00-9999.00-9999.00-9999.00 -9999.00-9999.00-9999.00-9999.00-9999.00-9999.00-9999.00-9999.00-9999.00 77.23 119.13 322.36 0.00 115.76 78.64 87.37 119.51
166.14 194.92 383.88 95.98 142.97 76.94 82.88 95.81 96.22 79.87 79.16 89.04 219.25 77.58 90.81 89.35-9999.00-9999.00-9999.00-9999.00-9999.00-9999.00-9999.00-9999.00-9999.00-9999.00-9999.00-9999.00-9999.00 -9999.00-9999.00-9999.00-9999.00-9999.00-9999.00-9999.00-9999.00-9999.00-9999.00 80.50 253.47 379.02 0.00 0.00 0.00 0.00 0.00 0.00 389.26 355.60 77.81 0.00 283.95 140.05 78.91 85.52 95.26 86.38 0.00 94.86 89.98 92.76 86.11 376.98 322.29 163.98 79.71 76.95 150.85 0.00 175.30 80.09 91.11 80.29 378.28 78.52 191.88 381.88 76.92 380.44 77.89 76.94 115.68
0.00 329.26 77.45 86.29 147.97 87.00 125.33 100.53 0.00 385.78 261.23 158.05 79.37 77.19 126.52 141.27 0.00 379.06 78.91 86.89 77.89 0.00 152.49 343.22 78.91 307.58 79.21 127.77 79.57 121.96 80.22 79.57 125.48 233.84 362.13 376.43 379.65 0.00 373.14 375.60 389.34 0.00 0.00 0.00 0.00 0.00 0.00 0.00 375.99 337.61 379.53 80.98 82.74 168.87 92.43 215.63 382.64 81.67 242.47 84.36 373.78
89.35 88.76 379.18 91.09 93.96 91.02 85.92 129.06 380.10 382.92 78.20 80.58 130.33 147.01 365.75 377.83 0.00 316.18 377.36 372.39 186.09 89.99 365.11 84.94 101.58 352.44 79.71 77.58 78.01 378.89 79.04 78.93 376.40 385.80 345.28 78.07 91.46-9999.00-9999.00-9999.00-9999.00-9999.00-9999.00-9999.00-9999.00-9999.00-9999.00-9999.00-9999.00-9999.00-9999.00 -9999.00-9999.00-9999.00-9999.00-9999.00-9999.00-9999.00-9999.00-9999.00-9999.00-9999.00-9999.00-9999.00 97.40 81.99 87.92 152.66 377.99 85.52 91.62 81.45 224.05 78.40 76.90 0.00 79.71 374.98 0.00 399.71 80.50 78.91 77.65 84.74 82.28 98.21 105.00
87.90 86.11 77.22 264.87 378.58 383.14 0.00 76.88 138.05 77.81 86.04 84.65 116.97 376.54 85.24 77.62 78.52 334.11 0.00 77.62 76.92 76.89 123.50 377.43 86.74 90.46 198.90 402.27 121.41 111.83 98.27 82.45 376.78 376.65 125.84 80.77 101.13 91.76 80.03 94.66 80.98 94.66 84.01 393.39 80.21 95.03 360.97 82.45 91.46 156.05 157.54 87.13 78.44 186.36 180.05 78.93 375.96 0.00 80.21 88.34 82.45
81.20 81.45 84.77 85.24 84.30 0.00 0.00 118.37 88.85 150.01 79.37 139.31 80.95 78.18 315.02 79.71 375.92 229.94 89.58 84.86 85.29 84.69 83.57 216.28 0.00 81.20 276.26 375.69 78.64 378.43 109.18 0.00 91.65 203.85 87.66 109.18 77.28 85.09 77.33 88.51 94.48 81.99 323.76 87.63 348.40 92.45 78.52 417.11 334.24 84.01 373.11 227.32 87.74 318.86 81.43 0.00 77.73 78.93 80.98 147.01 78.44
85.87 378.74 183.90 377.13 0.00 76.99 88.51 87.92 85.40 83.22 427.78 78.18 86.68 88.20 92.17 85.96 78.08 356.18 78.08 357.32 88.20 120.13 86.89 86.90 131.66 370.66 379.15 0.00 84.69 366.45 101.04 92.42 137.28 81.45 216.02 371.78 385.10 91.65 99.15 127.14 377.87 87.92 90.41 210.11 81.20 215.46 0.00 0.00 0.00 387.18 201.52 103.44 80.77 90.81 93.63 84.73 88.61 80.77 378.38 360.70 375.82
265.54 383.08 180.74 257.44 176.56 101.04 377.58 378.16 0.00 369.38 375.93 177.20 376.01 245.51 369.85 83.48 250.04 215.81 92.85 129.24 375.49 379.60 80.50 95.26 77.23 281.72 102.99 101.61 142.31 88.46 283.94 0.00 95.11 0.00 245.51 100.26 376.73 378.80 98.16 353.56 331.33 379.31 220.30 96.63 78.01 77.73 78.01 140.19 77.51 92.45 381.84 78.52 85.56 146.40 78.71 84.01 384.23 353.16 77.73 77.73 377.53
89.39 81.45 97.40 271.56 380.45 153.76 82.90 97.84 88.46 111.12 379.00 96.13 79.89 334.54 0.00 383.73 375.54 376.33 375.87 152.49 0.00 250.74 87.60 96.89 145.25 230.99 355.12 162.77 85.51 348.08 376.19 123.38 83.03 83.03 199.90 77.96 87.26 368.80 86.79 79.71 87.26 116.36 142.64 376.29 0.00 380.47 377.97 375.87 311.20 83.67 87.21 78.62 83.35 0.00 116.45 77.50 86.17 92.45 81.67 148.80 361.08
191.38 0.00 378.10 191.38 383.26 287.39 220.63 376.64 253.00 376.61 139.51 376.07 372.79 94.30 91.76 388.04 383.14 394.47 79.87 89.87 375.49 82.74 89.19 119.95 88.89 270.96 89.04 79.16 88.34 79.57 278.25 0.00 385.34 376.74 295.74 78.67 133.16 163.24 79.42 94.66 0.00 381.36 379.15 377.67 379.35 281.41 156.23 124.78 88.76-9999.00-9999.00-9999.00-9999.00-9999.00-9999.00-9999.00-9999.00-9999.00-9999.00-9999.00-9999.00-9999.00-9999.00-9999.00-9999.00-9999.00-9999.00-9999.00-9999.00 -9999.00-9999.00-9999.00-9999.00-9999.00-9999.00-9999.00-9999.00-9999.00-9999.00-9999.00-9999.00-9999.00-9999.00-9999.00-9999.00-9999.00-9999.00-9999.00-9999.00 87.40 200.47 366.47 378.72 382.74 355.75 79.37 91.89 372.09 126.66 82.90
320.85 377.05 375.01 375.24 0.00 258.38 384.45 86.42 87.92 381.91 387.04 378.40 365.50 174.71 80.77 88.24 293.45 87.52 90.46 121.33 381.52 250.54 0.00 378.70 376.36 376.94 266.70 375.87 244.56 364.87 205.62 88.61 91.93 78.52 0.00 378.28 268.22 85.92 239.83 82.74-9999.00-9999.00-9999.00-9999.00-9999.00-9999.00-9999.00-9999.00-9999.00-9999.00-9999.00-9999.00-9999.00-9999.00-9999.00-9999.00-9999.00-9999.00-9999.00-9999.00-9999.00-9999.00-9999.00 -9999.00-9999.00-9999.00-9999.00-9999.00-9999.00-9999.00-9999.00-9999.00-9999.00-9999.00-9999.00-9999.00-9999.00-9999.00-9999.00-9999.00 81.99 167.53 378.84 373.59 84.30 287.25 78.40 205.65 147.57 434.92 102.93 92.17 84.69 133.07 249.78 82.28 0.00 0.00 0.00 0.00
384.85 77.56 85.36 86.36 89.19 87.42 90.03 89.35 291.07 87.22 377.23 144.32 380.90 163.40 144.47-9999.00-9999.00-9999.00-9999.00-9999.00-9999.00-9999.00-9999.00-9999.00-9999.00-9999.00-9999.00-9999.00-9999.00-9999.00-9999.00-9999.00-9999.00-9999.00-9999.00-9999.00-9999.00-9999.00 -9999.00-9999.00-9999.00-9999.00-9999.00-9999.00-9999.00-9999.00-9999.00-9999.00-9999.00-9999.00-9999.00-9999.00-9999.00-9999.00-9999.00-9999.00-9999.00-9999.00-9999.00-9999.00-9999.00-9999.00-9999.00-9999.00 93.75 81.20 321.42 232.13 96.96 88.46 96.96 100.53 87.40 205.38 328.55 376.61 393.15 0.00 0.00 376.33 376.91 139.51 203.21 253.00 365.32 377.49 0.00 380.09 378.87 378.58 376.62 338.07 376.24 101.97 375.62 263.24 89.04 97.17 132.92 376.63 375.71 378.79 112.01 295.68 379.22 286.70 177.20 100.41 375.18
325.98 0.00 375.12 377.04 330.57 376.59 228.69 233.46 253.92 376.06 302.61 279.24 377.50 378.61 0.00 0.00 0.00 366.65 0.00 198.25 387.79 378.90 344.67 140.26 122.86 77.69 118.25 379.37 377.92 137.54 119.47 79.16 101.66 95.42 90.22 87.97 97.87 81.67 79.57 77.90 116.72 376.29 88.76 123.71 80.39-9999.00-9999.00-9999.00-9999.00-9999.00-9999.00-9999.00-9999.00-9999.00-9999.00-9999.00-9999.00-9999.00-9999.00-9999.00-9999.00-9999.00-9999.00-9999.00-9999.00-9999.00 -9999.00-9999.00-9999.00-9999.00-9999.00-9999.00-9999.00-9999.00-9999.00-9999.00-9999.00-9999.00-9999.00-9999.00-9999.00-9999.00-9999.00-9999.00-9999.00-9999.00-9999.00-9999.00-9999.00-9999.00-9999.00-9999.00-9999.00-9999.00-9999.00-9999.00 103.86 100.26 93.25 377.84 96.13 380.07 383.23 384.10 385.38 240.91 305.90 267.61 253.00 375.52 0.00
107.36 90.86 376.23 385.81 375.41 379.71 389.37 382.49 381.85 151.05 80.39 87.37 90.41 93.03 376.29 388.41 383.75 317.56 367.15 103.68 375.28 375.29 375.94 376.40 0.00 375.34 359.62 85.60 99.66 209.99 373.53 377.28 375.36 94.35 288.34 96.39 378.42 88.03 90.42 375.03 375.47 358.12 79.77 78.50 78.66 86.33 90.41 88.75 95.65 377.22 85.21 103.53 379.75 317.50 84.12 378.03 136.58 86.45 108.16 377.74 99.84
386.30 226.11 187.23 209.87 298.96 171.42 0.00 376.31 214.43 378.36 180.34 375.20 198.25 382.34 380.93 325.69 361.70 373.78 148.08 81.15 80.07 78.74 0.00 0.00 232.52 83.16 133.70 91.92 94.53 150.34 356.07 87.37 82.59 87.37 102.31 0.00 102.00 95.26 86.90 98.28 84.12 88.38 129.26 86.90 93.16-9999.00-9999.00-9999.00-9999.00-9999.00-9999.00-9999.00-9999.00-9999.00-9999.00-9999.00-9999.00-9999.00-9999.00-9999.00-9999.00-9999.00-9999.00-9999.00-9999.00-9999.00-9999.00-9999.00 -9999.00-9999.00-9999.00-9999.00-9999.00-9999.00-9999.00-9999.00-9999.00-9999.00-9999.00-9999.00-9999.00-9999.00-9999.00-9999.00-9999.00-9999.00-9999.00-9999.00-9999.00-9999.00-9999.00-9999.00-9999.00-9999.00-9999.00-9999.00-9999.00-9999.00-9999.00-9999.00-9999.00-9999.00-9999.00-9999.00-9999.00-9999.00-9999.00-9999.00-9999.00-9999.00-9999.00 228.69 375.36 273.22 273.22 375.52 0.00 375.41 296.80 320.47 296.80 0.00 253.89 376.32 296.80 375.42
375.58 296.80 300.09 0.00 320.47 375.01 375.00 0.00 296.80 296.80 0.00 375.38 375.09 375.38 296.81 375.61 375.00 317.56 0.00 296.81 376.42 273.22 0.00 0.00 0.00 375.20 375.25 301.45 146.88 174.36 86.04 366.64 0.00 379.12 378.75 89.17 83.99 375.53 330.32 147.24 87.86 88.22 382.11 249.16 81.59 83.47 380.08 306.61 92.42 93.51 103.34 361.86 382.95 87.86 132.95 93.51 86.90 400.63 84.83 377.06 169.36
