蒙特卡罗+CDRMV3/输出数据/2D水深分布/WaterDepthGIS_0136.ASC
ncols         539            
nrows         744            
xllcorner     602630.84259341
yllcorner     3914823.670891 
cellsize      50             
NODATA_value  -9999.00       
[rows 0 to 26 of 32, columns 305 to 365 of 539]
97.78 89.15 91.50 90.69 83.09 146.72 83.45 82.57 145.30 88.20 0.00 86.61 90.92 220.03 134.11 300.79 186.40 84.05-9999.00-9999.00-9999.00-9999.00-9999.00-9999.00-9999.00-9999.00-9999.00-9999.00-9999.00-9999.00 -9999.00-9999.00-9999.00-9999.00-9999.00-9999.00-9999.00-9999.00-9999.00-9999.00-9999.00-9999.00 96.61 83.80 321.85 95.19 165.82 0.00 87.79 373.74 99.50 208.22 114.89-9999.00-9999.00-9999.00-9999.00-9999.00-9999.00-9999.00-9999.00-9999.00-9999.00-9999.00-9999.00-9999.00-9999.00-9999.00-9999.00-9999.00-9999.00-9999.00-9999.00-9999.00-9999.00-9999.00-9999.00-9999.00-9999.00-9999.00-9999.00-9999.00-9999.00-9999.00-9999.00-9999.00-9999.00-9999.00-9999.00-9999.00-9999.00-9999.00-9999.00-9999.00-9999.00-9999.00-9999.00-9999.00-9999.00-9999.00-9999.00-9999.00-9999.00-9999.00-9999.00-9999.00-9999.00-9999.00-9999.00-9999.00-9999.00-9999.00-9999.00-9999.00-9999.00-9999.00-9999.00-9999.00-9999.00-9999.00-9999.00-9999.00-9999.00-9999.00-9999.00-9999.00-9999.00-9999.00-9999.00-9999.00-9999.00-9999.00-9999.00-9999.00-9999.00-9999.00-9999.00-9999.00-9999.00-9999.00 138.79 355.98 215.01 171.27 92.58 91.01 382.25 163.59 272.98 377.74 304.28 141.57 85.03 93.83 85.03 0.00 378.14 191.32 93.67 196.28 379.61 82.97 90.96 85.95-9999.00-9999.00-9999.00-9999.00-9999.00-9999.00-9999.00-9999.00-9999.00-9999.00-9999.00 -9999.00-9999.00-9999.00-9999.00-9999.00-9999.00-9999.00-9999.00-9999.00-9999.00-9999.00-9999.00-9999.00 100.59 128.49 92.76 150.34 135.79 0.00
370.87 362.69 0.00 122.62 212.60 82.18 97.19-9999.00-9999.00-9999.00-9999.00-9999.00-9999.00-9999.00-9999.00-9999.00-9999.00-9999.00-9999.00-9999.00-9999.00-9999.00-9999.00-9999.00-9999.00-9999.00-9999.00-9999.00-9999.00-9999.00-9999.00-9999.00-9999.00-9999.00-9999.00-9999.00-9999.00-9999.00-9999.00-9999.00-9999.00-9999.00-9999.00-9999.00-9999.00-9999.00-9999.00 114.03 381.18 92.80 310.15 118.77-9999.00-9999.00 90.61 87.10 94.11 87.36 86.38 376.68 440.28 87.91 103.70 84.05 243.98 87.36 94.78 85.03 93.67-9999.00-9999.00-9999.00 85.03 175.90 83.15 157.86 83.73 86.85 82.68 383.91 92.32 0.00 0.00 0.00 87.91 83.63 377.18 379.15 167.62 84.43 84.30 98.64 375.48 383.12 145.99 143.12 82.97 83.09 88.82 0.00 86.85 92.28 185.11 86.61 376.56 219.08
160.46 82.97 82.57 91.50 85.95 0.00 137.53 83.09 83.29 379.23 0.00 95.61 102.80 0.00 375.71 95.61 100.62 105.66 90.61 182.56 86.85 91.43 205.03-9999.00-9999.00-9999.00-9999.00-9999.00-9999.00 -9999.00-9999.00-9999.00-9999.00-9999.00-9999.00-9999.00-9999.00-9999.00-9999.00-9999.00 83.28 141.74 93.21 83.16 380.54 380.41 0.00 329.82 123.08 163.78 82.85 90.31 87.18 382.01 138.08 379.07 85.00 378.28 100.96 86.89 177.02-9999.00-9999.00-9999.00-9999.00-9999.00-9999.00-9999.00 94.89 87.10 98.96 88.82 98.64 86.85 89.85-9999.00-9999.00-9999.00-9999.00-9999.00-9999.00 88.20 215.97 104.56 96.43 355.22 376.91 93.83 94.60 236.50
91.43 376.60 86.16 131.56 377.53 93.83 388.95 128.17 93.67 375.88 84.87 193.57 379.31 88.20 0.00 87.36 93.03 108.11 388.43 98.33 92.38 152.50 95.55 378.34 92.91 89.15 0.00 168.73 83.22 102.00 158.11 352.08 84.05 0.00 98.64 94.44 202.09 82.56 99.94 91.56 83.29 375.91 322.81 85.56 311.18 83.22 85.75 85.37 98.33 190.32 85.75 268.78 83.83 129.48 142.99 93.15 84.71 128.19 273.59 97.78 0.00
258.94 83.94 92.80 369.56 359.07 82.79 84.87 83.63 377.20 90.61 85.95 91.56 82.54 384.38 101.63 82.97 375.52 248.81 389.53 94.39 102.30 403.98 83.45 94.27 379.42 84.71 355.96 84.30 83.54 380.38 90.22 92.02 93.15 82.54 163.50 310.16 376.74 376.97 90.61 389.41 382.13 0.00 90.22 99.28 371.32 85.20 180.79 227.92 378.56 352.20 149.83-9999.00-9999.00-9999.00-9999.00-9999.00-9999.00-9999.00-9999.00-9999.00-9999.00 -9999.00-9999.00-9999.00-9999.00-9999.00-9999.00-9999.00-9999.00 378.08 102.09 84.62 97.49 376.61 378.33 86.62 90.80 103.29
377.71 0.00 123.44 91.87 85.20 382.93 102.80 288.46 180.42 92.19 129.91 99.28 223.25 93.53 92.19 91.56 82.78 156.43 217.96 380.84 380.50 381.98 381.31 0.00 0.00 0.00 0.00 103.65 375.32 131.94 0.00 101.17 307.72 92.32 101.97 129.99 353.26 91.01 375.44 89.15-9999.00-9999.00-9999.00-9999.00-9999.00-9999.00-9999.00-9999.00-9999.00 -9999.00-9999.00 92.34 86.36 89.95 100.96 322.91 376.16 84.80 91.85 90.80 381.99 123.36 89.16 137.99 373.97 90.25 89.72 81.91 128.08 0.00 87.18
127.48 82.64 261.11 0.00 376.85 241.19 155.55 83.45 89.49 378.24 83.37 91.15 82.58 170.64 312.85 93.27 91.70 147.17 91.70 143.24 84.57 132.32 82.92 145.67 82.62 146.14 0.00 124.73 172.58 379.93 375.24 373.46 126.30 375.58 114.03 379.26 84.17 112.96 83.63 101.27 380.53 398.31 84.71 102.30-9999.00-9999.00-9999.00-9999.00-9999.00-9999.00 -9999.00-9999.00-9999.00-9999.00-9999.00 95.19 164.59 326.82 391.08 380.64 84.44 156.65 376.57 316.07 92.09 87.18 89.16 381.82 83.40 0.00 83.05
84.30 0.00 129.84 175.24 82.97 92.80 82.72 380.70 127.18 85.75 141.85 82.72 123.19 387.30 102.80 221.92 83.54 91.70 83.73 123.74 377.98 87.10 0.00 0.00 271.46 94.39 378.14 376.93 291.85 133.18 109.35 133.27 118.53 115.98 111.93 99.68 380.17 379.08 366.09 189.59 88.82-9999.00-9999.00-9999.00-9999.00-9999.00-9999.00-9999.00 -9999.00-9999.00-9999.00-9999.00-9999.00-9999.00-9999.00 89.55 135.10 194.35 0.00 126.27 89.75 81.71 163.29 81.76 347.67 0.00 179.75 377.35 244.94 166.92 84.80 198.71 376.51 95.19
147.75 90.22 82.57 150.06 348.86 92.80 0.00 104.64 380.02 377.80 369.08 326.59 228.87 208.70 99.22 373.90 97.46 94.44 83.15 178.59 271.51 88.50-9999.00-9999.00-9999.00-9999.00-9999.00-9999.00-9999.00-9999.00-9999.00 -9999.00-9999.00-9999.00-9999.00-9999.00-9999.00-9999.00-9999.00-9999.00 83.40 148.63 0.00 96.61 89.86 85.00 0.00 124.64 81.75 92.09 91.96 84.44 83.16 404.42 148.65 96.65 82.67 121.07 376.64 133.02 83.40 0.00 124.73 83.05 376.15 166.67 82.43 142.89 83.16 134.36 121.65 0.00 0.00 174.70 82.51 385.89 424.56 390.06
0.00 93.91 365.05 376.66 83.05 84.27 345.15 383.64 127.23 89.55 85.86 139.21 312.69 129.17 0.00 294.60 267.19 81.71 82.08 140.82 86.89 91.96 353.83 125.28 100.08 94.53 94.08 101.71 87.18 235.91 170.04 376.98 93.91 108.77 96.65 104.21 101.71 94.08 85.20 234.22 217.24 376.70 311.56 82.08 0.00 381.14 383.32 381.70 82.54 97.74 91.93 97.74 82.64 143.73 377.53 86.16 0.00 183.99 84.17 85.03 92.80
129.27 385.68 84.44 94.27 152.34 87.79 239.28 378.58 97.19 152.46 85.41 339.77 138.60 81.80 142.47 100.08 0.00 267.07 128.56 84.57 100.32 88.20 91.93 140.66 93.40 83.63 124.45 274.18 0.00 84.43 94.44 96.20 113.82 91.01 380.92 98.96 97.78 93.96 98.64 102.00 376.14 92.38 82.58 185.54 91.63 85.56 149.13 332.57 86.38 201.58 0.00 300.08 265.41 155.90 85.95 152.07 91.37 192.33 89.85 125.94 379.47
141.07 90.22 0.00 95.97 93.40 279.25 87.91 362.17 91.87 95.34 90.96 85.37 85.37 416.74 92.80 84.43 132.83 0.00 354.81 123.51 83.29 91.10 82.64 85.03 211.62 356.61 93.40 91.85 148.54 131.17 380.88 88.20 378.27 258.57 97.01 379.36 378.91 340.03 227.92 211.76 0.00 392.17 386.02 384.43 370.58 371.32 122.58 376.41 381.85 382.46 375.52 375.63 101.09 105.27 111.80 98.86 309.55 132.39 83.37 179.88 94.44
375.82 378.35 252.49 152.16 377.11 162.24 376.29 376.69 380.29 304.83 98.60 375.29 195.37 239.35 380.16 377.63 211.14 146.06 83.63-9999.00-9999.00-9999.00-9999.00-9999.00-9999.00-9999.00-9999.00-9999.00-9999.00-9999.00-9999.00-9999.00 -9999.00-9999.00-9999.00-9999.00-9999.00-9999.00-9999.00-9999.00-9999.00 92.47 93.31 366.20 83.80 381.10 377.82 86.36 383.37 81.55 156.70 85.41 0.00 381.99 0.00 312.89 138.86 84.44 99.88 145.68 189.38 0.00 182.11 83.05 92.21 216.53 387.08 204.38 153.67 84.11 81.71 0.00 377.26 196.30 123.36 89.16 82.95 382.38 381.89 93.90 81.71 385.79
87.18 89.63 90.50 111.11 106.82 94.01 0.00 133.15 89.16 98.12 150.79 88.45 82.43 145.75 189.11 346.22 0.00 90.80 83.05 141.84 0.00 82.03 89.82 81.91 90.50 98.22 86.77 95.58 81.78 82.97 158.67 90.88 83.73 92.80 95.55 97.78 0.00 0.00 0.00 317.45 96.94 89.97 376.17 376.04 157.39 369.17 377.14 95.93 94.11 146.40 379.77 189.81 82.64 87.10 231.72 378.28 370.66 94.39 84.71 376.24 96.43
386.76 172.84 93.40 85.95 228.08 377.10 93.83 376.44 0.00 0.00 240.54 377.57 97.92 124.22 85.63 93.23 144.35 140.30 84.17 98.64 91.85 374.50 93.03 376.93 89.49 85.56 381.12 139.08 95.15-9999.00-9999.00-9999.00-9999.00-9999.00-9999.00-9999.00-9999.00-9999.00-9999.00-9999.00-9999.00-9999.00-9999.00 -9999.00-9999.00-9999.00-9999.00-9999.00-9999.00-9999.00-9999.00-9999.00-9999.00-9999.00-9999.00-9999.00-9999.00-9999.00 100.08 96.65 370.10 113.04 102.09 98.29 345.69 377.19 379.74 0.00 135.06 82.36 81.74 120.56 370.53 91.04 84.27 121.92 203.97 0.00 151.35 91.26 89.75 81.85 193.49 0.00 254.54 81.95 94.08 82.13 0.00
253.45 93.91 91.13 124.02 85.20 313.84 105.07 101.30 102.80 102.30 84.17 384.63 90.22 377.09 288.19 85.56 90.22 85.56 365.79 312.28 130.24 84.57 127.14 379.12 97.74 384.09 376.33 153.80 165.12 88.20 97.46 90.92 82.56 84.30 206.87 394.83 91.01 83.83 82.58 173.08 0.00 0.00 390.61 92.32 90.28 106.54 380.56 170.59 122.65 82.88 83.22 123.09 83.29 376.37 141.65 85.95-9999.00-9999.00-9999.00-9999.00-9999.00-9999.00-9999.00-9999.00-9999.00-9999.00-9999.00-9999.00-9999.00-9999.00-9999.00-9999.00-9999.00-9999.00 -9999.00-9999.00-9999.00-9999.00-9999.00-9999.00-9999.00-9999.00-9999.00-9999.00-9999.00-9999.00-9999.00-9999.00-9999.00-9999.00-9999.00 92.24 92.77 105.00 132.35
378.15 111.41 96.85 0.00 0.00 0.00 115.37 347.51 99.85 182.48 87.09 380.49 377.18 376.90 84.80 129.82 100.96 81.88 344.74 379.34 102.30 227.83 399.63 91.43 99.45 377.33 90.22 92.80 0.00 101.17 381.98 350.48 349.78 147.44 85.37 92.38 92.80 185.28 92.10 267.85 376.63 357.17 134.08 83.83 99.61 185.90 83.73 82.79 142.49 86.85 0.00 92.32 198.88 278.92 112.06 383.92 85.37 92.10 102.64 385.01 379.48
87.79 137.02 377.23 89.16 380.51 381.19 0.00 382.41 95.90 375.69 377.27 91.74 395.96 0.00 89.55 87.79 95.61 161.41 376.00 100.32 392.87 385.02 393.17 386.00 380.47 126.41 91.20 93.15 88.82 382.89 85.56 371.21 83.29 90.51 96.43 265.45 86.38 84.43 141.59 351.85 377.38 123.47 95.61 91.26 83.63 131.94 0.00 0.00 375.45 288.14 357.51 252.52 139.56 83.09 90.78 134.93 94.78 82.59 123.86 98.96-9999.00-9999.00-9999.00-9999.00-9999.00-9999.00-9999.00-9999.00-9999.00-9999.00-9999.00-9999.00-9999.00-9999.00-9999.00-9999.00-9999.00-9999.00-9999.00-9999.00 -9999.00-9999.00-9999.00-9999.00-9999.00-9999.00-9999.00-9999.00-9999.00-9999.00-9999.00-9999.00-9999.00-9999.00-9999.00-9999.00-9999.00-9999.00-9999.00-9999.00
213.23 389.37 379.00 159.46 206.87 375.58 143.98 212.08 0.00 0.00 0.00 379.39 91.01 0.00 93.83 386.06 85.95 376.82 141.41 82.75 146.41 83.94 140.97 380.26 377.20 88.50 381.99 384.07 0.00 375.57 91.43 347.74 93.83 131.97 0.00 84.30 91.01 95.55 96.20 97.01 141.02 0.00 384.53 84.87 95.15 380.94 294.63 141.59 84.43-9999.00-9999.00-9999.00-9999.00-9999.00-9999.00-9999.00-9999.00-9999.00-9999.00-9999.00-9999.00-9999.00-9999.00-9999.00-9999.00-9999.00 -9999.00-9999.00-9999.00-9999.00-9999.00-9999.00-9999.00-9999.00-9999.00-9999.00-9999.00-9999.00-9999.00-9999.00-9999.00-9999.00-9999.00-9999.00-9999.00-9999.00-9999.00-9999.00-9999.00-9999.00-9999.00 99.86 82.67 222.39 375.37 88.11 454.63 135.79 86.62 83.66 139.83 98.79
91.87 84.17 123.75 375.85 147.56 84.43 82.75 142.33 377.11 0.00 375.98 149.37 94.69 95.55 92.38 91.85 98.96 0.00 128.20 84.17 93.27 376.99 255.19 84.17 85.37 229.00 375.35-9999.00-9999.00-9999.00-9999.00-9999.00-9999.00-9999.00-9999.00-9999.00-9999.00-9999.00-9999.00-9999.00-9999.00-9999.00-9999.00-9999.00-9999.00-9999.00 -9999.00-9999.00-9999.00-9999.00-9999.00-9999.00-9999.00-9999.00-9999.00-9999.00-9999.00-9999.00-9999.00-9999.00-9999.00-9999.00-9999.00-9999.00-9999.00-9999.00-9999.00-9999.00 96.61 96.65 193.49 378.70 102.48 84.44 102.48 92.76 93.21 135.50 84.62 0.00 0.00 0.00 326.33 0.00 172.85 126.47 111.45 146.77 97.80 99.86 173.45 100.08 210.54 99.14 284.53 103.73 99.14 90.36 87.79 397.59 377.88
381.28 378.26 373.67 316.56 101.40 374.17 135.76 83.94 92.80 0.00 84.57 94.96 147.87 95.97 140.00 94.60-9999.00-9999.00-9999.00-9999.00-9999.00-9999.00-9999.00-9999.00-9999.00-9999.00-9999.00-9999.00-9999.00-9999.00-9999.00-9999.00-9999.00-9999.00-9999.00-9999.00-9999.00-9999.00 -9999.00-9999.00-9999.00-9999.00-9999.00-9999.00-9999.00-9999.00-9999.00-9999.00-9999.00-9999.00-9999.00-9999.00-9999.00-9999.00-9999.00 86.62 197.82 91.73 85.00 98.45 91.26 83.53 206.10 150.95 154.07 385.76 0.00 0.00 140.78 82.24 83.16 376.20 85.41 145.11 375.47 379.28 0.00 372.71 107.40 373.01 375.82 126.47 382.32 183.11 98.29 103.81 363.58 380.16 369.97 152.34 94.53 89.55 88.45 123.99 111.41 133.70 377.16 0.00 385.96
390.26 0.00 82.60 88.82 161.00 96.20-9999.00-9999.00-9999.00-9999.00-9999.00-9999.00-9999.00-9999.00-9999.00-9999.00-9999.00-9999.00-9999.00-9999.00-9999.00-9999.00-9999.00-9999.00-9999.00-9999.00-9999.00-9999.00-9999.00-9999.00 -9999.00-9999.00-9999.00-9999.00-9999.00-9999.00-9999.00-9999.00-9999.00-9999.00-9999.00-9999.00-9999.00-9999.00-9999.00-9999.00-9999.00-9999.00-9999.00 94.27 96.65 99.18 387.04 210.26 101.90 99.50 86.11 86.11 148.93 375.68 89.16 391.96 82.76 84.62 86.89 126.95 381.49 0.00 0.00 283.32 381.39 408.36 378.59 375.50 275.08 377.88 232.11 132.83 381.23 378.41 363.37 383.17 91.74 102.48 86.89 90.80 102.82 375.35 375.88 377.78 376.72 161.64 164.21 0.00 377.38 375.06 375.98 374.23 198.40 375.92 378.50 390.44 198.40
324.74 429.52 110.20 217.22 164.21 378.29 375.96 270.26 330.24 386.69 0.00 0.00 399.01 381.05 330.57 384.95 385.31 0.00 323.97 388.07 221.02 403.36 283.32 158.74 375.46 231.20 113.13 157.26 99.50 84.27 84.80 94.00 91.14 147.48 83.74 380.63 0.00 113.82 384.05 381.37 382.17 83.45 91.01 91.70 84.71 83.63 124.58 379.70 375.38 82.66 141.42 150.87 179.91 84.05 158.46 95.97 90.22 367.38 132.13 93.03-9999.00-9999.00-9999.00-9999.00-9999.00-9999.00-9999.00-9999.00-9999.00-9999.00-9999.00-9999.00-9999.00-9999.00-9999.00-9999.00-9999.00-9999.00-9999.00-9999.00-9999.00-9999.00 -9999.00-9999.00-9999.00-9999.00-9999.00-9999.00-9999.00-9999.00-9999.00-9999.00-9999.00-9999.00-9999.00-9999.00-9999.00-9999.00-9999.00-9999.00-9999.00-9999.00-9999.00-9999.00-9999.00-9999.00-9999.00-9999.00-9999.00-9999.00-9999.00-9999.00-9999.00
375.71 376.13 244.71 375.17 244.71 0.00 328.00 375.91 376.22 0.00 277.52 116.35 280.88 127.22 139.76 180.68 376.95 135.09 91.14 373.95 371.24 116.35 87.47 96.66 95.83 107.73 138.26 110.75 137.96 155.69 380.22 376.27 376.64 174.92 298.07 287.84 376.15 376.16 376.17 0.00 0.00 0.00 331.58 376.99 320.04 0.00 370.03 275.25 377.90 359.99 199.56 232.24 375.75 154.87 375.94 382.45 375.21 96.51 376.08 381.67 113.34
380.76 387.21 88.32-9999.00-9999.00-9999.00-9999.00-9999.00-9999.00-9999.00-9999.00-9999.00-9999.00-9999.00-9999.00-9999.00-9999.00-9999.00-9999.00-9999.00-9999.00-9999.00-9999.00-9999.00-9999.00-9999.00 -9999.00-9999.00-9999.00-9999.00-9999.00-9999.00-9999.00-9999.00-9999.00-9999.00-9999.00-9999.00-9999.00-9999.00-9999.00-9999.00-9999.00-9999.00-9999.00-9999.00-9999.00-9999.00-9999.00-9999.00-9999.00-9999.00-9999.00-9999.00-9999.00-9999.00-9999.00-9999.00-9999.00-9999.00-9999.00-9999.00 161.38 377.57 375.26 376.50 378.71 376.56 376.63 379.33 379.43 380.02 298.07 298.07 0.00 0.00 320.04 375.04 391.77 376.15 301.42 301.42 375.10 379.05 301.45 376.60 301.45 0.00 363.10 100.47 100.62 94.09 101.27 108.39 112.64 89.28 203.81 229.93 131.42 90.73 389.00 90.73 121.52 124.96 94.02 109.08 376.59 134.95 111.13 0.00 389.81 294.98 376.20 92.93 384.46 190.46 0.00 377.12 376.81
375.22 237.04 0.00 383.68 375.23 247.58 375.37 375.33 330.66 174.92 371.54 314.45 375.54 147.78 99.76 93.86 94.81 92.85 84.02 92.54 112.18 107.54 92.97 376.69 96.51 381.65 91.57 98.59 109.97 95.98 84.88 136.81 105.78 378.56 87.74 84.35 86.73 380.76 84.02 128.44 108.44 375.85 118.49-9999.00-9999.00-9999.00-9999.00-9999.00-9999.00-9999.00-9999.00-9999.00-9999.00-9999.00-9999.00-9999.00-9999.00-9999.00-9999.00-9999.00-9999.00-9999.00-9999.00 -9999.00-9999.00-9999.00-9999.00-9999.00-9999.00-9999.00-9999.00-9999.00-9999.00-9999.00-9999.00-9999.00-9999.00-9999.00-9999.00-9999.00-9999.00-9999.00-9999.00-9999.00-9999.00-9999.00-9999.00-9999.00-9999.00-9999.00-9999.00-9999.00-9999.00-9999.00-9999.00-9999.00-9999.00-9999.00-9999.00-9999.00-9999.00-9999.00-9999.00-9999.00-9999.00-9999.00-9999.00-9999.00-9999.00-9999.00 375.63 298.08 0.00 375.32 275.25 375.55 320.04 388.12 0.00 375.13 298.08 375.68 354.37 275.25 375.10 375.08 381.95
298.08 298.07 0.00 298.08 0.00 0.00 298.07 375.14 377.99 375.43 375.25 262.58 324.80 206.89 376.50 375.59 203.46 155.69 214.59 197.15 115.36 401.02 371.01 355.86 99.28 91.57 0.00 91.14 100.29 86.97 104.74 144.95 382.34 91.57 220.66 227.43 95.83 376.19 392.38 386.22 215.48 98.03 98.03 103.70 104.74 385.57 87.83 363.73 419.01 375.73 156.38 96.67-9999.00-9999.00-9999.00-9999.00-9999.00-9999.00-9999.00-9999.00-9999.00-9999.00-9999.00-9999.00-9999.00-9999.00-9999.00-9999.00-9999.00-9999.00 -9999.00-9999.00-9999.00-9999.00-9999.00-9999.00-9999.00-9999.00-9999.00-9999.00-9999.00-9999.00-9999.00-9999.00-9999.00-9999.00-9999.00-9999.00-9999.00-9999.00-9999.00-9999.00-9999.00-9999.00-9999.00-9999.00-9999.00-9999.00-9999.00-9999.00-9999.00-9999.00-9999.00-9999.00-9999.00-9999.00-9999.00-9999.00-9999.00-9999.00-9999.00-9999.00-9999.00-9999.00-9999.00-9999.00-9999.00-9999.00-9999.00-9999.00-9999.00-9999.00-9999.00 375.59 0.00 298.07 376.33 232.18 378.86 280.49 320.04
