蒙特卡罗+CDRMV3/输出数据/2D水深分布/WaterDepthGIS_0145.ASC
ncols         539            
nrows         744            
xllcorner     602630.84259341
yllcorner     3914823.670891 
cellsize      50             
NODATA_value  -9999.00       
[rows 0 to 26 of 32, columns 183 to 243 of 539]
88.61 77.61 253.53 0.00 381.39 377.65 378.68 335.22 277.84 82.18-9999.00-9999.00-9999.00-9999.00-9999.00-9999.00-9999.00-9999.00-9999.00-9999.00-9999.00-9999.00-9999.00 -9999.00-9999.00-9999.00-9999.00-9999.00-9999.00-9999.00-9999.00-9999.00-9999.00-9999.00 85.96 191.03 379.00 89.04 379.73 82.28 88.51 93.25 84.30-9999.00-9999.00-9999.00-9999.00-9999.00-9999.00-9999.00-9999.00-9999.00-9999.00-9999.00-9999.00-9999.00-9999.00-9999.00-9999.00-9999.00-9999.00-9999.00-9999.00-9999.00-9999.00-9999.00-9999.00-9999.00-9999.00-9999.00-9999.00-9999.00-9999.00-9999.00-9999.00-9999.00-9999.00-9999.00-9999.00-9999.00-9999.00-9999.00-9999.00-9999.00-9999.00-9999.00-9999.00-9999.00-9999.00-9999.00-9999.00-9999.00-9999.00-9999.00-9999.00-9999.00-9999.00-9999.00-9999.00-9999.00-9999.00-9999.00-9999.00-9999.00-9999.00-9999.00-9999.00-9999.00-9999.00-9999.00-9999.00-9999.00-9999.00-9999.00-9999.00-9999.00-9999.00-9999.00-9999.00-9999.00-9999.00-9999.00-9999.00-9999.00-9999.00-9999.00-9999.00-9999.00-9999.00-9999.00-9999.00-9999.00-9999.00-9999.00-9999.00-9999.00-9999.00 79.71 124.66 231.10 378.45 380.21 289.85 77.61 86.95 77.53 187.75 89.30 0.00 85.92 204.77 83.67 202.86 84.73 89.51-9999.00-9999.00-9999.00-9999.00-9999.00-9999.00-9999.00-9999.00-9999.00-9999.00-9999.00-9999.00-9999.00 -9999.00-9999.00-9999.00-9999.00-9999.00-9999.00-9999.00-9999.00-9999.00-9999.00 215.89 142.83 81.71 381.29 101.43 378.76 308.44 79.05 143.73 225.69 115.89-9999.00-9999.00-9999.00-9999.00-9999.00-9999.00-9999.00-9999.00-9999.00-9999.00-9999.00-9999.00-9999.00-9999.00-9999.00-9999.00-9999.00-9999.00-9999.00-9999.00-9999.00-9999.00-9999.00-9999.00-9999.00-9999.00-9999.00-9999.00-9999.00-9999.00-9999.00-9999.00-9999.00-9999.00-9999.00-9999.00-9999.00-9999.00-9999.00-9999.00-9999.00-9999.00-9999.00-9999.00-9999.00-9999.00-9999.00-9999.00-9999.00-9999.00-9999.00-9999.00-9999.00-9999.00-9999.00-9999.00-9999.00-9999.00-9999.00-9999.00-9999.00-9999.00-9999.00-9999.00-9999.00-9999.00-9999.00-9999.00-9999.00-9999.00-9999.00-9999.00-9999.00-9999.00-9999.00-9999.00-9999.00-9999.00-9999.00-9999.00-9999.00-9999.00-9999.00-9999.00-9999.00-9999.00-9999.00-9999.00-9999.00-9999.00-9999.00-9999.00-9999.00 78.62 124.10 376.02 80.21 80.58 161.58 87.13 77.53 137.75 228.10 361.42
198.97 377.25 155.40 93.01 379.33 77.85 87.04 116.52 88.34 87.52 88.47 77.90 154.52 0.00 236.57 77.55 160.91 86.71 77.69 128.73 137.13 78.71 77.55 89.04 87.85 86.23 79.57 77.58 0.00 219.70 79.42 83.67 377.28 0.00 271.37 250.85 378.35 370.42 77.69 89.68-9999.00-9999.00-9999.00 -9999.00-9999.00-9999.00-9999.00-9999.00-9999.00-9999.00-9999.00-9999.00-9999.00-9999.00-9999.00-9999.00-9999.00-9999.00 85.79 77.98 277.07 375.44 77.45 0.00 359.05 374.11 138.93 83.22-9999.00-9999.00-9999.00-9999.00-9999.00-9999.00-9999.00-9999.00-9999.00-9999.00-9999.00-9999.00-9999.00-9999.00-9999.00-9999.00-9999.00-9999.00-9999.00-9999.00-9999.00-9999.00-9999.00-9999.00-9999.00-9999.00-9999.00-9999.00-9999.00-9999.00-9999.00-9999.00-9999.00-9999.00-9999.00-9999.00-9999.00-9999.00-9999.00-9999.00 126.73 188.02 94.66 88.24-9999.00-9999.00-9999.00-9999.00 79.71 125.74 373.10 377.38 87.26 381.49
136.24 79.16 80.58 91.02 90.46 0.00 0.00 0.00 0.00 0.00 359.80 135.64 93.27 0.00 0.00 0.00 226.42 121.13 78.07 79.04 0.00 85.11 78.07 80.98 114.86 0.00 80.39 92.19 85.11 0.00 376.94 185.25 126.73 376.43 265.33 120.21 80.39 90.03 101.66-9999.00-9999.00-9999.00-9999.00-9999.00 -9999.00-9999.00-9999.00-9999.00-9999.00-9999.00-9999.00-9999.00-9999.00-9999.00-9999.00-9999.00 77.39 148.59 373.10 77.15 257.51 0.00 82.28 85.29 85.46 88.51 79.71 380.69 128.05 81.99 298.73 204.60 86.90 230.27 191.71-9999.00-9999.00-9999.00-9999.00-9999.00-9999.00-9999.00-9999.00-9999.00-9999.00-9999.00-9999.00-9999.00-9999.00-9999.00-9999.00-9999.00-9999.00-9999.00-9999.00-9999.00-9999.00 79.87 103.84
79.29 219.84 380.79 419.63 80.77 97.46 149.38 80.39 204.20 377.53 88.89 122.81 0.00 125.57 89.35 99.84 343.82 89.68 87.26 347.45 375.47 78.14 126.76 0.00 82.18 88.61 89.85 90.22 163.28 88.47 82.45 0.00 375.35 78.20 161.61 318.95 77.69 98.67 93.27 79.04 138.35 78.44 119.42 376.82 377.03 370.54 209.31 88.61 78.62 78.93 80.03 80.77 91.23 83.35 78.52 122.95 87.52 127.33 0.00 0.00 0.00
230.92 78.71 86.63 78.35 97.05 88.75 85.76 120.50 385.18 81.20 86.87 79.16 87.04 85.51 382.97 375.41 97.46 80.03 80.03 380.65 239.10 86.17 93.96 90.22 82.45 378.33 133.87 85.92 85.36 77.90 143.68 79.42 121.86 384.93 368.90 149.53 221.00 0.00 375.92 338.49 195.61 101.70 394.08 357.48 164.28 86.35-9999.00-9999.00-9999.00-9999.00-9999.00-9999.00-9999.00-9999.00-9999.00-9999.00 -9999.00-9999.00-9999.00-9999.00-9999.00-9999.00-9999.00-9999.00-9999.00 375.76 89.04 253.21 86.90 87.24 83.57 142.59 78.91 132.04 118.26 0.00 79.71 78.29 84.53
349.64 141.93 88.34 90.60 93.96 85.88 159.46 117.02 77.70 156.22 362.82 81.43 376.00 93.27 0.00 376.77 138.77 0.00 376.42 376.06 85.10 84.01 307.36 82.45 85.92 375.43 81.67 92.19-9999.00-9999.00-9999.00-9999.00-9999.00-9999.00-9999.00-9999.00-9999.00 -9999.00-9999.00-9999.00 87.40 357.53 389.59 377.51 79.71 85.87 78.52 404.86 126.34 134.91 87.92 87.92 378.38 79.89 77.22 123.32 160.17 0.00 380.78 378.59 351.93 78.40 83.22 88.20 83.57 380.37 87.92 85.65 376.96 87.49 88.05 381.22
169.15 118.71 86.95 88.61 79.04 77.61 162.37 360.62 376.80 78.07 77.58 116.85 387.78 382.91 0.00 91.76 111.41 120.28 111.41 189.17 123.33 378.12 377.55 354.05 80.98 382.32 407.12 82.18 87.26 233.16-9999.00-9999.00-9999.00-9999.00-9999.00-9999.00-9999.00 -9999.00-9999.00-9999.00-9999.00 188.91 375.80 94.48 86.78 381.17 79.89 381.01 90.94 77.65 118.74 92.76 77.23 129.35 389.33 76.92 0.00 123.07 90.94 376.55 120.74 79.89 331.52 78.40 85.52 83.22 116.60 136.11 0.00 142.83 96.13
115.76 257.41 85.51 386.16 82.45 87.85 80.03 143.88 307.72 78.35 119.01 391.78 0.00 237.24 86.80 282.33 103.44 95.07 114.13 378.96 272.38 251.25 382.10 380.27 385.63 143.05 80.39 95.81 83.03 78.44-9999.00-9999.00-9999.00-9999.00-9999.00-9999.00-9999.00 -9999.00-9999.00-9999.00-9999.00-9999.00-9999.00 96.13 244.32 85.29 78.52 0.00 77.02 86.78 84.89 77.08 378.92 86.29 120.86 0.00 77.28 84.56 77.33 138.83 76.97 85.14 91.89 77.98 132.49 321.08 86.11 115.96 0.00 120.46 82.28 86.89 79.37
283.74 99.91 381.12 106.94 218.83 89.91 101.57 88.90 372.63 78.93 89.51 380.31 281.69 122.94 84.36 87.26-9999.00-9999.00-9999.00-9999.00-9999.00-9999.00-9999.00-9999.00 -9999.00-9999.00-9999.00-9999.00-9999.00-9999.00-9999.00-9999.00-9999.00 86.29 77.81 0.00 79.05 77.28 154.27 0.00 148.05 116.12 188.24 118.33 79.89 77.73 376.23 213.45 89.04 77.08 162.88 173.82 81.20 92.76 378.66 0.00 376.57 231.84 84.80 87.76 78.91 230.37 77.58 0.00 122.92 0.00 96.96 384.90 116.84 86.90 77.51 378.88 376.03 86.42 90.63 87.12 85.52
135.77 386.98 78.64 85.95 80.72 206.02 87.76 77.28 0.00 156.52 135.43 76.92 379.09 249.43 375.90 117.12 81.71 87.76 89.20 122.78 87.37 89.64 95.67 84.69 83.22 90.27 261.59 91.65 378.87 81.20 98.71 90.94 149.70 191.92 227.91 190.40 77.51 85.01 80.58 0.00 77.50 78.71 378.71 375.69 77.90 94.66 86.02 133.35 117.31 315.86 379.21 0.00 279.46 373.38 145.72 95.07 89.35 85.51 88.76 119.54 98.27
99.60 393.00 87.40 95.67 82.58 183.07 86.11 76.89 338.57 376.48 0.00 93.25 88.85 142.71 78.29 256.16 340.90 87.26 81.20 77.96 119.39 141.56 318.91 0.00 78.14 93.96 142.34 91.09 78.71 377.91 391.66 377.91 376.67 274.67 83.03 345.62 86.35 89.19 77.73 87.13 91.69 85.88 77.73 233.41 79.57 0.00 199.42 80.03 81.67 88.89 378.47 229.07 131.85 77.85 87.32 216.68 89.68 86.87 78.28 143.53 234.60
80.21 173.84 141.10 97.87 86.12 77.73 362.02 382.22 119.23 87.74 79.29 125.14 379.55 0.00 295.13 176.81 128.04 77.49 87.13 80.39 172.81 263.19 86.63 89.04 88.75 378.92 90.41 348.63 85.51 340.93 86.35 373.24 86.80 156.43 380.24 377.34 0.00 0.00 375.09 117.94 200.30 383.43 82.26 101.70 97.02 92.43 93.40 118.23 367.94 89.48 378.01 77.61 92.73 119.21 346.08 281.39 84.36-9999.00-9999.00-9999.00-9999.00-9999.00-9999.00-9999.00-9999.00-9999.00-9999.00 -9999.00-9999.00-9999.00-9999.00-9999.00-9999.00-9999.00-9999.00-9999.00 77.28 119.97 387.31
108.70 364.95 130.20 379.52 186.05 78.96 88.78 99.06 233.61 78.93 77.52 77.55 77.52 87.63 359.14 194.28 80.39-9999.00-9999.00-9999.00-9999.00-9999.00-9999.00-9999.00-9999.00-9999.00-9999.00-9999.00-9999.00-9999.00 -9999.00-9999.00-9999.00-9999.00-9999.00-9999.00-9999.00-9999.00-9999.00 87.40 343.63 372.17 78.64 78.18 378.96 124.69 82.28 380.16 383.86 0.00 337.69 85.09 0.00 77.98 251.29 134.13 102.37 90.19 77.28 0.00 168.26 88.51 87.76 122.02 383.39 148.82 136.46 80.09 77.08 142.85 0.00 77.51 86.03 85.52 166.17 375.99 87.24 390.20 87.24 79.53 380.85 81.20
0.00 300.00 137.65 76.95 89.64 271.43 379.33 78.64 0.00 80.95 88.05 87.63 90.87 76.88 130.89 77.58 134.10 0.00 79.89 77.89 158.46 0.00 141.42 78.18 155.51 78.64 206.76 78.40 86.77 84.01 89.68 90.03 78.20 154.69 89.19 89.19 84.01 0.00 368.30 375.61 0.00 79.04 81.67 386.45 288.66 380.61 204.00 0.00 254.05 88.24 373.16 91.23 105.39 78.14 87.52 80.03 379.72 93.63 86.80 81.67 374.28
377.24 80.58 78.07 354.90 371.80 84.36 381.64 78.44 87.97 90.60 78.82 377.83 378.34 380.74 0.00 376.19 379.56 222.49 145.26 89.15 137.56 80.58 88.75 173.42 91.76 77.55 383.14 78.62 376.38 78.07 77.85 375.99 278.18 88.24-9999.00-9999.00-9999.00-9999.00-9999.00-9999.00-9999.00-9999.00-9999.00-9999.00-9999.00-9999.00-9999.00-9999.00 -9999.00-9999.00-9999.00-9999.00-9999.00-9999.00-9999.00-9999.00-9999.00-9999.00-9999.00-9999.00-9999.00-9999.00-9999.00 357.60 92.76 94.14 99.60 84.30 377.34 89.20 86.47 76.88 0.00 87.65 118.46 123.78 372.45 380.90 116.37 83.22 84.53 77.58 378.85 0.00 80.09 84.56 77.02 237.98 0.00
91.89 82.58 145.27 377.48 377.40 77.39 383.94 80.72 98.21 0.00 77.28 85.19 86.03 86.57 171.08 154.28 106.91 226.97 130.41 354.10 102.43 243.27 380.79 377.68 139.48 88.24 245.88 78.93 82.74 333.51 85.51 201.39 87.97 87.26 394.58 83.67 203.37 97.05 377.20 80.39 81.92 81.43 91.02 78.07 150.76 253.23 208.89 0.00 139.60 90.60 80.77 323.94 221.00 0.00 383.02 375.32 318.43 144.27 80.39 77.50 85.42
93.08 132.89 83.22 379.63 81.20 158.97 77.73 123.86 165.83 396.24 81.20 137.24 0.00 90.07 375.66 88.05 77.89 99.23 376.69 0.00 137.53 86.34 79.72 91.88 225.75 78.40 152.76 145.99 79.21 82.90 133.58 243.59 381.48 95.03 80.58 391.26 209.59 89.30 89.87 376.26 347.28 379.42 0.00 84.36 86.87 93.31 94.30 80.21 91.02 251.67 291.68 87.74 89.30 81.67 376.65 380.92 126.22 88.34 85.92 80.03 119.73
78.29 96.09 378.38 78.64 77.89 282.70 79.71 162.91 95.11 141.81 0.00 276.54 77.51 83.86 326.76 81.45 87.92 80.95 173.54 381.42 132.33 384.34 85.09 378.94 103.86 137.28 80.95 375.65 81.71 0.00 124.16 145.15 86.80 88.76 393.94 398.35 89.87 124.79 88.78 293.58 81.67 379.92 79.04 111.41 91.02 81.20 379.18 399.62 263.41 143.22 77.85 248.88 78.28 142.25 376.04 93.63 82.18 127.23 377.49 86.80 88.24
92.19 81.48 82.76 370.46 242.19 103.86 89.39 92.46 99.23 207.34 109.18 83.57 375.34 377.04 0.00 207.13 215.89 394.76 379.68 161.55 389.56 378.12 377.90 240.01 375.47 93.27 261.12 185.18 317.72 0.00 0.00 88.76 0.00 133.00 229.26 85.51 222.39 77.81 83.03 78.52 374.74 376.84 417.62 387.01 77.73 181.85 379.33 0.00 88.76 377.10 87.74 0.00 375.60 89.91 77.81 77.50 86.79 0.00 0.00 377.91 83.03
0.00 0.00 253.00 101.87 263.75 92.40 96.49 99.84 104.88 83.67 92.45 89.87 83.67 77.63 81.20 133.16 85.11 98.27 92.45 79.16 86.49 171.44 79.29 78.14 117.29 229.73 0.00 377.27 367.55 144.59 89.55 199.50 85.11 78.82 190.28 0.00 221.78 176.99 118.98 85.92 90.41 84.36 124.70 359.35 90.41-9999.00-9999.00-9999.00-9999.00-9999.00-9999.00-9999.00-9999.00-9999.00-9999.00-9999.00-9999.00-9999.00-9999.00-9999.00-9999.00-9999.00-9999.00-9999.00 -9999.00-9999.00-9999.00-9999.00-9999.00-9999.00-9999.00-9999.00-9999.00-9999.00-9999.00-9999.00-9999.00-9999.00-9999.00-9999.00-9999.00-9999.00-9999.00-9999.00-9999.00-9999.00-9999.00 88.71 105.02 168.29 376.51 380.78 84.30 92.46 86.78 78.08 165.52 138.82 312.34 237.32 90.27 355.44
137.29 80.58 373.08 84.36 86.35 95.03 79.87 206.29 85.11 378.75 79.29 87.85 85.35 121.91 376.91 0.00 155.28 77.49 85.59 375.23 77.15 86.71 85.88 94.30 0.00 122.79 230.68 129.63 78.62 375.21 189.24 119.29 97.08-9999.00-9999.00-9999.00-9999.00-9999.00-9999.00-9999.00-9999.00-9999.00-9999.00-9999.00-9999.00-9999.00-9999.00-9999.00-9999.00-9999.00-9999.00-9999.00-9999.00 -9999.00-9999.00-9999.00-9999.00-9999.00-9999.00-9999.00-9999.00-9999.00-9999.00-9999.00-9999.00-9999.00-9999.00-9999.00-9999.00-9999.00-9999.00 112.01-9999.00 93.40 86.90 300.02 80.95 79.05 385.11 390.84 96.09 80.95 376.31 0.00 378.85 95.26 78.52 81.45 122.65 369.40 0.00 380.18 376.74 95.11 109.41 331.91 319.43 378.32 87.40
84.01 378.58 382.34 354.17 0.00 0.00 383.42 377.34 317.89 90.60 95.82 252.16 378.36 188.93 121.38 285.24 80.58 89.19 0.00 85.62 280.39 228.71 85.11-9999.00-9999.00-9999.00-9999.00-9999.00-9999.00-9999.00-9999.00-9999.00-9999.00-9999.00-9999.00-9999.00-9999.00-9999.00-9999.00-9999.00-9999.00-9999.00-9999.00-9999.00-9999.00-9999.00-9999.00 -9999.00-9999.00-9999.00-9999.00-9999.00-9999.00-9999.00-9999.00-9999.00-9999.00-9999.00-9999.00-9999.00-9999.00-9999.00-9999.00-9999.00 90.63 92.76 82.90 388.34 384.77 91.65 390.00 386.51 388.60 99.23 100.05 92.46 174.31 94.86 78.08 387.29 137.72 94.48 87.40 0.00 377.14 0.00 240.97 375.03 376.64 288.33 288.35 375.75 125.05 375.24 160.62 375.05 375.91 117.39 98.21 379.79 98.21
254.76 382.00 245.51 0.00 0.00 378.98 313.25 140.55 266.62 230.72 320.85 358.70 0.00 220.74 336.49 92.36 97.48 107.97 91.37 92.48 375.25 91.65 93.25 375.34 375.64 206.75 110.21 383.96 164.28 213.42 188.88 140.55 381.68 267.58 373.00 375.38 0.00 327.77 327.77 378.22 380.36 327.80 376.34 313.08 377.05 0.00 0.00 376.04 378.87 383.72 375.90 375.42 90.07 240.95 87.40 95.26 86.90 377.63 86.42 91.89 77.51
119.71 176.71 377.04 337.26 168.76 138.89 80.58 88.76 78.20 88.34 118.03 141.31 135.88 92.78 375.60 78.93 141.64 142.60-9999.00-9999.00-9999.00-9999.00-9999.00-9999.00-9999.00-9999.00-9999.00-9999.00-9999.00-9999.00-9999.00-9999.00-9999.00-9999.00-9999.00-9999.00-9999.00-9999.00-9999.00 -9999.00-9999.00-9999.00-9999.00-9999.00-9999.00-9999.00-9999.00-9999.00-9999.00-9999.00-9999.00-9999.00-9999.00-9999.00-9999.00-9999.00-9999.00-9999.00-9999.00-9999.00-9999.00-9999.00-9999.00-9999.00-9999.00-9999.00-9999.00-9999.00-9999.00 80.29 379.96 379.88 92.42 378.38 107.95 372.33 375.97 359.88 377.36 377.36 376.67 376.70 0.00 267.58 0.00 327.77 377.43 187.81 0.00 418.31 415.64 385.03 389.74 389.44 388.14 79.63 96.91 82.87 88.91 95.26 86.02 89.47 86.45 122.80 194.17 228.69 118.18 116.97 375.85 180.34 180.34
317.56 165.21 129.07 157.48 342.46 100.74 90.42 270.88 273.70 86.90 82.59 81.15 135.99 86.90 85.21 79.14 376.77 119.78 360.47 92.73 99.73 98.76 379.76 101.23 379.42 81.15 91.46 80.23 94.19 383.95 100.81 378.97 89.87 383.56 82.22-9999.00-9999.00-9999.00-9999.00-9999.00-9999.00-9999.00-9999.00-9999.00-9999.00-9999.00-9999.00-9999.00-9999.00-9999.00-9999.00-9999.00-9999.00-9999.00-9999.00-9999.00-9999.00 -9999.00-9999.00-9999.00-9999.00-9999.00-9999.00-9999.00-9999.00-9999.00-9999.00-9999.00-9999.00-9999.00-9999.00-9999.00-9999.00-9999.00-9999.00-9999.00-9999.00-9999.00-9999.00-9999.00-9999.00-9999.00-9999.00-9999.00-9999.00-9999.00-9999.00-9999.00-9999.00-9999.00 261.58 245.35 204.79 362.51 376.93 377.31 376.72 375.66 376.69 377.37 375.00 375.00 353.27 375.30 0.00 325.91 378.91 330.57 376.01 377.09 258.96 379.94 382.02 377.39 330.57
83.79 96.91 94.42 138.67-9999.00-9999.00-9999.00-9999.00-9999.00-9999.00-9999.00-9999.00-9999.00-9999.00-9999.00-9999.00-9999.00-9999.00-9999.00-9999.00-9999.00-9999.00-9999.00-9999.00-9999.00-9999.00 -9999.00-9999.00-9999.00-9999.00-9999.00-9999.00-9999.00-9999.00-9999.00-9999.00-9999.00-9999.00-9999.00-9999.00-9999.00-9999.00-9999.00-9999.00-9999.00-9999.00-9999.00-9999.00-9999.00-9999.00-9999.00-9999.00-9999.00-9999.00-9999.00-9999.00-9999.00-9999.00-9999.00-9999.00-9999.00-9999.00-9999.00-9999.00-9999.00-9999.00-9999.00-9999.00-9999.00-9999.00-9999.00 375.28 374.13 375.12 0.00 296.81 375.34 325.87 375.85 228.69 0.00 376.32 375.00 296.81 375.34 330.57 296.81 377.16 375.00 0.00 291.08 318.71 375.66 378.22 253.89 380.60 323.71 375.98 233.46 389.16 375.51 375.14 300.09 382.69 258.96 0.00 0.00 0.00 379.23 233.46 278.42 0.00 375.31 373.17 375.10 288.58 198.25 0.00 0.00 0.00 0.00 0.00 0.00 0.00 127.22 87.86 85.72
102.90 376.78 297.12 85.21 380.69 150.34 81.15 384.73 168.44 84.83 379.13 379.24 258.93 87.86 88.79 386.39 95.22 203.64 380.70 368.94 83.52-9999.00-9999.00-9999.00-9999.00-9999.00-9999.00-9999.00-9999.00-9999.00-9999.00-9999.00-9999.00-9999.00-9999.00-9999.00-9999.00-9999.00-9999.00 -9999.00-9999.00-9999.00-9999.00-9999.00-9999.00-9999.00-9999.00-9999.00-9999.00-9999.00-9999.00-9999.00-9999.00-9999.00-9999.00-9999.00-9999.00-9999.00-9999.00-9999.00-9999.00-9999.00-9999.00-9999.00-9999.00-9999.00-9999.00-9999.00-9999.00-9999.00-9999.00-9999.00-9999.00-9999.00-9999.00-9999.00-9999.00-9999.00-9999.00-9999.00-9999.00-9999.00-9999.00-9999.00-9999.00-9999.00-9999.00-9999.00-9999.00-9999.00 273.22 253.89 0.00 296.81 375.67 325.87 378.77 376.46 233.46 0.00 258.96 381.00 330.71 0.00 376.23 375.24 0.00 296.80 0.00 375.00 296.80 296.81 375.47 330.57 375.31 296.80 0.00 296.81 375.00 325.91 0.00 253.89 374.13 378.39 377.44 377.12 384.58 376.83 233.27
