蒙特卡罗+CDRMV3/输出数据/2D水深分布/WaterDepthGIS_0136.ASC
ncols         539            
nrows         744            
xllcorner     602630.84259341
yllcorner     3914823.670891 
cellsize      50             
NODATA_value  -9999.00       
[rows 0 to 26 of 32, columns 122 to 182 of 539]
88.82 381.43 148.41 83.73 191.48 93.83-9999.00-9999.00-9999.00-9999.00-9999.00-9999.00-9999.00-9999.00-9999.00-9999.00-9999.00-9999.00-9999.00-9999.00 -9999.00-9999.00-9999.00-9999.00-9999.00-9999.00-9999.00-9999.00-9999.00-9999.00-9999.00-9999.00-9999.00-9999.00-9999.00-9999.00-9999.00-9999.00-9999.00-9999.00-9999.00-9999.00-9999.00-9999.00-9999.00-9999.00-9999.00-9999.00-9999.00-9999.00-9999.00-9999.00-9999.00-9999.00-9999.00-9999.00-9999.00-9999.00-9999.00-9999.00-9999.00-9999.00-9999.00-9999.00-9999.00-9999.00-9999.00-9999.00-9999.00-9999.00-9999.00-9999.00-9999.00-9999.00-9999.00-9999.00-9999.00-9999.00-9999.00-9999.00-9999.00-9999.00-9999.00-9999.00-9999.00-9999.00-9999.00-9999.00-9999.00-9999.00-9999.00-9999.00-9999.00-9999.00-9999.00-9999.00-9999.00-9999.00-9999.00-9999.00-9999.00-9999.00-9999.00-9999.00-9999.00-9999.00-9999.00-9999.00-9999.00-9999.00-9999.00-9999.00-9999.00-9999.00-9999.00-9999.00-9999.00-9999.00-9999.00-9999.00-9999.00-9999.00-9999.00-9999.00-9999.00-9999.00-9999.00-9999.00-9999.00-9999.00-9999.00-9999.00-9999.00-9999.00-9999.00-9999.00 82.79 177.61 84.17 138.56 82.60 376.55 388.61 82.62 221.38 0.00 144.20 83.54 375.42 83.54 85.37-9999.00-9999.00-9999.00-9999.00-9999.00-9999.00-9999.00-9999.00-9999.00-9999.00-9999.00-9999.00-9999.00-9999.00 -9999.00-9999.00-9999.00-9999.00-9999.00-9999.00-9999.00-9999.00-9999.00-9999.00-9999.00-9999.00 97.49 88.11 100.59 100.99 88.80 98.45-9999.00-9999.00-9999.00-9999.00-9999.00-9999.00-9999.00-9999.00-9999.00-9999.00-9999.00-9999.00-9999.00-9999.00-9999.00-9999.00-9999.00-9999.00-9999.00-9999.00-9999.00-9999.00-9999.00-9999.00-9999.00-9999.00-9999.00-9999.00-9999.00-9999.00-9999.00-9999.00-9999.00-9999.00-9999.00-9999.00-9999.00-9999.00-9999.00-9999.00-9999.00-9999.00-9999.00-9999.00-9999.00-9999.00-9999.00-9999.00-9999.00-9999.00-9999.00-9999.00-9999.00-9999.00-9999.00-9999.00-9999.00-9999.00-9999.00-9999.00-9999.00-9999.00-9999.00-9999.00-9999.00-9999.00-9999.00-9999.00-9999.00-9999.00-9999.00-9999.00-9999.00-9999.00-9999.00-9999.00-9999.00-9999.00-9999.00-9999.00-9999.00-9999.00-9999.00-9999.00-9999.00-9999.00-9999.00-9999.00-9999.00-9999.00-9999.00-9999.00-9999.00-9999.00-9999.00-9999.00-9999.00 83.37 122.67 176.30 377.14 84.30 339.08 386.51 89.49 90.46 83.54 0.00 87.10 361.95 84.87 90.85 144.17 91.78-9999.00-9999.00-9999.00-9999.00-9999.00-9999.00-9999.00-9999.00-9999.00-9999.00-9999.00-9999.00-9999.00 -9999.00-9999.00-9999.00-9999.00-9999.00-9999.00-9999.00-9999.00-9999.00-9999.00-9999.00 88.11 165.88 216.06 101.71 228.10 329.98 86.11-9999.00-9999.00-9999.00-9999.00-9999.00-9999.00-9999.00-9999.00-9999.00-9999.00-9999.00-9999.00-9999.00-9999.00-9999.00-9999.00-9999.00-9999.00-9999.00-9999.00-9999.00-9999.00-9999.00-9999.00-9999.00-9999.00-9999.00-9999.00-9999.00-9999.00-9999.00-9999.00-9999.00-9999.00-9999.00-9999.00-9999.00-9999.00-9999.00-9999.00-9999.00-9999.00-9999.00-9999.00-9999.00-9999.00-9999.00-9999.00-9999.00-9999.00-9999.00-9999.00-9999.00-9999.00-9999.00-9999.00-9999.00-9999.00-9999.00-9999.00-9999.00-9999.00-9999.00-9999.00-9999.00-9999.00-9999.00-9999.00-9999.00-9999.00-9999.00-9999.00-9999.00-9999.00-9999.00-9999.00-9999.00-9999.00-9999.00-9999.00-9999.00-9999.00-9999.00-9999.00-9999.00-9999.00-9999.00-9999.00-9999.00-9999.00-9999.00-9999.00-9999.00-9999.00-9999.00-9999.00-9999.00 90.96 91.56 94.60 84.05 380.30 386.94 88.50
123.91 92.80 276.53 83.83 91.26 93.96 91.63 84.17 96.43 95.55 83.37 96.28 146.41 87.63 91.01 0.00 198.49 83.29 86.16 286.66 381.12 386.31 382.94 84.17 82.97 253.97 137.44 93.83-9999.00-9999.00 -9999.00-9999.00-9999.00-9999.00-9999.00-9999.00-9999.00-9999.00-9999.00-9999.00-9999.00-9999.00-9999.00-9999.00-9999.00 82.51 139.82 368.80 83.28 81.88 0.00 96.89 99.86 153.30 92.24-9999.00-9999.00-9999.00-9999.00-9999.00-9999.00-9999.00-9999.00-9999.00-9999.00-9999.00-9999.00-9999.00-9999.00-9999.00-9999.00-9999.00-9999.00-9999.00-9999.00-9999.00-9999.00-9999.00-9999.00-9999.00-9999.00-9999.00-9999.00-9999.00-9999.00-9999.00-9999.00-9999.00-9999.00-9999.00-9999.00-9999.00-9999.00-9999.00-9999.00-9999.00 90.61 105.66-9999.00-9999.00-9999.00-9999.00-9999.00-9999.00 93.67 92.80 130.29 93.03 90.22 382.37 86.85 94.44 350.21 217.24-9999.00-9999.00-9999.00-9999.00-9999.00-9999.00-9999.00-9999.00 83.94 126.86 152.60 386.06 312.71 93.81 375.29 94.44 87.63 378.22
83.53 213.92 166.76 376.43 0.00 148.23 130.37 83.53 82.43 401.17 257.78 96.61 207.13 103.29 101.71 108.69-9999.00-9999.00-9999.00-9999.00-9999.00-9999.00-9999.00-9999.00-9999.00-9999.00-9999.00-9999.00-9999.00-9999.00-9999.00-9999.00-9999.00-9999.00-9999.00-9999.00-9999.00-9999.00-9999.00-9999.00-9999.00-9999.00 86.85 110.54 94.98 105.66 89.15 96.43 96.93 223.86 98.03 378.54 92.10 377.74 93.67 91.37 97.46 96.93 84.43 144.45 378.64 96.43 85.56 0.00 0.00 375.37 87.10 86.38 130.45 382.52 86.38 92.10 88.50 93.96 92.10 83.73 177.63 84.17 91.37 82.88 380.80 129.46 92.28 89.85 83.83 84.87 84.05
143.99 215.01 0.00 0.00 320.24 85.75 87.10 91.43 101.97 91.50 86.85 0.00 171.71 0.00 171.71 379.75 213.36 91.01 101.30 424.33 378.31 377.10 91.87 100.28-9999.00-9999.00-9999.00-9999.00-9999.00-9999.00 -9999.00-9999.00-9999.00-9999.00-9999.00-9999.00-9999.00-9999.00-9999.00-9999.00-9999.00-9999.00 251.18 96.65 87.79 85.63 120.83 196.70 369.91 0.00 160.77 83.28 82.08 0.00 378.83 83.53 81.88 277.43 83.80 378.84 92.77 162.08 91.85-9999.00-9999.00-9999.00-9999.00 100.22 101.34 83.40 198.10 379.72 86.61 382.81 85.56 91.87 247.06 95.61 202.12 90.22 373.36 96.20
149.25 148.87 87.48 101.71 341.84 96.08 90.36 379.17 95.90 380.15 165.40 102.82 95.34 87.48 90.50 83.95 391.44 378.24 98.33 384.33 161.51 96.28 110.54 104.56 93.40 88.82 95.97 87.63 371.84 0.00 98.33 383.12 82.92 0.00 85.20 138.00 90.22 96.43 99.45 123.47 83.54 350.98 145.07 84.57 89.49 0.00 83.03 93.03 92.48 87.63 88.82 93.67 347.02 88.50 0.00 131.53 83.63 187.14 92.58 125.58 355.13
96.28 102.30 87.10 161.04 121.51 85.75 88.20 381.80 82.64 0.00 90.61 92.28 82.57 0.00 82.83 98.33 95.34 376.11 90.61 92.80 377.13 83.83 153.60 92.02 83.73 0.00 124.29 83.73 84.05 169.43 0.00 240.31 137.49 320.66 104.56 257.86 141.71 84.17 92.58 190.75 104.11 380.44 358.52 84.17 96.68 84.87 148.36 401.50 381.85 83.09 383.21 142.53 87.91 83.54 377.13 185.53 96.68 371.73 83.22 286.28 96.20
90.36 101.71 98.33 120.99 378.86 85.20 380.12 380.12 0.00 0.00 83.45 139.49 0.00 122.58 83.22 96.93 90.61 382.75 82.92 83.37 166.03 92.91 84.30 84.05 0.00 124.00 83.94 90.64 133.39 0.00 88.20 330.27 85.37 142.28 93.67 98.96 127.01 295.89 109.23 379.21 386.17 352.51 272.97 99.61 367.09 258.81 83.83 100.62 90.85 82.88 0.00 91.43 94.78 138.11 92.38 92.48 93.53 83.94 212.45 85.56 92.58
306.68 329.23 101.90 348.94 95.82 98.64 88.82 91.43 84.17 138.15 150.89 90.22 0.00 88.50 387.45 376.59 368.08 226.81 84.57 84.30 137.77 91.20 92.10 85.75 0.00 83.15 94.11 137.72 0.00 83.37 83.22 127.77 92.02 91.37 96.20 89.15 83.09 127.80 242.53 103.65 0.00 122.77 83.22 92.58 83.94 94.27 91.93 86.38 267.41 121.53 0.00 94.39 94.44 92.69 91.63 87.91 122.78 380.92 122.21 92.10 85.95
83.84 82.57 94.44 263.86 86.85 92.80 177.44 84.43 125.36 376.34 377.83 92.32 0.00 86.61 386.08 380.77 384.47 85.56 85.75 92.48 100.96 190.71 376.61 86.16 91.87 104.11 91.85 91.43 0.00 367.47 145.45 83.37 91.85 276.83 129.43 85.75 99.94 259.19 376.26 0.00 224.15 83.63 102.80 145.07 386.90 375.58 93.96 100.96 82.62 294.50 97.74 88.82 0.00 123.22 89.49 91.78 92.48 90.66 86.38 378.40 0.00
189.85 0.00 0.00 93.81 96.93 102.30 153.21 98.33 172.35 139.10 0.00 94.39 375.12 144.40 136.96 91.15 92.38 91.93 84.43 157.44 379.33 0.00 0.00 151.25 89.49 0.00 93.83 158.54 160.85 85.03 91.43 135.12 90.22 378.48 0.00 114.03 381.93 381.53 129.93 86.61 94.11 93.27 91.78 86.38 86.16 103.70 99.94 212.27 87.91 152.28 101.63-9999.00-9999.00-9999.00-9999.00-9999.00-9999.00-9999.00-9999.00 -9999.00-9999.00-9999.00-9999.00-9999.00-9999.00-9999.00-9999.00-9999.00-9999.00 90.09 124.21 126.11 0.00 378.06 82.67 86.36 92.09 93.05
0.00 375.62 85.86 0.00 389.16 381.47 318.60 0.00 375.47 373.37 283.74 99.19 94.78 91.43 388.81 85.20 86.38 84.43 84.30 97.46 98.33 375.58 151.36 92.32-9999.00-9999.00-9999.00-9999.00-9999.00-9999.00-9999.00-9999.00 -9999.00-9999.00-9999.00-9999.00-9999.00-9999.00-9999.00-9999.00-9999.00-9999.00 93.54 138.12 122.17 0.00 234.26 93.72 106.28 89.60 81.91 92.77 402.63 81.99 90.71 91.04 82.06 0.00 167.47 82.59 100.96 88.11 141.60 82.30 218.65 382.07 259.90 127.80 87.18 83.05 221.99 382.36 96.08 91.74 391.03 83.66 95.58 93.33
0.00 86.36 96.89 89.55 139.99 133.21 85.00 0.00 304.90 312.68 123.08 92.77 96.34 381.42 97.80 140.90 367.85 86.62 94.27 376.63 91.13 82.30 173.92 0.00 92.76 99.14 93.05 89.90 81.73 91.52 94.89 377.59 89.86 332.80 89.39 91.04 81.71 344.00 0.00 191.02 138.27 81.84 89.69 88.80 325.80 85.56 159.56 376.23 376.01 82.83 156.79 0.00 143.64 83.37 93.27 94.96 84.30 153.25 0.00 129.57 91.87
0.00 133.11 84.80 213.58 100.08 81.75 147.69 351.94 378.85 190.74 95.11 87.10 0.00 380.19 87.63 400.20 85.37 123.10 93.30 139.48 0.00 148.23 85.95 84.17 381.74 89.85 88.50 209.66 98.03 377.21 97.19 82.57 390.69 105.96 84.57 94.98 0.00 376.50 360.79 90.22 87.91 377.43 82.60 92.69 84.87 380.75 86.16 344.82 377.05 387.11 96.28 102.00 205.40 383.30 245.66 376.22 265.97 265.97 0.00 375.43 376.49
94.39 85.75 91.01 300.70 0.00 0.00 292.51 376.64 378.97 266.03 0.00 0.00 0.00 119.30 202.52 238.90 0.00 0.00 0.00 87.81 0.00 0.00 381.85 102.30 85.95 370.15 377.57 123.87 83.73 85.03 96.43-9999.00-9999.00-9999.00-9999.00-9999.00-9999.00-9999.00-9999.00-9999.00-9999.00-9999.00-9999.00-9999.00-9999.00 -9999.00-9999.00-9999.00-9999.00-9999.00-9999.00-9999.00-9999.00-9999.00-9999.00 99.18 196.22 255.83 93.21 174.85 172.03 377.75 92.61 93.21 369.23 375.42 0.00 87.79 81.76 82.13 90.48 91.85 91.74 231.21 85.86 128.78 0.00 335.38 0.00 161.39 122.63 121.26 90.50 82.95
0.00 123.53 82.24 101.34 0.00 176.13 121.24 91.22 89.86 86.62 0.00 82.76 212.59 83.95 96.34 173.92 92.09 89.82 82.59 91.42 82.03 0.00 0.00 125.39 82.03 339.82 137.42 90.57 96.89 85.41 371.38 92.90 138.20 370.95 168.95 126.56 83.22 380.10 0.00 378.79 376.60 375.57 92.80 116.07 98.38 98.64 84.05 86.61 356.31 319.23 95.39 384.85 130.28 85.37 84.87 179.99 91.93 128.20 85.75 375.70 239.32
253.86 230.90 0.00 145.25 81.62 84.59 92.69 386.57 377.98 377.39 82.79 93.81 82.64 126.31 92.80 93.81 84.57-9999.00-9999.00-9999.00-9999.00-9999.00-9999.00-9999.00-9999.00-9999.00-9999.00-9999.00-9999.00-9999.00-9999.00-9999.00-9999.00 -9999.00-9999.00-9999.00-9999.00-9999.00-9999.00-9999.00-9999.00-9999.00-9999.00-9999.00-9999.00-9999.00-9999.00-9999.00-9999.00-9999.00 108.77 95.19 88.80 86.11 93.21 83.80 81.82 130.17 0.00 82.13 94.08 83.66 250.10 81.78 182.94 380.14 82.13 389.02 0.00 133.70 84.80 82.76 0.00 89.55 90.25 82.36 176.79 377.28 0.00 384.74 383.08 378.10 354.49 170.35 84.11 89.50 123.44 206.96 375.36 0.00 89.16 91.13 91.73
100.96 379.68 85.37 151.51 92.48 84.43 83.54 382.64 85.95 91.63 84.71 82.54 122.87 0.00 140.34 94.98 98.03 104.11 258.08 88.13 103.00 85.95 98.03 220.74 127.82 83.73 96.43 309.99 201.85 136.68 96.28-9999.00-9999.00-9999.00-9999.00-9999.00-9999.00-9999.00-9999.00-9999.00-9999.00-9999.00-9999.00-9999.00-9999.00-9999.00-9999.00-9999.00-9999.00-9999.00 -9999.00-9999.00-9999.00-9999.00-9999.00-9999.00-9999.00-9999.00-9999.00-9999.00-9999.00-9999.00-9999.00-9999.00-9999.00-9999.00-9999.00 86.89 297.16 153.73 87.79 210.15 372.48 82.95 0.00 148.98 85.86 93.91 97.19 95.34 93.90 83.95 85.86 93.21 98.12 85.41 120.87 166.51 0.00 102.82 379.68 81.95 94.89 85.63 102.48 95.11
189.98 85.03 126.88 172.02 90.96 91.37 83.63 93.67 91.05 83.94 82.62 126.54 216.97 384.33 412.02 381.90 0.00 0.00 92.80 377.99 377.31 377.72 307.60 153.13 122.48 83.03 87.10 157.87 93.03 98.03-9999.00-9999.00-9999.00-9999.00-9999.00-9999.00-9999.00-9999.00-9999.00-9999.00-9999.00-9999.00-9999.00-9999.00-9999.00-9999.00-9999.00-9999.00-9999.00-9999.00-9999.00 -9999.00-9999.00-9999.00-9999.00-9999.00-9999.00-9999.00-9999.00-9999.00-9999.00-9999.00-9999.00-9999.00-9999.00-9999.00-9999.00-9999.00-9999.00-9999.00 100.08 377.59 159.39 95.90 386.70 91.74 98.12 176.13 99.50 369.71 84.44 88.45 226.81 318.19 133.81 122.50 379.06 0.00 186.73 120.41 94.53 85.41 126.97 0.00 332.12 128.17 82.85 82.03 83.95 123.24
377.26 93.27 83.83 373.79 0.00 0.00 0.00 0.00 87.91 85.75 109.75 0.00 0.00 0.00 90.22 83.73 127.15 377.90 82.58 82.61 136.81 298.69 82.88 94.27-9999.00-9999.00-9999.00-9999.00-9999.00-9999.00-9999.00-9999.00-9999.00-9999.00-9999.00-9999.00-9999.00-9999.00-9999.00-9999.00-9999.00 -9999.00-9999.00-9999.00-9999.00-9999.00-9999.00-9999.00-9999.00-9999.00-9999.00-9999.00-9999.00-9999.00-9999.00-9999.00-9999.00-9999.00-9999.00-9999.00-9999.00-9999.00-9999.00-9999.00-9999.00-9999.00 203.61 330.31 378.08 376.25 380.64 392.96 382.35 0.00 0.00 0.00 0.00 0.00 375.65 86.11 87.18 190.90 96.65 0.00 0.00 0.00 0.00 0.00 341.07 120.39 0.00 0.00 380.00 289.60 377.93 383.13 275.19 377.27 98.29 103.96 96.32 98.73
381.90 123.75 84.17-9999.00-9999.00-9999.00-9999.00-9999.00-9999.00-9999.00-9999.00-9999.00-9999.00-9999.00-9999.00-9999.00-9999.00-9999.00-9999.00-9999.00-9999.00 -9999.00-9999.00-9999.00-9999.00-9999.00-9999.00-9999.00-9999.00-9999.00-9999.00-9999.00-9999.00-9999.00-9999.00-9999.00-9999.00-9999.00-9999.00-9999.00-9999.00-9999.00-9999.00-9999.00-9999.00 116.98 93.72 91.62 84.27 382.89 88.80 91.52 89.72 90.95 134.29 120.70 128.60 99.86 88.80 86.11 88.80 0.00 379.85 375.42 176.85 96.65 102.88 97.45 311.69 378.87 382.82 234.25 92.24 313.43 96.65 376.24 185.04 0.00 304.87 110.04 289.12 236.23 89.95 90.80 87.18 337.54 92.24 385.63 378.41 90.36 97.45 265.12 378.21 381.83 92.24 101.71 87.48 322.63 0.00 0.00 0.00 0.00
0.00 89.95 91.22 83.80 125.87 369.42 0.00 380.04 106.56 184.00 83.29 121.45 103.37 376.43 154.09 96.89 86.11 100.08 340.75 106.56 443.97 323.15 127.96 103.81 85.86 340.67 377.74 0.00 0.00 124.60 103.51 92.24 92.24 98.45 119.33 134.68 375.78 244.20 93.33 126.47 86.62 137.35 343.18 379.84 382.07 249.40 0.00 249.40 376.69 256.23 270.28 371.35 385.91 375.75 249.01 384.90 228.55 98.29 93.33 0.00 376.83
380.51 0.00 376.98 382.50 308.51 377.88 375.85 125.22 188.83 129.93 91.26 373.42 93.33 357.29 259.94 99.44 138.61 416.07 179.33 354.50 111.58 94.53 400.44 433.40 0.00 0.00 375.07 342.73 389.51 115.44 101.34 302.34 92.24 260.69 87.18 86.89 378.05 241.85 359.08 151.35 0.00 380.49 0.00 376.10 379.58 381.96 300.35 375.73 0.00 225.55 377.99 262.34 93.49 130.81 108.58 84.27 85.75 100.28 98.64 102.98 96.68
0.00 378.26 0.00 307.14 375.51 376.18 383.74 330.24 330.57 379.24 0.00 377.48 0.00 375.25 382.67 107.40 126.04 376.03 102.64 345.67 100.08 86.17 376.22 138.49 89.55 84.30 123.52 375.56 293.06 0.00 376.92 309.69 110.71 156.01 92.38 123.42 159.25 385.81 122.12 375.87 372.38 164.35 142.77 85.20 263.77 301.44 350.83 83.37 158.42 377.97 84.05 178.50-9999.00-9999.00-9999.00-9999.00-9999.00-9999.00-9999.00-9999.00-9999.00-9999.00-9999.00-9999.00-9999.00-9999.00-9999.00-9999.00-9999.00-9999.00-9999.00-9999.00-9999.00-9999.00 -9999.00-9999.00-9999.00-9999.00-9999.00-9999.00-9999.00-9999.00-9999.00-9999.00-9999.00-9999.00-9999.00-9999.00-9999.00-9999.00-9999.00-9999.00-9999.00-9999.00-9999.00-9999.00-9999.00-9999.00-9999.00-9999.00-9999.00-9999.00 98.29 141.91 105.33 101.71 96.65 84.80 378.51 94.53
378.26 375.77 139.66 360.14 0.00 181.57 117.13 257.64 316.29 328.44 378.11 380.37 276.38 108.69 96.65 376.36 334.53 275.29 377.43 380.70 384.94 0.00 0.00 0.00 0.00 0.00 376.79 199.56 298.08 131.23 199.56 336.36 0.00 298.07 376.43 0.00 381.65 375.18 298.07 377.50 298.07 0.00 0.00 0.00 0.00 0.00 0.00 0.00 377.92 178.55 104.74 99.76 377.25 394.99 379.87 90.07 111.61 375.29 122.59 83.74 86.73
380.63 91.01 102.80 384.87 95.77-9999.00-9999.00-9999.00-9999.00-9999.00-9999.00-9999.00-9999.00-9999.00-9999.00-9999.00-9999.00-9999.00-9999.00-9999.00-9999.00-9999.00-9999.00-9999.00-9999.00-9999.00 -9999.00-9999.00-9999.00-9999.00-9999.00-9999.00-9999.00-9999.00-9999.00-9999.00-9999.00-9999.00-9999.00-9999.00-9999.00-9999.00-9999.00-9999.00-9999.00-9999.00-9999.00-9999.00-9999.00-9999.00-9999.00-9999.00-9999.00-9999.00-9999.00-9999.00-9999.00-9999.00-9999.00 368.90 377.75 379.84 192.27 389.12 386.82 377.18 378.63 275.25 298.08 298.08 298.08 275.25 275.25 0.00 375.23 375.17 379.98 375.56 378.66 382.30 379.72 378.58 379.79 398.42 94.02 91.57 381.70 392.52 256.38 406.09 392.44 399.00 375.57 112.70 119.62 108.25 94.02 376.77 377.06 375.61 376.64 273.01 102.68 101.68 377.90 98.59 376.23 384.67 0.00 376.08 375.20 309.11 92.40 123.68
298.07 298.07 405.50 298.08 375.37 232.18 0.00 376.51 280.49 382.69 247.99 378.86 379.60 178.55 371.03 336.57 397.79 392.33 381.61 261.50 280.49 382.79 378.24 377.49 0.00 382.90 378.38 377.59 0.00 0.00 0.00 0.00 0.00 375.61 348.15 279.78 375.05 141.21 90.73 155.28 0.00 248.98 123.36 91.57 253.25 83.14 101.44 106.32 98.87 255.49 89.97 383.40 375.76 86.73 89.97 106.32 102.24 164.58 85.70 94.99 101.44
382.80 88.83 94.90 380.30 89.36-9999.00-9999.00-9999.00-9999.00-9999.00-9999.00-9999.00-9999.00-9999.00-9999.00-9999.00-9999.00-9999.00-9999.00-9999.00-9999.00-9999.00-9999.00 -9999.00-9999.00-9999.00-9999.00-9999.00-9999.00-9999.00-9999.00-9999.00-9999.00-9999.00-9999.00-9999.00-9999.00-9999.00-9999.00-9999.00-9999.00-9999.00-9999.00-9999.00-9999.00-9999.00-9999.00-9999.00-9999.00-9999.00-9999.00-9999.00-9999.00-9999.00-9999.00-9999.00-9999.00-9999.00-9999.00-9999.00-9999.00-9999.00-9999.00-9999.00-9999.00-9999.00-9999.00-9999.00-9999.00-9999.00-9999.00-9999.00-9999.00-9999.00 298.07 0.00 256.38 298.08 375.98 378.35 0.00 0.00 0.00 379.54 237.04 323.46 372.52 0.00 320.42 375.29 0.00 298.08 298.07 0.00 375.07 375.02 298.07 377.12 376.37 298.08 298.07 0.00 375.02 298.08 377.64 0.00 232.18 275.25 320.05 232.24 375.71 375.50 375.50 202.98 89.28 218.10 112.97 394.49 379.72 380.43 383.23 83.36 92.74 93.72 106.90 88.61 389.17 185.71 95.19
