蒙特卡罗+CDRMV3/输出数据/2D水深分布/WaterDepthGIS_0151.ASC
ncols         539            
nrows         744            
xllcorner     602630.84259341
yllcorner     3914823.670891 
cellsize      50             
NODATA_value  -9999.00       
[rows 0 to 26 of 32, columns 183 to 243 of 539]
85.69 74.81 240.04 0.00 381.05 377.37 378.42 323.54 264.25 79.22-9999.00-9999.00-9999.00-9999.00-9999.00-9999.00-9999.00-9999.00-9999.00-9999.00-9999.00-9999.00-9999.00 -9999.00-9999.00-9999.00-9999.00-9999.00-9999.00-9999.00-9999.00-9999.00-9999.00-9999.00 83.14 187.21 378.53 86.24 379.50 79.45 85.71 90.33 81.47-9999.00-9999.00-9999.00-9999.00-9999.00-9999.00-9999.00-9999.00-9999.00-9999.00-9999.00-9999.00-9999.00-9999.00-9999.00-9999.00-9999.00-9999.00-9999.00-9999.00-9999.00-9999.00-9999.00-9999.00-9999.00-9999.00-9999.00-9999.00-9999.00-9999.00-9999.00-9999.00-9999.00-9999.00-9999.00-9999.00-9999.00-9999.00-9999.00-9999.00-9999.00-9999.00-9999.00-9999.00-9999.00-9999.00-9999.00-9999.00-9999.00-9999.00-9999.00-9999.00-9999.00-9999.00-9999.00-9999.00-9999.00-9999.00-9999.00-9999.00-9999.00-9999.00-9999.00-9999.00-9999.00-9999.00-9999.00-9999.00-9999.00-9999.00-9999.00-9999.00-9999.00-9999.00-9999.00-9999.00-9999.00-9999.00-9999.00-9999.00-9999.00-9999.00-9999.00-9999.00-9999.00-9999.00-9999.00-9999.00-9999.00-9999.00-9999.00-9999.00-9999.00-9999.00 76.84 120.73 213.87 377.93 379.59 286.90 74.81 84.01 74.74 179.55 86.40 0.00 82.96 191.11 80.70 191.06 81.75 86.61-9999.00-9999.00-9999.00-9999.00-9999.00-9999.00-9999.00-9999.00-9999.00-9999.00-9999.00-9999.00-9999.00 -9999.00-9999.00-9999.00-9999.00-9999.00-9999.00-9999.00-9999.00-9999.00-9999.00 212.16 136.73 78.89 380.87 98.66 378.54 299.51 76.29 136.87 217.35 110.74-9999.00-9999.00-9999.00-9999.00-9999.00-9999.00-9999.00-9999.00-9999.00-9999.00-9999.00-9999.00-9999.00-9999.00-9999.00-9999.00-9999.00-9999.00-9999.00-9999.00-9999.00-9999.00-9999.00-9999.00-9999.00-9999.00-9999.00-9999.00-9999.00-9999.00-9999.00-9999.00-9999.00-9999.00-9999.00-9999.00-9999.00-9999.00-9999.00-9999.00-9999.00-9999.00-9999.00-9999.00-9999.00-9999.00-9999.00-9999.00-9999.00-9999.00-9999.00-9999.00-9999.00-9999.00-9999.00-9999.00-9999.00-9999.00-9999.00-9999.00-9999.00-9999.00-9999.00-9999.00-9999.00-9999.00-9999.00-9999.00-9999.00-9999.00-9999.00-9999.00-9999.00-9999.00-9999.00-9999.00-9999.00-9999.00-9999.00-9999.00-9999.00-9999.00-9999.00-9999.00-9999.00-9999.00-9999.00-9999.00-9999.00-9999.00-9999.00-9999.00-9999.00 75.78 120.24 373.73 77.31 77.67 155.92 84.19 74.74 132.83 209.61 350.83
184.28 376.74 149.55 90.00 378.95 75.05 84.09 113.05 85.42 84.59 85.55 75.10 146.61 0.00 232.38 74.76 155.99 83.76 74.90 125.27 132.25 75.88 74.76 86.13 84.92 83.27 76.69 74.79 0.00 208.95 76.56 80.70 377.18 0.00 267.95 240.19 378.28 367.15 74.90 86.78-9999.00-9999.00-9999.00 -9999.00-9999.00-9999.00-9999.00-9999.00-9999.00-9999.00-9999.00-9999.00-9999.00-9999.00-9999.00-9999.00-9999.00-9999.00 82.97 75.25 260.27 375.34 74.73 0.00 344.77 369.76 134.73 80.39-9999.00-9999.00-9999.00-9999.00-9999.00-9999.00-9999.00-9999.00-9999.00-9999.00-9999.00-9999.00-9999.00-9999.00-9999.00-9999.00-9999.00-9999.00-9999.00-9999.00-9999.00-9999.00-9999.00-9999.00-9999.00-9999.00-9999.00-9999.00-9999.00-9999.00-9999.00-9999.00-9999.00-9999.00-9999.00-9999.00-9999.00-9999.00-9999.00-9999.00 120.13 178.33 91.55 85.32-9999.00-9999.00-9999.00-9999.00 76.84 121.66 369.04 377.26 84.32 381.14
131.18 76.31 77.67 88.10 87.56 0.00 0.00 0.00 0.00 0.00 354.97 130.73 90.24 0.00 0.00 0.00 215.18 117.42 75.26 76.19 0.00 82.14 75.26 78.06 109.33 0.00 77.49 89.22 82.14 0.00 376.79 174.10 120.13 376.39 249.22 116.57 77.49 87.13 98.81-9999.00-9999.00-9999.00-9999.00-9999.00 -9999.00-9999.00-9999.00-9999.00-9999.00-9999.00-9999.00-9999.00-9999.00-9999.00-9999.00-9999.00 74.67 143.75 366.04 74.44 250.32 0.00 79.45 82.46 82.64 85.71 76.92 380.58 124.21 79.16 281.16 191.41 84.09 221.11 187.06-9999.00-9999.00-9999.00-9999.00-9999.00-9999.00-9999.00-9999.00-9999.00-9999.00-9999.00-9999.00-9999.00-9999.00-9999.00-9999.00-9999.00-9999.00-9999.00-9999.00-9999.00-9999.00 76.99 100.48
76.43 209.07 380.62 418.11 77.86 94.41 140.64 77.49 189.44 377.35 85.98 119.62 0.00 119.38 86.45 97.10 339.07 86.78 84.32 337.96 374.22 75.32 122.56 0.00 79.22 85.69 86.95 87.31 159.13 85.55 79.49 0.00 367.78 75.39 151.46 310.68 74.90 95.78 90.24 76.19 133.63 75.61 115.79 376.49 376.70 364.21 205.89 85.69 75.78 76.08 77.15 77.86 88.31 80.37 75.69 119.21 84.59 123.70 0.00 0.00 0.00
220.57 75.88 83.68 75.53 93.95 85.83 82.79 117.14 384.87 78.27 83.92 76.31 84.09 82.54 382.83 375.07 94.41 77.15 77.15 380.48 225.65 83.22 90.88 87.31 79.49 378.13 130.52 82.96 82.39 75.10 141.38 76.56 118.15 384.89 359.21 142.60 216.53 0.00 375.86 334.66 189.32 96.56 394.06 347.60 153.76 83.39-9999.00-9999.00-9999.00-9999.00-9999.00-9999.00-9999.00-9999.00-9999.00-9999.00 -9999.00-9999.00-9999.00-9999.00-9999.00-9999.00-9999.00-9999.00-9999.00 375.54 86.24 251.30 84.09 84.44 80.73 138.19 76.15 125.78 115.10 0.00 76.92 75.54 81.70
332.81 137.21 85.42 87.69 90.88 82.91 155.69 113.53 74.90 144.54 354.46 78.49 375.98 90.24 0.00 376.68 131.81 0.00 376.35 376.01 82.26 81.03 296.39 79.49 82.96 375.27 78.73 89.22-9999.00-9999.00-9999.00-9999.00-9999.00-9999.00-9999.00-9999.00-9999.00 -9999.00-9999.00-9999.00 84.59 351.84 389.37 377.49 76.92 83.05 75.77 403.46 122.81 131.17 85.12 85.12 378.16 77.10 74.51 119.72 152.57 0.00 380.63 378.47 347.61 75.65 80.39 85.40 80.73 380.45 85.12 82.83 376.66 84.69 85.25 380.88
166.15 115.12 84.01 85.69 76.19 74.81 157.99 358.19 376.74 75.26 74.79 113.37 386.90 382.91 0.00 88.82 106.40 115.06 106.40 177.87 117.01 377.83 377.55 346.74 78.06 381.81 405.26 79.22 84.32 220.54-9999.00-9999.00-9999.00-9999.00-9999.00-9999.00-9999.00 -9999.00-9999.00-9999.00-9999.00 177.17 375.40 91.51 83.97 380.66 77.10 380.61 88.12 74.93 115.33 89.87 74.52 124.95 388.94 74.22 0.00 119.86 88.12 376.24 117.29 77.10 323.80 75.65 82.69 80.39 113.29 131.93 0.00 135.74 93.15
112.84 242.43 82.54 385.54 79.49 84.92 77.15 139.05 291.26 75.53 115.41 390.99 0.00 226.36 83.85 270.41 98.15 91.94 106.85 378.76 258.09 234.95 381.48 379.78 384.92 134.50 77.49 92.67 80.07 75.61-9999.00-9999.00-9999.00-9999.00-9999.00-9999.00-9999.00 -9999.00-9999.00-9999.00-9999.00-9999.00-9999.00 93.15 234.72 82.46 75.77 0.00 74.31 83.97 82.07 74.37 378.74 83.47 117.63 0.00 74.57 81.73 74.62 135.93 74.27 82.31 89.04 75.25 127.76 300.93 83.29 112.84 0.00 117.09 79.45 84.08 76.59
273.97 97.18 380.56 100.31 207.01 84.99 95.46 84.07 370.91 76.08 86.61 379.83 269.20 119.31 81.39 84.32-9999.00-9999.00-9999.00-9999.00-9999.00-9999.00-9999.00-9999.00 -9999.00-9999.00-9999.00-9999.00-9999.00-9999.00-9999.00-9999.00-9999.00 83.47 75.08 0.00 76.29 74.57 149.62 0.00 141.27 113.02 183.08 114.94 77.10 75.00 376.16 200.49 86.24 74.37 158.09 160.87 78.38 89.87 378.49 0.00 376.41 215.60 81.97 84.96 76.15 213.24 74.86 0.00 118.27 0.00 94.01 384.42 113.74 84.09 74.79 378.48 375.60 83.60 87.82 84.31 82.70
132.21 386.38 75.89 83.13 77.91 202.29 84.96 74.57 0.00 146.29 130.45 74.22 379.01 235.84 375.56 113.78 78.89 84.96 86.40 119.53 84.56 86.84 92.68 81.86 80.39 87.46 252.78 88.81 378.60 78.38 95.92 88.12 142.38 188.51 225.89 173.61 74.79 82.18 77.67 0.00 74.71 75.88 378.55 375.25 75.10 91.55 83.05 126.38 113.92 300.15 378.94 0.00 261.58 368.11 138.42 91.94 86.45 82.54 85.85 113.47 95.32
96.87 392.68 84.59 92.68 79.75 175.23 83.29 74.19 330.10 376.30 0.00 90.33 86.05 140.94 75.53 243.73 334.47 84.32 78.27 75.15 115.76 137.71 302.12 0.00 75.32 90.88 135.78 88.17 75.88 377.66 391.17 377.73 376.59 260.99 80.07 338.37 83.39 86.29 74.93 84.19 88.75 82.91 74.93 222.20 76.69 0.00 186.91 77.15 78.73 85.98 378.13 220.42 126.80 75.05 84.38 206.69 86.78 83.92 75.46 141.28 209.21
77.31 161.06 138.32 94.86 83.16 74.93 356.43 382.14 116.15 84.81 76.43 121.15 379.34 0.00 269.74 168.59 123.65 74.70 84.19 77.49 169.72 252.77 83.68 86.13 85.83 378.53 87.50 336.62 82.54 327.76 83.39 371.37 83.85 147.08 379.99 377.28 0.00 0.00 375.09 112.10 195.32 382.74 79.40 96.56 92.22 88.10 90.43 110.98 359.03 84.59 377.73 74.81 89.73 115.59 338.13 264.46 81.39-9999.00-9999.00-9999.00-9999.00-9999.00-9999.00-9999.00-9999.00-9999.00-9999.00 -9999.00-9999.00-9999.00-9999.00-9999.00-9999.00-9999.00-9999.00-9999.00 74.57 116.51 387.04
102.95 359.38 122.78 379.22 171.66 76.17 84.32 96.23 222.70 76.08 74.73 74.75 74.73 84.69 346.14 183.59 77.49-9999.00-9999.00-9999.00-9999.00-9999.00-9999.00-9999.00-9999.00-9999.00-9999.00-9999.00-9999.00-9999.00 -9999.00-9999.00-9999.00-9999.00-9999.00-9999.00-9999.00-9999.00-9999.00 84.59 336.29 370.76 75.89 75.44 378.76 120.93 79.45 379.84 383.78 0.00 337.46 82.27 0.00 75.25 239.19 130.93 97.72 87.38 74.57 0.00 158.28 85.71 84.96 118.81 382.91 139.56 132.46 77.29 74.37 141.09 0.00 74.79 83.21 82.69 161.08 375.83 84.44 389.57 84.44 76.75 380.43 78.38
0.00 286.85 132.97 74.25 86.84 253.14 379.20 75.89 0.00 78.14 85.25 84.82 88.05 74.18 126.24 74.86 129.24 0.00 77.10 75.16 153.07 0.00 137.64 75.44 150.59 75.89 202.37 75.65 84.07 81.03 86.78 87.13 75.39 146.67 86.29 86.29 81.03 0.00 367.07 375.59 0.00 76.19 78.73 386.10 286.77 380.55 198.85 0.00 243.21 85.32 368.04 88.31 99.88 75.32 84.59 77.15 379.35 90.58 83.85 78.73 370.54
376.93 77.67 75.26 347.15 370.71 81.39 381.06 75.61 85.04 87.69 75.98 377.41 377.88 380.10 0.00 376.02 378.79 206.57 137.90 84.71 133.30 77.67 85.83 164.20 88.82 74.75 383.01 75.78 376.07 75.26 75.05 374.02 263.95 85.32-9999.00-9999.00-9999.00-9999.00-9999.00-9999.00-9999.00-9999.00-9999.00-9999.00-9999.00-9999.00-9999.00-9999.00 -9999.00-9999.00-9999.00-9999.00-9999.00-9999.00-9999.00-9999.00-9999.00-9999.00-9999.00-9999.00-9999.00-9999.00-9999.00 354.08 89.87 91.19 96.87 81.47 377.12 86.40 83.66 74.18 0.00 84.95 115.12 120.15 369.80 380.82 113.07 80.39 81.70 74.86 378.54 0.00 77.29 81.72 74.31 228.57 0.00
89.04 79.75 140.46 377.26 377.33 74.67 383.28 77.91 95.36 0.00 74.57 82.36 83.21 83.76 165.22 149.12 101.25 221.72 123.62 348.97 97.23 224.74 380.24 377.34 134.80 85.32 235.04 76.08 79.77 324.05 82.54 189.50 85.04 84.32 393.27 80.70 197.07 93.95 376.57 77.49 78.97 78.49 88.10 75.26 144.34 245.83 205.27 0.00 135.07 87.69 77.86 314.89 216.53 0.00 382.81 375.30 290.58 141.95 77.49 74.71 82.45
90.17 128.16 80.39 379.51 78.38 153.19 75.00 120.21 160.93 394.49 78.38 133.74 0.00 87.34 375.65 85.25 75.16 96.48 376.64 0.00 131.37 82.38 77.02 89.09 218.88 75.65 148.29 138.63 76.43 80.06 129.89 239.65 381.28 91.90 77.67 390.31 194.47 86.40 86.97 376.16 343.04 379.41 0.00 81.39 83.92 90.28 91.21 77.31 88.10 237.23 268.98 84.81 86.40 78.73 376.38 380.66 122.08 85.42 82.96 77.15 116.10
75.54 93.11 378.33 75.89 75.16 267.30 76.92 153.51 92.12 135.71 0.00 267.83 74.79 81.14 317.78 78.63 85.12 78.14 161.28 381.02 126.27 384.01 82.27 378.67 100.65 133.15 78.14 373.71 78.89 0.00 118.38 141.09 83.85 85.85 393.02 397.17 86.97 118.47 84.32 283.03 78.73 379.68 76.19 106.40 88.10 78.27 378.94 398.82 246.36 138.07 75.05 238.06 75.46 137.20 375.73 90.58 79.22 122.96 377.18 83.85 85.32
89.39 78.76 80.03 366.09 231.46 100.65 86.59 89.58 96.48 203.28 104.93 80.73 375.32 376.95 0.00 203.06 212.16 394.23 379.52 152.65 389.04 377.92 377.66 236.30 373.74 90.24 250.72 173.18 310.93 0.00 0.00 85.85 0.00 129.52 218.36 82.54 209.60 75.01 80.07 75.69 373.54 376.79 415.86 386.48 74.93 175.66 378.97 0.00 85.85 377.05 84.81 0.00 375.52 84.99 75.01 74.70 83.84 0.00 0.00 377.49 80.07
0.00 0.00 250.82 98.97 254.10 89.48 93.56 97.10 101.25 80.70 89.47 86.97 80.70 74.84 78.27 129.62 82.14 95.32 89.47 76.31 83.53 168.73 76.43 75.32 113.79 212.20 0.00 377.27 363.20 137.26 85.13 186.88 82.14 75.98 181.38 0.00 206.24 166.79 115.66 82.96 87.50 81.39 120.77 349.99 87.50-9999.00-9999.00-9999.00-9999.00-9999.00-9999.00-9999.00-9999.00-9999.00-9999.00-9999.00-9999.00-9999.00-9999.00-9999.00-9999.00-9999.00-9999.00-9999.00 -9999.00-9999.00-9999.00-9999.00-9999.00-9999.00-9999.00-9999.00-9999.00-9999.00-9999.00-9999.00-9999.00-9999.00-9999.00-9999.00-9999.00-9999.00-9999.00-9999.00-9999.00-9999.00-9999.00 86.00 99.82 158.50 376.01 380.35 81.47 89.58 83.97 75.34 161.84 135.05 293.82 229.20 87.46 350.28
132.15 77.67 367.73 81.39 83.39 91.90 76.99 194.11 82.14 378.53 76.43 84.92 82.38 118.51 376.91 0.00 147.18 74.70 82.75 375.22 74.43 83.76 82.91 91.21 0.00 119.50 220.95 125.78 75.78 371.17 176.44 115.72 93.99-9999.00-9999.00-9999.00-9999.00-9999.00-9999.00-9999.00-9999.00-9999.00-9999.00-9999.00-9999.00-9999.00-9999.00-9999.00-9999.00-9999.00-9999.00-9999.00-9999.00 -9999.00-9999.00-9999.00-9999.00-9999.00-9999.00-9999.00-9999.00-9999.00-9999.00-9999.00-9999.00-9999.00-9999.00-9999.00-9999.00-9999.00-9999.00 107.33-9999.00 90.48 84.09 287.78 78.14 76.29 384.79 390.34 93.11 78.14 376.22 0.00 378.53 92.27 75.77 78.63 119.14 365.89 0.00 379.49 376.18 92.12 102.86 322.09 311.79 377.92 84.59
81.03 378.46 382.16 349.64 0.00 0.00 383.12 377.21 304.02 87.69 91.10 231.51 378.23 175.10 118.23 272.89 77.67 86.29 0.00 82.65 268.32 212.95 82.14-9999.00-9999.00-9999.00-9999.00-9999.00-9999.00-9999.00-9999.00-9999.00-9999.00-9999.00-9999.00-9999.00-9999.00-9999.00-9999.00-9999.00-9999.00-9999.00-9999.00-9999.00-9999.00-9999.00-9999.00 -9999.00-9999.00-9999.00-9999.00-9999.00-9999.00-9999.00-9999.00-9999.00-9999.00-9999.00-9999.00-9999.00-9999.00-9999.00-9999.00-9999.00 87.82 89.87 80.06 388.02 384.51 88.81 389.34 385.99 387.99 96.48 97.34 89.58 168.37 91.88 75.34 386.67 133.90 91.51 84.59 0.00 377.16 0.00 238.41 375.00 376.57 284.25 284.26 375.72 119.29 375.22 150.74 375.02 375.84 112.09 95.36 379.53 95.36
247.33 381.72 242.88 0.00 0.00 378.84 311.46 132.48 263.92 223.94 319.61 357.01 0.00 217.45 332.04 89.56 92.84 101.53 86.42 87.51 375.18 88.81 90.33 375.29 375.57 197.31 104.87 383.21 158.66 205.90 180.42 132.48 381.44 265.78 372.81 375.36 0.00 327.02 327.02 378.20 380.42 327.04 376.24 311.31 377.03 0.00 0.00 376.04 378.46 383.59 375.89 375.42 87.34 232.97 84.59 92.27 84.09 377.43 83.60 89.04 74.79
116.05 173.27 377.06 317.39 155.04 134.99 77.67 85.85 75.39 85.42 114.49 137.96 128.26 87.63 371.87 76.08 138.01 140.25-9999.00-9999.00-9999.00-9999.00-9999.00-9999.00-9999.00-9999.00-9999.00-9999.00-9999.00-9999.00-9999.00-9999.00-9999.00-9999.00-9999.00-9999.00-9999.00-9999.00-9999.00 -9999.00-9999.00-9999.00-9999.00-9999.00-9999.00-9999.00-9999.00-9999.00-9999.00-9999.00-9999.00-9999.00-9999.00-9999.00-9999.00-9999.00-9999.00-9999.00-9999.00-9999.00-9999.00-9999.00-9999.00-9999.00-9999.00-9999.00-9999.00-9999.00-9999.00 77.49 379.66 379.55 89.55 378.06 103.91 367.53 375.88 356.40 377.26 377.26 376.60 376.62 0.00 265.78 0.00 327.02 377.38 183.28 0.00 416.45 414.03 384.62 389.20 388.97 387.76 76.76 93.71 79.93 85.97 92.13 83.06 86.53 83.49 117.64 190.57 226.34 113.21 112.16 375.80 176.23 176.23
315.87 155.57 122.91 152.57 335.38 95.65 87.58 265.25 268.86 83.94 79.65 78.25 132.24 83.94 82.25 76.29 376.56 116.61 353.24 89.74 96.61 95.59 379.74 98.20 379.22 78.25 88.51 77.34 91.13 383.86 97.76 378.79 86.97 382.90 79.71-9999.00-9999.00-9999.00-9999.00-9999.00-9999.00-9999.00-9999.00-9999.00-9999.00-9999.00-9999.00-9999.00-9999.00-9999.00-9999.00-9999.00-9999.00-9999.00-9999.00-9999.00-9999.00 -9999.00-9999.00-9999.00-9999.00-9999.00-9999.00-9999.00-9999.00-9999.00-9999.00-9999.00-9999.00-9999.00-9999.00-9999.00-9999.00-9999.00-9999.00-9999.00-9999.00-9999.00-9999.00-9999.00-9999.00-9999.00-9999.00-9999.00-9999.00-9999.00-9999.00-9999.00-9999.00-9999.00 255.83 238.52 195.71 360.39 376.93 377.31 376.72 375.66 376.67 377.34 375.00 375.00 352.56 375.30 0.00 325.11 378.89 329.89 375.92 377.02 257.24 379.57 381.74 377.34 329.89
80.83 93.71 91.81 132.35-9999.00-9999.00-9999.00-9999.00-9999.00-9999.00-9999.00-9999.00-9999.00-9999.00-9999.00-9999.00-9999.00-9999.00-9999.00-9999.00-9999.00-9999.00-9999.00-9999.00-9999.00-9999.00 -9999.00-9999.00-9999.00-9999.00-9999.00-9999.00-9999.00-9999.00-9999.00-9999.00-9999.00-9999.00-9999.00-9999.00-9999.00-9999.00-9999.00-9999.00-9999.00-9999.00-9999.00-9999.00-9999.00-9999.00-9999.00-9999.00-9999.00-9999.00-9999.00-9999.00-9999.00-9999.00-9999.00-9999.00-9999.00-9999.00-9999.00-9999.00-9999.00-9999.00-9999.00-9999.00-9999.00-9999.00-9999.00 375.28 374.03 375.12 0.00 295.96 375.34 325.08 375.83 226.34 0.00 376.25 375.00 295.96 375.34 329.89 295.96 377.12 375.00 0.00 288.14 317.47 375.65 378.06 252.22 380.42 322.55 375.98 231.04 388.42 375.27 375.07 299.24 382.67 257.24 0.00 0.00 0.00 379.17 231.04 277.03 0.00 375.31 372.89 375.09 287.14 194.53 0.00 0.00 0.00 0.00 0.00 0.00 0.00 123.33 84.91 82.76
99.85 376.84 286.44 82.25 380.25 144.96 78.25 384.42 163.96 81.87 378.72 378.87 252.44 84.91 86.21 385.71 92.66 200.76 380.58 366.32 81.02-9999.00-9999.00-9999.00-9999.00-9999.00-9999.00-9999.00-9999.00-9999.00-9999.00-9999.00-9999.00-9999.00-9999.00-9999.00-9999.00-9999.00-9999.00 -9999.00-9999.00-9999.00-9999.00-9999.00-9999.00-9999.00-9999.00-9999.00-9999.00-9999.00-9999.00-9999.00-9999.00-9999.00-9999.00-9999.00-9999.00-9999.00-9999.00-9999.00-9999.00-9999.00-9999.00-9999.00-9999.00-9999.00-9999.00-9999.00-9999.00-9999.00-9999.00-9999.00-9999.00-9999.00-9999.00-9999.00-9999.00-9999.00-9999.00-9999.00-9999.00-9999.00-9999.00-9999.00-9999.00-9999.00-9999.00-9999.00-9999.00-9999.00 271.86 252.22 0.00 295.96 375.66 325.08 378.19 363.62 231.04 0.00 257.24 380.90 330.00 0.00 376.21 375.24 0.00 295.95 0.00 375.00 295.95 295.96 375.47 329.89 375.31 295.95 0.00 295.96 375.00 325.11 0.00 252.22 374.03 378.29 377.37 377.06 384.27 376.76 223.36
