蒙特卡罗+CDRMV3/输出数据/2D水深分布/WaterDepthGIS_0160.ASC
ncols         539            
nrows         744            
xllcorner     602630.84259341
yllcorner     3914823.670891 
cellsize      50             
NODATA_value  -9999.00       
[rows 0 to 26 of 32, columns 183 to 243 of 539]
83.78 73.21 222.94 0.00 380.69 377.05 378.04 306.87 246.87 77.40-9999.00-9999.00-9999.00-9999.00-9999.00-9999.00-9999.00-9999.00-9999.00-9999.00-9999.00-9999.00-9999.00 -9999.00-9999.00-9999.00-9999.00-9999.00-9999.00-9999.00-9999.00-9999.00-9999.00-9999.00 80.15 181.69 378.11 83.28 379.15 76.52 82.75 87.32 78.49-9999.00-9999.00-9999.00-9999.00-9999.00-9999.00-9999.00-9999.00-9999.00-9999.00-9999.00-9999.00-9999.00-9999.00-9999.00-9999.00-9999.00-9999.00-9999.00-9999.00-9999.00-9999.00-9999.00-9999.00-9999.00-9999.00-9999.00-9999.00-9999.00-9999.00-9999.00-9999.00-9999.00-9999.00-9999.00-9999.00-9999.00-9999.00-9999.00-9999.00-9999.00-9999.00-9999.00-9999.00-9999.00-9999.00-9999.00-9999.00-9999.00-9999.00-9999.00-9999.00-9999.00-9999.00-9999.00-9999.00-9999.00-9999.00-9999.00-9999.00-9999.00-9999.00-9999.00-9999.00-9999.00-9999.00-9999.00-9999.00-9999.00-9999.00-9999.00-9999.00-9999.00-9999.00-9999.00-9999.00-9999.00-9999.00-9999.00-9999.00-9999.00-9999.00-9999.00-9999.00-9999.00-9999.00-9999.00-9999.00-9999.00-9999.00-9999.00-9999.00-9999.00-9999.00 75.15 117.97 196.85 377.56 379.25 286.19 73.20 82.06 73.13 174.62 84.50 0.00 81.01 179.08 78.81 181.92 79.83 84.72-9999.00-9999.00-9999.00-9999.00-9999.00-9999.00-9999.00-9999.00-9999.00-9999.00-9999.00-9999.00-9999.00 -9999.00-9999.00-9999.00-9999.00-9999.00-9999.00-9999.00-9999.00-9999.00-9999.00 207.34 128.81 75.98 380.50 95.79 378.22 286.73 73.49 130.01 204.76 105.02-9999.00-9999.00-9999.00-9999.00-9999.00-9999.00-9999.00-9999.00-9999.00-9999.00-9999.00-9999.00-9999.00-9999.00-9999.00-9999.00-9999.00-9999.00-9999.00-9999.00-9999.00-9999.00-9999.00-9999.00-9999.00-9999.00-9999.00-9999.00-9999.00-9999.00-9999.00-9999.00-9999.00-9999.00-9999.00-9999.00-9999.00-9999.00-9999.00-9999.00-9999.00-9999.00-9999.00-9999.00-9999.00-9999.00-9999.00-9999.00-9999.00-9999.00-9999.00-9999.00-9999.00-9999.00-9999.00-9999.00-9999.00-9999.00-9999.00-9999.00-9999.00-9999.00-9999.00-9999.00-9999.00-9999.00-9999.00-9999.00-9999.00-9999.00-9999.00-9999.00-9999.00-9999.00-9999.00-9999.00-9999.00-9999.00-9999.00-9999.00-9999.00-9999.00-9999.00-9999.00-9999.00-9999.00-9999.00-9999.00-9999.00-9999.00-9999.00-9999.00-9999.00 74.14 117.50 365.94 75.59 75.93 155.97 82.24 73.13 128.71 192.40 335.05
166.25 375.38 145.89 88.12 378.29 73.44 82.15 110.79 83.50 82.65 83.64 73.48 142.87 0.00 221.79 73.15 147.22 81.81 73.29 122.60 128.30 74.23 73.15 84.23 82.99 81.33 75.01 73.18 0.00 196.00 74.88 78.81 377.06 0.00 262.24 227.25 378.33 363.95 73.29 84.89-9999.00-9999.00-9999.00 -9999.00-9999.00-9999.00-9999.00-9999.00-9999.00-9999.00-9999.00-9999.00-9999.00-9999.00-9999.00-9999.00-9999.00-9999.00 79.98 72.50 235.69 375.32 72.00 0.00 319.67 362.55 129.58 77.43-9999.00-9999.00-9999.00-9999.00-9999.00-9999.00-9999.00-9999.00-9999.00-9999.00-9999.00-9999.00-9999.00-9999.00-9999.00-9999.00-9999.00-9999.00-9999.00-9999.00-9999.00-9999.00-9999.00-9999.00-9999.00-9999.00-9999.00-9999.00-9999.00-9999.00-9999.00-9999.00-9999.00-9999.00-9999.00-9999.00-9999.00-9999.00-9999.00-9999.00 113.47 167.07 89.54 83.40-9999.00-9999.00-9999.00-9999.00 75.15 118.81 364.65 377.36 82.38 381.21
126.17 74.64 75.93 86.25 85.70 0.00 0.00 0.00 0.00 0.00 348.99 125.86 88.35 0.00 0.00 0.00 201.45 114.88 73.64 74.53 0.00 80.20 73.64 76.30 104.64 0.00 75.76 87.37 80.20 0.00 376.63 160.67 113.47 376.29 227.05 114.08 75.76 85.26 97.21-9999.00-9999.00-9999.00-9999.00-9999.00 -9999.00-9999.00-9999.00-9999.00-9999.00-9999.00-9999.00-9999.00-9999.00-9999.00-9999.00-9999.00 71.94 141.59 350.94 71.72 238.90 0.00 76.52 79.47 79.65 82.75 74.10 380.34 120.58 76.24 254.80 177.41 81.10 208.02 180.90-9999.00-9999.00-9999.00-9999.00-9999.00-9999.00-9999.00-9999.00-9999.00-9999.00-9999.00-9999.00-9999.00-9999.00-9999.00-9999.00-9999.00-9999.00-9999.00-9999.00-9999.00-9999.00 75.29 98.60
74.76 196.07 380.72 418.26 76.11 92.21 132.78 75.76 170.74 377.10 84.07 117.55 0.00 114.22 84.55 95.24 333.75 84.89 82.38 326.42 375.47 73.70 119.62 0.00 77.40 83.78 85.07 85.44 151.74 83.64 77.66 0.00 361.34 73.76 141.29 300.49 73.29 93.67 88.35 74.53 128.24 73.98 113.35 376.26 376.58 357.09 201.88 83.78 74.14 74.43 75.44 76.11 86.46 78.50 74.06 116.54 82.65 120.76 0.00 0.00 0.00
212.77 74.23 81.73 73.90 91.76 83.92 80.85 114.78 385.09 76.50 81.97 74.64 82.15 80.60 382.94 375.77 92.21 75.44 75.44 380.48 221.53 81.27 88.94 85.44 77.66 377.89 127.32 81.01 80.46 73.48 137.38 74.88 115.54 385.17 345.40 134.74 211.91 0.00 375.95 331.37 181.71 95.30 394.59 331.46 145.51 81.45-9999.00-9999.00-9999.00-9999.00-9999.00-9999.00-9999.00-9999.00-9999.00-9999.00 -9999.00-9999.00-9999.00-9999.00-9999.00-9999.00-9999.00-9999.00-9999.00 375.17 83.28 252.38 81.10 81.45 77.77 134.17 73.36 120.08 111.58 0.00 74.10 72.78 78.71
308.09 134.48 83.50 85.84 88.94 80.97 149.87 111.08 73.29 133.69 340.88 76.71 376.04 88.35 0.00 376.86 124.20 0.00 376.47 376.12 80.28 79.13 280.76 77.66 81.01 375.63 76.93 87.37-9999.00-9999.00-9999.00-9999.00-9999.00-9999.00-9999.00-9999.00-9999.00 -9999.00-9999.00-9999.00 81.61 343.43 389.69 377.42 74.10 80.06 72.99 403.14 118.80 127.29 82.14 82.14 378.05 74.27 71.79 115.83 146.89 0.00 380.37 378.23 340.66 72.88 77.43 82.43 77.77 380.46 82.14 79.84 376.58 81.71 82.28 380.74
160.18 112.72 82.06 83.78 74.53 73.21 149.93 354.19 376.75 73.64 73.18 110.89 386.79 384.27 0.00 86.97 102.53 113.66 102.53 169.53 115.44 379.32 378.04 339.22 76.30 381.68 404.78 77.40 82.38 203.90-9999.00-9999.00-9999.00-9999.00-9999.00-9999.00-9999.00 -9999.00-9999.00-9999.00-9999.00 162.35 370.43 88.42 80.98 380.16 74.27 380.45 85.17 72.19 111.71 86.88 71.80 120.48 388.68 71.50 0.00 116.45 85.17 375.70 113.56 74.27 312.30 72.88 79.70 77.43 109.77 126.88 0.00 128.28 89.95
110.89 225.03 80.60 384.88 77.66 82.99 75.44 134.38 267.76 73.90 112.98 390.49 0.00 213.38 81.90 255.26 96.72 89.90 105.48 379.01 244.40 220.28 382.34 380.29 385.24 132.26 75.76 90.56 78.20 73.98-9999.00-9999.00-9999.00-9999.00-9999.00-9999.00-9999.00 -9999.00-9999.00-9999.00-9999.00-9999.00-9999.00 89.95 222.45 79.47 72.99 0.00 71.60 80.98 79.08 71.65 377.75 80.48 114.20 0.00 71.84 78.75 71.89 133.86 71.55 79.32 86.07 72.50 122.51 272.03 80.30 109.36 0.00 113.40 76.52 81.10 73.78
260.82 95.33 380.60 100.05 204.05 86.67 96.23 85.83 372.21 74.43 84.72 379.33 256.16 116.78 79.47 82.38-9999.00-9999.00-9999.00-9999.00-9999.00-9999.00-9999.00-9999.00 -9999.00-9999.00-9999.00-9999.00-9999.00-9999.00-9999.00-9999.00-9999.00 80.48 72.33 0.00 73.49 71.84 142.85 0.00 134.35 109.55 173.85 111.34 74.27 72.26 376.12 182.47 83.28 71.65 150.61 146.43 75.49 86.88 378.22 0.00 376.18 192.60 78.98 81.98 73.36 190.38 72.12 0.00 114.36 0.00 90.78 383.96 110.24 81.10 72.06 378.30 375.51 80.61 84.87 81.33 79.71
128.32 386.01 73.11 80.14 75.04 198.17 81.98 71.84 0.00 138.78 124.48 71.50 378.78 215.71 374.06 110.23 75.98 81.98 83.45 116.00 81.58 83.88 89.51 78.87 77.43 84.51 241.27 85.85 378.42 75.49 92.76 85.17 134.98 182.54 223.05 154.65 72.06 79.19 75.93 0.00 73.11 74.23 378.59 371.03 73.48 89.54 81.11 121.58 111.59 277.53 378.82 0.00 244.30 359.75 131.87 89.90 84.55 80.60 83.94 107.86 93.16
93.83 392.71 81.61 89.51 76.81 169.40 80.30 71.48 318.60 376.04 0.00 87.32 83.09 139.57 73.80 226.44 326.73 82.38 76.50 73.53 113.32 133.04 277.95 0.00 73.70 88.94 131.39 86.32 74.23 377.50 391.33 377.93 376.54 242.51 78.20 329.30 81.45 84.39 73.32 82.24 86.90 80.97 73.32 208.32 75.01 0.00 172.16 75.44 76.93 84.07 378.05 205.91 123.02 73.44 82.44 198.41 84.89 81.97 73.83 137.51 184.69
75.59 149.70 135.34 92.67 81.21 73.32 349.64 382.30 114.10 82.87 74.76 118.35 379.40 0.00 235.88 163.55 120.61 73.10 82.24 75.76 166.88 239.86 81.73 84.23 83.92 378.41 85.64 319.01 80.60 308.61 81.45 369.66 81.90 138.63 379.80 378.00 0.00 0.00 375.21 106.61 189.77 383.92 77.48 95.30 91.52 87.51 88.41 108.98 351.26 86.31 377.56 73.21 87.86 113.15 327.03 242.50 79.47-9999.00-9999.00-9999.00-9999.00-9999.00-9999.00-9999.00-9999.00-9999.00-9999.00 -9999.00-9999.00-9999.00-9999.00-9999.00-9999.00-9999.00-9999.00-9999.00 71.84 112.83 387.00
100.69 353.17 119.00 379.31 163.89 74.41 83.64 94.19 209.30 74.43 73.12 73.15 73.12 82.76 323.49 176.17 75.76-9999.00-9999.00-9999.00-9999.00-9999.00-9999.00-9999.00-9999.00-9999.00-9999.00-9999.00-9999.00-9999.00 -9999.00-9999.00-9999.00-9999.00-9999.00-9999.00-9999.00-9999.00-9999.00 81.61 325.15 369.03 73.11 72.68 378.52 117.00 76.52 379.73 383.28 0.00 337.97 79.28 0.00 72.50 222.00 126.58 93.67 84.44 71.84 0.00 147.21 82.75 81.98 115.61 382.73 133.09 126.65 74.45 71.65 137.46 0.00 72.06 80.22 79.70 155.34 375.78 81.45 389.89 81.45 73.94 380.21 75.49
0.00 266.85 127.62 71.53 83.88 222.36 379.01 73.11 0.00 75.26 82.28 81.85 85.10 71.47 121.49 72.12 123.61 0.00 74.27 72.41 146.77 0.00 133.93 72.68 144.86 73.11 189.70 72.88 81.17 79.13 84.89 85.26 73.76 142.81 84.39 84.39 79.13 0.00 374.37 376.32 0.00 74.53 76.93 387.10 285.91 380.66 193.24 0.00 230.17 83.40 367.22 86.46 98.21 73.70 82.65 75.44 379.38 88.65 81.90 76.93 370.32
376.82 75.93 73.64 336.86 370.61 79.47 380.71 73.98 83.11 85.84 74.33 377.50 378.10 380.59 0.00 375.92 378.03 197.26 133.53 84.01 128.35 75.93 83.92 157.48 86.97 73.15 382.99 74.14 376.01 73.64 73.44 375.64 245.26 83.40-9999.00-9999.00-9999.00-9999.00-9999.00-9999.00-9999.00-9999.00-9999.00-9999.00-9999.00-9999.00-9999.00-9999.00 -9999.00-9999.00-9999.00-9999.00-9999.00-9999.00-9999.00-9999.00-9999.00-9999.00-9999.00-9999.00-9999.00-9999.00-9999.00 349.42 86.88 88.12 93.83 78.49 376.90 83.45 80.67 71.47 0.00 82.06 111.49 116.23 365.93 380.70 109.56 77.43 78.71 72.13 378.66 0.00 74.45 78.74 71.60 216.20 0.00
86.07 76.81 134.64 376.94 377.21 71.94 382.83 75.04 92.16 0.00 71.84 79.37 80.22 80.77 159.06 146.53 99.32 218.47 118.58 343.42 95.90 206.88 379.62 377.47 132.07 83.40 221.53 74.43 77.92 311.59 80.60 179.18 83.11 82.38 393.02 78.81 189.66 91.76 376.19 75.76 77.16 76.71 86.25 73.64 142.19 235.53 203.08 0.00 129.49 85.84 76.11 303.14 211.91 0.00 382.32 375.20 260.35 140.87 75.76 73.10 80.51
87.17 122.81 77.43 379.44 75.49 145.49 72.26 116.29 155.28 393.70 75.49 128.36 0.00 84.45 375.65 82.28 72.41 93.38 376.66 0.00 125.02 78.97 74.21 86.16 206.22 72.88 141.83 130.93 73.63 77.11 124.78 239.62 381.24 89.86 75.93 390.75 175.96 84.50 85.09 376.28 338.39 379.43 0.00 79.47 81.97 88.38 89.23 75.59 86.25 218.46 240.02 82.87 84.50 76.93 376.31 380.66 119.19 83.50 81.01 75.44 113.64
72.78 89.91 378.30 73.11 72.41 246.02 74.10 144.23 88.99 127.80 0.00 256.01 72.06 78.24 303.95 75.73 82.14 75.26 148.72 380.36 118.69 384.26 79.28 378.22 97.54 129.17 75.26 367.16 75.98 0.00 111.47 138.61 81.90 83.94 393.82 397.90 85.09 116.10 83.64 269.28 76.93 379.62 74.53 102.53 86.25 76.50 378.79 397.90 229.29 133.39 73.44 224.48 73.83 132.64 375.02 88.65 77.40 119.89 376.91 81.90 83.40
86.45 75.89 77.14 361.92 215.59 97.54 83.63 86.60 93.38 197.99 100.62 77.77 375.32 376.96 0.00 197.76 207.34 395.12 379.48 142.08 389.42 377.90 377.52 232.80 371.00 88.35 237.44 160.57 302.93 0.00 0.00 83.94 0.00 126.04 202.14 80.60 197.02 73.39 78.20 74.06 372.67 376.88 414.85 386.32 73.32 172.31 379.05 0.00 83.94 377.13 82.88 0.00 375.51 86.67 73.39 73.10 81.89 0.00 0.00 377.51 78.20
0.00 0.00 248.24 96.10 239.34 87.53 91.36 95.24 99.12 78.81 87.61 85.09 78.81 73.23 76.50 125.98 80.20 93.16 87.61 74.64 81.59 164.80 74.76 73.70 111.35 191.03 0.00 377.44 357.61 133.00 84.42 177.15 80.20 74.33 176.28 0.00 191.41 160.00 113.26 81.01 85.64 79.47 118.01 334.86 85.64-9999.00-9999.00-9999.00-9999.00-9999.00-9999.00-9999.00-9999.00-9999.00-9999.00-9999.00-9999.00-9999.00-9999.00-9999.00-9999.00-9999.00-9999.00-9999.00 -9999.00-9999.00-9999.00-9999.00-9999.00-9999.00-9999.00-9999.00-9999.00-9999.00-9999.00-9999.00-9999.00-9999.00-9999.00-9999.00-9999.00-9999.00-9999.00-9999.00-9999.00-9999.00-9999.00 83.12 95.30 146.79 373.53 380.10 78.49 86.60 80.98 72.59 158.08 131.19 265.82 220.36 84.51 342.75
129.11 75.93 356.11 79.47 81.45 89.86 75.29 185.41 80.20 378.01 74.76 82.99 80.44 116.17 377.00 0.00 143.21 73.10 80.78 375.28 72.75 81.81 80.97 89.23 0.00 117.18 206.30 123.43 74.14 362.75 160.75 113.96 91.80-9999.00-9999.00-9999.00-9999.00-9999.00-9999.00-9999.00-9999.00-9999.00-9999.00-9999.00-9999.00-9999.00-9999.00-9999.00-9999.00-9999.00-9999.00-9999.00-9999.00 -9999.00-9999.00-9999.00-9999.00-9999.00-9999.00-9999.00-9999.00-9999.00-9999.00-9999.00-9999.00-9999.00-9999.00-9999.00-9999.00-9999.00-9999.00 102.38-9999.00 87.46 81.10 270.33 75.26 73.49 384.33 389.83 89.91 75.26 376.17 0.00 378.66 89.13 72.99 75.73 115.36 361.39 0.00 378.97 372.27 88.99 97.54 308.42 301.67 377.69 81.61
79.13 378.16 381.88 343.82 0.00 0.00 383.19 377.10 282.64 85.84 91.54 203.75 378.00 158.78 116.17 256.49 75.93 84.39 0.00 80.71 248.37 195.02 80.20-9999.00-9999.00-9999.00-9999.00-9999.00-9999.00-9999.00-9999.00-9999.00-9999.00-9999.00-9999.00-9999.00-9999.00-9999.00-9999.00-9999.00-9999.00-9999.00-9999.00-9999.00-9999.00-9999.00-9999.00 -9999.00-9999.00-9999.00-9999.00-9999.00-9999.00-9999.00-9999.00-9999.00-9999.00-9999.00-9999.00-9999.00-9999.00-9999.00-9999.00-9999.00 84.87 86.88 77.11 388.06 384.79 85.85 389.00 385.70 387.74 93.38 94.37 86.60 162.16 88.77 72.59 386.27 128.01 88.42 81.61 0.00 377.86 0.00 235.24 376.49 376.59 279.53 279.73 375.69 113.74 375.18 140.13 375.50 375.96 106.11 92.16 379.17 92.16
237.32 382.26 239.68 0.00 0.00 380.62 310.23 123.85 260.85 215.68 318.91 372.22 0.00 213.21 326.07 86.60 89.15 96.41 83.13 84.14 375.11 85.85 87.32 375.24 375.50 186.06 99.57 383.55 151.15 196.57 169.89 123.85 381.54 263.77 373.54 375.49 0.00 327.08 327.08 380.59 381.93 327.18 378.09 309.69 378.26 0.00 0.00 376.90 379.31 384.33 375.91 375.44 84.45 220.72 81.61 89.13 81.10 377.36 80.61 86.07 72.06
111.40 170.98 376.98 280.60 146.59 130.11 75.93 83.94 73.76 83.50 112.13 133.14 128.09 89.00 369.65 74.43 135.30 137.31-9999.00-9999.00-9999.00-9999.00-9999.00-9999.00-9999.00-9999.00-9999.00-9999.00-9999.00-9999.00-9999.00-9999.00-9999.00-9999.00-9999.00-9999.00-9999.00-9999.00-9999.00 -9999.00-9999.00-9999.00-9999.00-9999.00-9999.00-9999.00-9999.00-9999.00-9999.00-9999.00-9999.00-9999.00-9999.00-9999.00-9999.00-9999.00-9999.00-9999.00-9999.00-9999.00-9999.00-9999.00-9999.00-9999.00-9999.00-9999.00-9999.00-9999.00-9999.00 74.64 379.34 379.56 86.57 378.19 99.89 361.87 376.57 367.97 377.34 377.34 376.66 376.69 0.00 263.77 0.00 327.08 377.31 177.25 0.00 417.27 414.89 384.94 389.49 390.19 388.54 73.09 89.58 76.14 82.06 88.14 79.18 82.63 79.60 110.71 185.19 222.77 106.25 105.92 375.72 170.11 170.11
313.25 142.35 114.53 145.34 324.00 89.60 83.83 257.33 261.82 80.05 75.87 74.52 126.57 80.05 78.38 72.63 376.31 112.51 340.10 85.86 92.36 91.34 379.67 94.03 379.11 74.52 84.63 73.65 87.20 383.93 93.56 379.22 85.09 383.80 76.38-9999.00-9999.00-9999.00-9999.00-9999.00-9999.00-9999.00-9999.00-9999.00-9999.00-9999.00-9999.00-9999.00-9999.00-9999.00-9999.00-9999.00-9999.00-9999.00-9999.00-9999.00-9999.00 -9999.00-9999.00-9999.00-9999.00-9999.00-9999.00-9999.00-9999.00-9999.00-9999.00-9999.00-9999.00-9999.00-9999.00-9999.00-9999.00-9999.00-9999.00-9999.00-9999.00-9999.00-9999.00-9999.00-9999.00-9999.00-9999.00-9999.00-9999.00-9999.00-9999.00-9999.00-9999.00-9999.00 247.11 228.22 182.36 356.64 376.93 377.31 376.72 375.66 376.62 377.27 375.00 375.00 351.46 375.30 0.00 323.95 378.88 328.85 375.78 376.88 254.64 378.91 381.25 377.26 328.85
77.01 89.58 88.25 124.80-9999.00-9999.00-9999.00-9999.00-9999.00-9999.00-9999.00-9999.00-9999.00-9999.00-9999.00-9999.00-9999.00-9999.00-9999.00-9999.00-9999.00-9999.00-9999.00-9999.00-9999.00-9999.00 -9999.00-9999.00-9999.00-9999.00-9999.00-9999.00-9999.00-9999.00-9999.00-9999.00-9999.00-9999.00-9999.00-9999.00-9999.00-9999.00-9999.00-9999.00-9999.00-9999.00-9999.00-9999.00-9999.00-9999.00-9999.00-9999.00-9999.00-9999.00-9999.00-9999.00-9999.00-9999.00-9999.00-9999.00-9999.00-9999.00-9999.00-9999.00-9999.00-9999.00-9999.00-9999.00-9999.00-9999.00-9999.00 375.28 373.88 375.12 0.00 294.66 375.34 323.93 375.83 222.77 0.00 376.15 375.00 294.66 375.34 328.85 294.66 377.06 375.00 0.00 283.64 315.58 375.63 377.88 249.67 380.07 320.77 375.97 227.38 387.19 375.14 375.04 297.96 382.65 254.64 0.00 0.00 0.00 379.15 227.38 274.93 0.00 375.31 372.42 375.09 284.95 188.98 0.00 0.00 0.00 0.00 0.00 0.00 0.00 118.12 81.00 78.88
95.79 376.83 270.16 78.38 379.72 137.11 74.52 384.01 157.71 78.02 378.18 378.39 243.30 81.01 82.81 384.91 89.14 196.44 380.41 362.75 77.68-9999.00-9999.00-9999.00-9999.00-9999.00-9999.00-9999.00-9999.00-9999.00-9999.00-9999.00-9999.00-9999.00-9999.00-9999.00-9999.00-9999.00-9999.00 -9999.00-9999.00-9999.00-9999.00-9999.00-9999.00-9999.00-9999.00-9999.00-9999.00-9999.00-9999.00-9999.00-9999.00-9999.00-9999.00-9999.00-9999.00-9999.00-9999.00-9999.00-9999.00-9999.00-9999.00-9999.00-9999.00-9999.00-9999.00-9999.00-9999.00-9999.00-9999.00-9999.00-9999.00-9999.00-9999.00-9999.00-9999.00-9999.00-9999.00-9999.00-9999.00-9999.00-9999.00-9999.00-9999.00-9999.00-9999.00-9999.00-9999.00-9999.00 269.80 249.67 0.00 294.66 375.66 323.93 378.08 360.35 227.38 0.00 254.64 380.87 328.95 0.00 376.21 375.24 0.00 294.66 0.00 375.00 294.66 294.66 375.47 328.85 375.31 294.66 0.00 294.66 375.00 323.95 0.00 249.67 373.88 378.02 377.16 376.87 383.38 376.60 207.27
