蒙特卡罗+CDRMV3/输出数据/2D水深分布/WaterDepthGIS_0159.ASC
ncols         539            
nrows         744            
xllcorner     602630.84259341
yllcorner     3914823.670891 
cellsize      50             
NODATA_value  -9999.00       
[rows 0 to 26 of 32, columns 61 to 121 of 539]
73.48-9999.00-9999.00-9999.00-9999.00-9999.00-9999.00-9999.00-9999.00-9999.00-9999.00-9999.00-9999.00-9999.00-9999.00-9999.00-9999.00 -9999.00-9999.00-9999.00-9999.00-9999.00-9999.00-9999.00-9999.00-9999.00-9999.00-9999.00-9999.00-9999.00-9999.00-9999.00-9999.00-9999.00-9999.00-9999.00-9999.00-9999.00-9999.00-9999.00-9999.00-9999.00-9999.00-9999.00-9999.00-9999.00-9999.00-9999.00-9999.00-9999.00-9999.00-9999.00-9999.00-9999.00-9999.00-9999.00-9999.00-9999.00-9999.00-9999.00-9999.00-9999.00-9999.00-9999.00-9999.00-9999.00-9999.00-9999.00-9999.00-9999.00-9999.00-9999.00-9999.00-9999.00-9999.00-9999.00-9999.00-9999.00-9999.00-9999.00-9999.00-9999.00-9999.00-9999.00-9999.00-9999.00-9999.00-9999.00-9999.00-9999.00-9999.00-9999.00-9999.00-9999.00-9999.00-9999.00-9999.00-9999.00-9999.00-9999.00-9999.00-9999.00-9999.00-9999.00-9999.00-9999.00-9999.00-9999.00-9999.00-9999.00-9999.00-9999.00-9999.00-9999.00-9999.00-9999.00-9999.00-9999.00-9999.00-9999.00-9999.00-9999.00-9999.00-9999.00-9999.00-9999.00-9999.00-9999.00-9999.00-9999.00-9999.00-9999.00-9999.00-9999.00-9999.00-9999.00-9999.00 84.03 88.36 73.44 382.05 87.89 380.29 128.28 73.57 74.12 85.33-9999.00-9999.00-9999.00-9999.00-9999.00-9999.00-9999.00-9999.00-9999.00-9999.00-9999.00-9999.00-9999.00-9999.00-9999.00 -9999.00-9999.00-9999.00-9999.00-9999.00-9999.00-9999.00-9999.00-9999.00-9999.00-9999.00-9999.00-9999.00-9999.00-9999.00-9999.00-9999.00-9999.00-9999.00-9999.00-9999.00-9999.00-9999.00-9999.00-9999.00-9999.00-9999.00-9999.00-9999.00-9999.00-9999.00-9999.00-9999.00-9999.00-9999.00-9999.00-9999.00-9999.00-9999.00-9999.00-9999.00-9999.00-9999.00-9999.00-9999.00-9999.00-9999.00-9999.00-9999.00-9999.00-9999.00-9999.00-9999.00-9999.00-9999.00-9999.00-9999.00-9999.00-9999.00-9999.00-9999.00-9999.00-9999.00-9999.00-9999.00-9999.00-9999.00-9999.00-9999.00-9999.00-9999.00-9999.00-9999.00-9999.00-9999.00-9999.00-9999.00-9999.00-9999.00-9999.00-9999.00-9999.00-9999.00-9999.00-9999.00-9999.00-9999.00-9999.00-9999.00-9999.00-9999.00-9999.00-9999.00-9999.00-9999.00-9999.00-9999.00-9999.00-9999.00-9999.00-9999.00-9999.00-9999.00-9999.00-9999.00-9999.00-9999.00-9999.00-9999.00-9999.00-9999.00-9999.00-9999.00-9999.00-9999.00-9999.00-9999.00-9999.00-9999.00 80.70 73.70 85.15 73.84 385.61 379.60 84.81 96.97 77.17 157.13 146.81 95.59-9999.00-9999.00-9999.00-9999.00-9999.00-9999.00-9999.00-9999.00-9999.00-9999.00-9999.00-9999.00-9999.00-9999.00 -9999.00-9999.00-9999.00-9999.00-9999.00-9999.00-9999.00-9999.00-9999.00-9999.00-9999.00-9999.00-9999.00-9999.00-9999.00-9999.00-9999.00-9999.00-9999.00-9999.00-9999.00-9999.00-9999.00-9999.00-9999.00-9999.00-9999.00-9999.00-9999.00-9999.00-9999.00-9999.00-9999.00-9999.00-9999.00-9999.00-9999.00-9999.00-9999.00-9999.00-9999.00-9999.00-9999.00-9999.00-9999.00-9999.00-9999.00-9999.00-9999.00-9999.00-9999.00-9999.00-9999.00-9999.00-9999.00-9999.00-9999.00-9999.00-9999.00-9999.00-9999.00-9999.00-9999.00-9999.00-9999.00-9999.00-9999.00-9999.00-9999.00-9999.00-9999.00-9999.00-9999.00-9999.00-9999.00-9999.00-9999.00-9999.00-9999.00-9999.00-9999.00-9999.00-9999.00-9999.00-9999.00-9999.00-9999.00-9999.00-9999.00-9999.00-9999.00-9999.00-9999.00-9999.00-9999.00-9999.00-9999.00-9999.00-9999.00-9999.00-9999.00-9999.00-9999.00-9999.00-9999.00-9999.00-9999.00-9999.00-9999.00-9999.00-9999.00-9999.00-9999.00-9999.00-9999.00-9999.00-9999.00-9999.00-9999.00 73.32 181.84 74.55 126.64 74.45 0.00 73.70 75.82 379.42 245.77 112.84 91.06-9999.00-9999.00-9999.00-9999.00-9999.00-9999.00-9999.00-9999.00-9999.00-9999.00-9999.00-9999.00-9999.00-9999.00 -9999.00-9999.00-9999.00-9999.00-9999.00-9999.00-9999.00-9999.00-9999.00-9999.00-9999.00-9999.00-9999.00-9999.00-9999.00-9999.00-9999.00-9999.00-9999.00-9999.00-9999.00-9999.00-9999.00-9999.00-9999.00-9999.00-9999.00-9999.00-9999.00-9999.00-9999.00-9999.00-9999.00-9999.00-9999.00-9999.00-9999.00-9999.00-9999.00-9999.00-9999.00-9999.00-9999.00-9999.00-9999.00-9999.00-9999.00-9999.00-9999.00-9999.00-9999.00-9999.00-9999.00-9999.00-9999.00-9999.00-9999.00-9999.00-9999.00-9999.00-9999.00-9999.00-9999.00-9999.00-9999.00-9999.00-9999.00-9999.00-9999.00-9999.00-9999.00-9999.00-9999.00-9999.00-9999.00-9999.00-9999.00-9999.00-9999.00-9999.00-9999.00-9999.00-9999.00-9999.00-9999.00-9999.00-9999.00-9999.00-9999.00-9999.00-9999.00-9999.00-9999.00-9999.00-9999.00-9999.00-9999.00-9999.00-9999.00-9999.00-9999.00-9999.00-9999.00-9999.00-9999.00-9999.00-9999.00-9999.00-9999.00-9999.00-9999.00-9999.00-9999.00-9999.00-9999.00-9999.00-9999.00-9999.00 81.58 73.38 110.71 376.92 92.49 76.94 0.00 73.57 376.28 82.15 82.41 83.37 93.45-9999.00-9999.00-9999.00-9999.00-9999.00-9999.00-9999.00-9999.00-9999.00-9999.00-9999.00-9999.00-9999.00-9999.00 -9999.00-9999.00-9999.00-9999.00-9999.00-9999.00-9999.00-9999.00-9999.00-9999.00-9999.00-9999.00-9999.00-9999.00-9999.00-9999.00-9999.00-9999.00-9999.00-9999.00-9999.00-9999.00-9999.00-9999.00-9999.00-9999.00-9999.00-9999.00-9999.00-9999.00-9999.00-9999.00-9999.00-9999.00-9999.00-9999.00-9999.00-9999.00-9999.00-9999.00-9999.00-9999.00-9999.00-9999.00-9999.00-9999.00-9999.00-9999.00-9999.00-9999.00-9999.00-9999.00-9999.00-9999.00-9999.00-9999.00-9999.00-9999.00-9999.00-9999.00-9999.00-9999.00-9999.00-9999.00-9999.00-9999.00-9999.00-9999.00-9999.00-9999.00-9999.00-9999.00-9999.00-9999.00-9999.00-9999.00-9999.00-9999.00-9999.00-9999.00-9999.00-9999.00-9999.00-9999.00-9999.00-9999.00-9999.00-9999.00-9999.00-9999.00-9999.00-9999.00-9999.00-9999.00-9999.00-9999.00-9999.00-9999.00-9999.00-9999.00-9999.00-9999.00-9999.00-9999.00-9999.00-9999.00-9999.00-9999.00-9999.00-9999.00-9999.00-9999.00-9999.00-9999.00-9999.00-9999.00-9999.00 75.99 81.53 113.96 154.33 77.64 361.07 0.00 0.00
74.75 112.85 238.21 377.95 76.94 74.86 373.92 98.78 0.00 74.12 83.89 91.21 75.66 399.12 377.94 412.94 75.23 379.64 131.70 75.37-9999.00-9999.00-9999.00 -9999.00-9999.00-9999.00-9999.00-9999.00-9999.00-9999.00-9999.00-9999.00-9999.00-9999.00-9999.00-9999.00-9999.00-9999.00 74.01 236.69 82.01 75.64 109.20 0.00 301.44 157.92 74.48-9999.00-9999.00-9999.00-9999.00-9999.00-9999.00-9999.00-9999.00-9999.00-9999.00-9999.00-9999.00-9999.00-9999.00-9999.00-9999.00-9999.00-9999.00-9999.00-9999.00-9999.00-9999.00-9999.00-9999.00-9999.00-9999.00-9999.00-9999.00-9999.00-9999.00-9999.00-9999.00-9999.00-9999.00-9999.00-9999.00-9999.00-9999.00-9999.00-9999.00-9999.00-9999.00-9999.00-9999.00-9999.00-9999.00-9999.00-9999.00-9999.00-9999.00-9999.00-9999.00 78.45 78.45 376.37 378.75 88.63 85.70 87.22 76.94-9999.00-9999.00-9999.00-9999.00-9999.00-9999.00-9999.00-9999.00 73.86 125.02 371.73 288.00 80.08 330.20 119.13 76.94 378.79 258.16 75.37 190.89 115.01 83.75 178.27 252.50 74.86 78.45 74.12 124.17 115.90 114.20 0.00
104.42 86.08 77.64 378.80 136.50 77.90-9999.00 75.99 166.69 74.05 296.59 75.23 81.42 73.65 383.40 77.17 146.97 95.50 88.63 81.64 83.01 73.65 181.68 81.70 0.00 118.26 73.86 74.28 322.48 74.20 0.00 0.00 0.00 77.90 75.37 74.75 0.00 377.06 303.15 0.00 0.00 0.00 0.00 0.00 0.00 0.00 117.83 80.85 86.93 215.75 0.00 378.11 377.22 92.08 141.93 76.53 180.91 86.93 87.15-9999.00-9999.00-9999.00-9999.00-9999.00 -9999.00-9999.00-9999.00-9999.00-9999.00-9999.00-9999.00-9999.00-9999.00-9999.00-9999.00-9999.00 73.73 233.77
184.48 377.61 86.08 86.49 91.06 75.66 378.96 139.99 87.15 83.89 365.47 0.00 133.66 86.57 85.34 74.36 367.94 79.05 377.40 76.16 189.02 0.00 375.77 167.73 74.12 82.50 73.32 73.92 140.37 374.03 0.00 175.77 234.73 134.98 74.20 87.15 82.60 81.70 76.73 73.45 124.38 117.87 79.72 112.25 380.45 75.99 75.11 140.19 85.15 85.89 86.49 145.33 81.71 75.99 82.80 83.01 194.10 76.73 113.71 113.71 114.36
85.89 82.07 112.60 111.65 390.32 75.11 92.04 88.63 82.41 73.45 77.90 0.00 0.00 80.46 152.58 379.86 79.72 358.27 122.47 73.80 82.23 145.37 379.58 73.31 73.70 84.03 74.98 124.40 136.70 327.24 377.59 144.31 83.65 368.49 0.00 96.71 384.20 380.58 84.36 379.34 88.59 94.99-9999.00-9999.00-9999.00-9999.00-9999.00-9999.00-9999.00-9999.00-9999.00-9999.00-9999.00 -9999.00-9999.00-9999.00-9999.00-9999.00-9999.00-9999.00-9999.00-9999.00-9999.00 92.16 376.60 88.53 153.78 363.14 73.48 199.12 72.56 382.82 79.27 0.00 80.10 72.49 72.05 144.82 72.87 72.49 154.88
80.89 141.99 73.47 382.21 0.00 0.00 104.42 89.34 113.86 390.73 383.26 85.54 380.87 378.75 141.07 76.16 87.61-9999.00-9999.00-9999.00-9999.00-9999.00-9999.00-9999.00-9999.00-9999.00 -9999.00-9999.00-9999.00-9999.00 86.25 74.48 308.44 73.48 98.63 376.88 75.64 83.15 81.98 78.16 256.39 375.72 79.27 109.54 135.79 171.90 0.00 75.02 80.88 377.18 286.98 372.83 73.37 85.05 269.04 251.81 81.73 377.33 89.93 85.73 87.72 388.91 118.18 72.56 77.51 97.38 92.16 85.27 76.37 113.28 0.00 72.17 85.33
383.56 0.00 309.57 92.08 101.74 131.35 135.39 381.75 101.98 115.79 106.24 385.62 79.05 85.34 166.12 82.63-9999.00-9999.00-9999.00-9999.00-9999.00-9999.00-9999.00-9999.00 -9999.00-9999.00-9999.00 85.97 89.54 166.26 375.23 386.81 120.60 80.98 122.84 380.15 72.43 73.87 71.84 112.51 380.30 73.26 71.94 0.00 77.83 237.84 114.66 150.96 73.26 76.91 81.39 81.39 83.15 71.97 121.21 378.93 0.00 0.00 0.00 110.94 75.22 87.00 77.51 301.40 72.63 286.36 0.00 258.40 72.96 80.62 85.05
0.00 0.00 375.93 97.75 97.68 217.31 389.93 386.32 389.15 383.49 160.10 86.34 92.44 332.60 73.92 84.19 182.49 141.95 88.90-9999.00-9999.00-9999.00-9999.00-9999.00-9999.00 -9999.00-9999.00-9999.00-9999.00-9999.00-9999.00 134.91 72.13 241.67 0.00 81.50 131.06 72.96 75.64 120.80 170.49 83.32 72.87 0.00 164.77 71.90 162.66 82.83 160.68 165.07 78.16 72.87 378.09 75.22 81.50 71.92 0.00 141.02 72.21 84.22 72.26 376.64 77.83 378.75 72.70 72.63 0.00 145.47 72.02 74.83 255.71 382.40
379.94 379.60 378.03 74.75 81.27 84.03 73.98 179.85 76.73-9999.00-9999.00-9999.00-9999.00-9999.00-9999.00-9999.00 -9999.00-9999.00-9999.00-9999.00-9999.00-9999.00-9999.00-9999.00-9999.00 72.70 298.36 0.00 75.22 80.98 76.63 0.00 93.71 362.45 110.26 73.60 81.98 83.84 83.10 379.92 75.02 79.87 128.63 73.48 113.39 383.23 0.00 73.05 0.00 0.00 110.60 73.87 110.85 79.27 0.00 116.42 80.88 93.18 0.00 73.15 265.27 159.11 73.48 139.45 180.00 381.24 89.40 71.87 232.25 214.73 261.06 384.02 376.02 81.27 76.16 0.00
109.09 174.86 116.00 0.00 80.10 71.92 376.24 74.16 82.54 82.39 129.85 75.43 76.11 305.83 80.88 157.06 83.84 83.10 91.67 97.94 85.73 174.76 90.33 233.95 95.82 88.53 164.34 71.99 132.97 73.73 110.15 134.48 196.60 0.00 73.64 82.90 75.23 344.37 191.00 93.20 93.96 80.69 122.41 73.70 142.41 0.00 76.94 81.47 84.64 102.93 80.46 83.49 78.74 86.71 97.43 74.86 394.47 143.49 189.44 257.76 77.64
260.74 374.23 121.69 71.98 143.56 0.00 111.89 74.20 75.26 375.08 376.88 167.38 80.85 73.38 142.50 166.53 310.90 0.00 347.80 320.93 136.01 85.34 89.79 151.59 377.76 93.45 376.29 89.34 90.12 78.45 85.89 85.95 159.99 73.70 73.92 77.17 73.86 156.41 77.90 0.00 327.46 102.04 380.10 375.27 77.90 81.71 81.22 82.80 86.49 113.46 86.29 81.06 74.75 96.01 85.33 84.33 86.57 219.99 379.07 378.84 384.92
148.71 381.80 74.05 130.70 86.29 78.45 113.32 395.19 0.00 119.78 77.90 302.23 130.74 73.38 82.80 75.82 77.90 73.75 121.54 381.43 126.23 86.29 196.74 84.18 125.52 99.36 360.64 87.86 80.08 354.43 377.23 177.12 265.37 0.00 166.27 376.90 367.65 369.72 89.11 201.76 337.72 147.63 359.68 74.36 73.54 327.49 73.50 82.50 376.95 375.12 73.86 89.79-9999.00-9999.00-9999.00-9999.00-9999.00-9999.00-9999.00-9999.00-9999.00-9999.00 -9999.00-9999.00-9999.00-9999.00-9999.00-9999.00-9999.00-9999.00-9999.00 72.17 112.53 301.23 0.00 109.33 73.48 81.98 113.51
148.11 177.21 383.73 91.63 141.33 72.78 78.34 90.83 91.21 75.51 74.86 84.48 196.23 73.40 86.29 84.81-9999.00-9999.00-9999.00-9999.00-9999.00-9999.00-9999.00-9999.00-9999.00-9999.00-9999.00-9999.00-9999.00 -9999.00-9999.00-9999.00-9999.00-9999.00-9999.00-9999.00-9999.00-9999.00-9999.00 75.22 234.25 378.77 0.00 0.00 0.00 0.00 0.00 0.00 389.23 341.39 72.70 0.00 267.92 131.90 73.73 80.10 89.54 80.98 0.00 89.18 84.62 87.28 80.70 376.87 287.27 152.09 74.48 71.91 142.02 0.00 149.49 74.83 85.73 75.02 378.30 73.37 167.13 382.01 71.87 380.06 72.78 71.89 109.19
0.00 304.57 72.37 80.88 141.71 81.61 118.13 95.30 0.00 384.65 215.68 147.44 74.16 72.13 118.98 134.51 0.00 378.79 73.73 81.50 72.78 0.00 139.62 320.71 73.73 281.39 74.01 120.73 75.23 116.21 75.81 75.23 120.11 202.66 330.95 376.45 379.74 0.00 369.19 375.86 389.69 0.00 0.00 0.00 0.00 0.00 0.00 0.00 376.39 326.81 379.54 76.53 78.17 154.43 87.66 189.60 382.41 77.17 219.62 79.72 373.61
84.81 84.19 379.09 86.57 89.19 86.49 81.27 122.28 380.13 382.19 73.98 76.16 122.35 137.09 341.40 378.01 0.00 315.52 377.57 355.37 176.75 85.03 358.79 80.29 95.81 315.66 75.37 73.40 73.80 378.83 74.75 74.65 376.49 385.58 324.93 73.86 86.93-9999.00-9999.00-9999.00-9999.00-9999.00-9999.00-9999.00-9999.00-9999.00-9999.00-9999.00-9999.00-9999.00-9999.00 -9999.00-9999.00-9999.00-9999.00-9999.00-9999.00-9999.00-9999.00-9999.00-9999.00-9999.00-9999.00-9999.00 91.67 76.63 82.54 136.92 376.92 80.10 86.22 76.11 193.57 73.26 71.86 0.00 74.48 367.35 0.00 399.91 75.22 73.73 72.56 79.33 76.91 92.59 98.63
82.53 80.70 72.15 226.87 377.85 382.63 0.00 71.84 128.05 72.70 80.82 79.24 111.05 376.52 79.83 72.54 73.37 311.59 0.00 72.54 71.88 71.85 117.82 377.22 81.89 85.54 174.16 400.91 114.54 103.96 93.45 77.90 374.24 376.60 119.22 76.34 96.97 87.22 75.66 89.79 76.53 89.79 79.38 391.88 75.82 90.12 352.62 77.90 86.93 143.98 147.78 82.50 74.20 157.68 163.59 74.65 360.91 0.00 75.82 83.75 77.90
75.87 76.11 79.35 79.82 78.88 0.00 0.00 112.55 83.49 137.93 74.16 132.10 75.64 73.05 292.78 74.48 376.01 210.76 84.22 79.45 79.87 79.27 78.16 187.76 0.00 75.99 242.84 376.11 73.48 378.54 101.12 0.00 86.25 179.49 80.87 101.12 72.21 79.68 72.26 83.15 88.83 76.63 288.38 83.01 314.64 87.86 74.28 416.53 322.80 79.38 369.23 196.45 83.13 286.19 76.94 0.00 73.54 74.65 76.53 138.09 74.20
80.46 378.75 181.34 376.69 0.00 71.94 83.15 82.54 79.99 77.83 424.03 73.05 81.28 82.83 86.73 80.55 72.96 336.61 72.96 336.45 82.83 113.47 81.50 81.50 124.65 367.36 378.94 0.00 79.27 359.90 95.82 86.97 129.66 76.11 192.28 375.17 385.99 86.25 93.71 119.32 377.34 82.54 85.05 184.64 75.87 193.46 0.00 0.00 0.00 387.52 184.42 96.92 76.34 86.29 88.90 80.08 84.03 76.34 378.14 346.17 373.81
235.93 382.06 156.96 214.92 154.85 95.82 377.90 378.08 0.00 375.02 376.62 165.94 376.40 240.12 361.78 78.24 220.33 185.63 87.44 119.67 375.55 379.78 75.22 89.54 72.17 254.97 97.38 96.34 137.48 83.10 264.45 0.00 89.40 0.00 240.12 95.02 376.89 378.87 90.29 351.67 319.19 378.74 192.93 91.61 73.80 73.54 73.80 132.47 73.33 87.86 381.68 74.28 80.91 132.68 74.45 79.38 383.50 332.00 73.54 73.54 377.32
84.03 76.11 91.67 252.32 379.04 141.69 77.51 92.16 83.10 102.35 379.16 90.37 74.65 323.23 0.00 384.41 375.87 376.65 376.04 139.62 0.00 235.14 82.40 92.11 131.35 209.38 329.38 145.63 80.85 339.86 375.75 117.39 78.45 78.45 180.13 73.75 82.63 362.38 82.15 75.37 82.63 111.16 132.13 375.51 0.00 380.70 377.96 373.73 267.13 79.05 82.31 74.36 78.74 0.00 110.82 73.32 81.53 87.86 77.17 140.89 351.24
181.32 0.00 378.55 181.32 384.68 282.51 213.64 376.84 248.61 377.39 126.85 376.09 371.06 89.48 87.22 388.60 383.42 394.77 75.51 85.34 363.76 78.17 84.64 114.14 84.33 218.34 84.48 74.86 83.75 75.23 257.71 0.00 384.48 376.10 276.02 74.38 127.22 152.91 75.11 89.79 0.00 381.01 378.75 377.20 378.85 236.18 137.13 119.12 84.19-9999.00-9999.00-9999.00-9999.00-9999.00-9999.00-9999.00-9999.00-9999.00-9999.00-9999.00-9999.00-9999.00-9999.00-9999.00-9999.00-9999.00-9999.00-9999.00-9999.00 -9999.00-9999.00-9999.00-9999.00-9999.00-9999.00-9999.00-9999.00-9999.00-9999.00-9999.00-9999.00-9999.00-9999.00-9999.00-9999.00-9999.00-9999.00-9999.00-9999.00 82.01 177.71 347.45 378.87 382.72 329.80 74.16 86.47 360.04 118.95 77.51
319.51 379.02 375.27 375.57 0.00 247.74 384.86 81.01 82.54 381.68 386.33 378.27 341.56 151.12 76.34 83.65 265.07 82.90 85.95 109.82 381.35 244.75 0.00 378.47 375.75 376.36 261.78 375.86 243.64 348.20 200.95 84.03 87.38 74.28 0.00 378.09 247.30 81.27 217.07 78.17-9999.00-9999.00-9999.00-9999.00-9999.00-9999.00-9999.00-9999.00-9999.00-9999.00-9999.00-9999.00-9999.00-9999.00-9999.00-9999.00-9999.00-9999.00-9999.00-9999.00-9999.00-9999.00-9999.00 -9999.00-9999.00-9999.00-9999.00-9999.00-9999.00-9999.00-9999.00-9999.00-9999.00-9999.00-9999.00-9999.00-9999.00-9999.00-9999.00-9999.00 76.63 156.41 378.96 374.29 78.88 285.17 73.26 198.03 132.91 430.31 97.34 86.73 79.27 129.96 233.93 76.91 0.00 0.00 0.00 0.00
384.75 73.38 80.70 81.71 84.64 82.80 85.51 84.81 280.49 82.60 376.99 141.69 380.62 155.31 141.63-9999.00-9999.00-9999.00-9999.00-9999.00-9999.00-9999.00-9999.00-9999.00-9999.00-9999.00-9999.00-9999.00-9999.00-9999.00-9999.00-9999.00-9999.00-9999.00-9999.00-9999.00-9999.00-9999.00 -9999.00-9999.00-9999.00-9999.00-9999.00-9999.00-9999.00-9999.00-9999.00-9999.00-9999.00-9999.00-9999.00-9999.00-9999.00-9999.00-9999.00-9999.00-9999.00-9999.00-9999.00-9999.00-9999.00-9999.00-9999.00-9999.00 88.17 75.87 301.73 201.04 91.20 83.10 91.20 95.30 82.01 176.03 328.88 376.89 394.28 0.00 0.00 377.91 377.69 126.85 194.72 248.61 375.60 379.80 0.00 381.25 380.32 380.07 377.38 317.90 376.43 92.65 375.83 240.94 83.68 91.43 121.20 377.00 375.98 379.85 102.94 290.22 380.07 279.88 165.94 95.33 375.27
324.20 0.00 375.58 377.27 328.97 376.61 223.17 227.79 249.98 376.06 290.21 267.57 377.50 378.11 0.00 0.00 0.00 359.25 0.00 189.59 387.10 378.57 309.47 131.69 114.49 73.50 112.58 379.31 377.94 129.86 113.71 74.86 97.43 90.46 85.70 83.37 92.96 77.17 75.23 73.70 110.82 375.75 84.19 117.51 75.99-9999.00-9999.00-9999.00-9999.00-9999.00-9999.00-9999.00-9999.00-9999.00-9999.00-9999.00-9999.00-9999.00-9999.00-9999.00-9999.00-9999.00-9999.00-9999.00-9999.00-9999.00 -9999.00-9999.00-9999.00-9999.00-9999.00-9999.00-9999.00-9999.00-9999.00-9999.00-9999.00-9999.00-9999.00-9999.00-9999.00-9999.00-9999.00-9999.00-9999.00-9999.00-9999.00-9999.00-9999.00-9999.00-9999.00-9999.00-9999.00-9999.00-9999.00-9999.00 97.94 95.02 87.72 377.84 90.37 380.05 383.15 383.94 385.45 235.61 304.48 264.10 248.61 375.70 0.00
93.67 80.63 375.33 384.31 375.33 379.71 388.46 380.17 379.94 142.94 74.19 80.92 83.99 82.50 376.10 386.54 383.16 313.54 359.94 90.86 375.10 375.20 375.82 376.24 0.00 375.34 352.95 79.39 93.12 202.95 372.96 377.08 375.30 87.90 277.17 89.74 378.16 81.83 84.22 373.95 375.45 339.52 73.60 72.40 72.55 79.89 83.99 82.31 88.89 376.68 78.78 96.81 379.67 308.48 77.72 377.91 127.77 80.00 100.20 377.89 95.50
385.30 200.18 161.33 180.24 284.92 160.49 0.00 376.29 207.17 378.30 170.79 375.20 189.59 381.74 380.47 328.54 354.54 365.10 141.26 74.90 73.88 72.63 0.00 0.00 201.13 76.80 123.18 85.49 87.91 137.97 348.55 80.92 76.26 80.92 95.64 0.00 95.32 88.55 80.45 91.30 77.72 81.93 116.94 80.45 87.31-9999.00-9999.00-9999.00-9999.00-9999.00-9999.00-9999.00-9999.00-9999.00-9999.00-9999.00-9999.00-9999.00-9999.00-9999.00-9999.00-9999.00-9999.00-9999.00-9999.00-9999.00-9999.00-9999.00 -9999.00-9999.00-9999.00-9999.00-9999.00-9999.00-9999.00-9999.00-9999.00-9999.00-9999.00-9999.00-9999.00-9999.00-9999.00-9999.00-9999.00-9999.00-9999.00-9999.00-9999.00-9999.00-9999.00-9999.00-9999.00-9999.00-9999.00-9999.00-9999.00-9999.00-9999.00-9999.00-9999.00-9999.00-9999.00-9999.00-9999.00-9999.00-9999.00-9999.00-9999.00-9999.00-9999.00 223.17 375.36 270.03 270.03 375.52 0.00 375.41 294.80 319.58 294.80 0.00 249.96 376.16 294.80 375.42
375.48 294.80 298.10 0.00 319.58 375.00 375.00 0.00 294.80 294.80 0.00 375.35 375.03 375.11 294.81 375.60 375.00 313.54 0.00 294.81 376.41 270.03 0.00 0.00 0.00 375.20 375.21 299.01 134.93 164.31 79.84 374.97 0.00 378.50 378.13 82.97 77.81 375.50 294.34 134.23 81.41 81.77 381.89 235.33 75.31 77.10 380.13 295.59 85.98 87.00 96.64 352.60 382.33 81.41 120.42 87.00 80.45 397.04 78.41 376.83 146.42
