蒙特卡罗+CDRMV3/输出数据/2D水深分布/WaterDepthGIS_0165.ASC
ncols         539            
nrows         744            
xllcorner     602630.84259341
yllcorner     3914823.670891 
cellsize      50             
NODATA_value  -9999.00       
[rows 0 to 26 of 32, columns 366 to 426 of 539]
130.45 180.97 133.28 86.03-9999.00-9999.00-9999.00-9999.00-9999.00-9999.00-9999.00-9999.00-9999.00-9999.00-9999.00-9999.00-9999.00-9999.00-9999.00-9999.00-9999.00-9999.00-9999.00-9999.00-9999.00-9999.00-9999.00-9999.00-9999.00-9999.00-9999.00-9999.00-9999.00-9999.00-9999.00-9999.00-9999.00-9999.00-9999.00-9999.00-9999.00-9999.00-9999.00-9999.00-9999.00-9999.00-9999.00-9999.00-9999.00-9999.00-9999.00-9999.00-9999.00-9999.00-9999.00-9999.00-9999.00-9999.00-9999.00-9999.00-9999.00 93.23 80.46 88.63-9999.00-9999.00-9999.00-9999.00-9999.00-9999.00-9999.00-9999.00-9999.00-9999.00-9999.00-9999.00-9999.00-9999.00-9999.00-9999.00-9999.00-9999.00-9999.00-9999.00-9999.00-9999.00-9999.00-9999.00-9999.00-9999.00 71.91 367.16 85.03 376.77 111.46 79.26 71.71 79.48 72.17 111.93 131.93 376.14 376.66 380.82 384.45 383.41 76.66 0.00 115.65 80.52 376.53 135.87 75.14 72.25 284.58 75.14-9999.00-9999.00-9999.00-9999.00-9999.00-9999.00-9999.00-9999.00-9999.00-9999.00 -9999.00-9999.00-9999.00-9999.00-9999.00-9999.00-9999.00-9999.00-9999.00-9999.00-9999.00-9999.00-9999.00-9999.00 77.96 82.08 79.70 83.37 228.00 0.00 0.00 110.88 80.23-9999.00-9999.00-9999.00-9999.00-9999.00-9999.00-9999.00-9999.00-9999.00-9999.00-9999.00-9999.00-9999.00-9999.00-9999.00-9999.00-9999.00-9999.00-9999.00-9999.00-9999.00-9999.00-9999.00-9999.00-9999.00-9999.00-9999.00-9999.00-9999.00-9999.00-9999.00-9999.00-9999.00-9999.00-9999.00-9999.00-9999.00-9999.00-9999.00-9999.00-9999.00-9999.00-9999.00-9999.00-9999.00-9999.00-9999.00-9999.00-9999.00-9999.00-9999.00-9999.00-9999.00-9999.00-9999.00-9999.00-9999.00 90.86 378.26 75.60-9999.00-9999.00-9999.00-9999.00-9999.00-9999.00-9999.00-9999.00-9999.00-9999.00-9999.00-9999.00-9999.00-9999.00-9999.00-9999.00-9999.00-9999.00-9999.00-9999.00-9999.00-9999.00-9999.00-9999.00-9999.00-9999.00 80.84 181.37 81.85 376.65 209.85 71.63 272.73 73.02 85.26 71.80 111.02 376.41 372.02 383.51 77.28
262.22 145.22 79.61 83.54 77.28 77.28 120.30 0.00 81.47 82.59 0.00 378.22 256.99 364.63 151.47 85.78 117.14 86.26-9999.00-9999.00-9999.00 -9999.00-9999.00-9999.00-9999.00-9999.00-9999.00-9999.00-9999.00-9999.00-9999.00-9999.00-9999.00-9999.00-9999.00 70.82 122.92 280.83 72.82 73.20 0.00 127.28 70.91 83.37 81.00 89.38 97.71-9999.00-9999.00-9999.00-9999.00-9999.00-9999.00-9999.00-9999.00-9999.00-9999.00-9999.00-9999.00-9999.00-9999.00-9999.00-9999.00-9999.00-9999.00-9999.00-9999.00-9999.00-9999.00-9999.00-9999.00-9999.00-9999.00-9999.00-9999.00-9999.00-9999.00-9999.00-9999.00-9999.00-9999.00-9999.00-9999.00-9999.00 84.80 73.84 322.42 87.65 76.96 77.96 371.18-9999.00 81.85 111.22 118.44 74.73 316.47 296.89 0.00 87.22 256.00 81.47 374.66 79.54 75.60 77.96 376.20 74.17-9999.00-9999.00 78.95 79.48 72.69 290.38 254.35 122.17 109.69
87.07 87.96 104.47 313.90 383.13 381.86 261.47 122.47 76.38 76.66 122.67 171.15 74.17 142.30 380.44 0.00 80.46 130.63 88.63 71.86 179.79 71.91 73.02 380.19 73.84 362.04 110.77 84.58 71.86 108.61 375.59 375.56 72.17 81.19 91.11 71.44 232.59 377.62 72.50 72.59 388.12 382.75 0.00 0.00 0.00 118.79 72.25 141.40 71.38 71.56 71.91 80.73 75.14 71.67 72.10 71.63 78.82 73.27 71.97 0.00 135.84
73.54 195.74 378.31 78.32 170.77 72.80 201.99 71.63 112.97 76.11 155.44 326.68 345.56 73.02 79.61 77.96 0.00 0.00 93.33 93.79 82.59 84.98 94.71 86.00 221.07 86.52 75.37-9999.00-9999.00-9999.00-9999.00-9999.00-9999.00-9999.00-9999.00 -9999.00-9999.00-9999.00-9999.00-9999.00-9999.00-9999.00-9999.00-9999.00-9999.00-9999.00-9999.00 86.38 219.25 147.74 70.36 107.97 71.88 70.53 0.00 71.75 108.68 73.40 0.00 88.10 268.98 395.49 71.29 379.25 76.76 74.57 81.34 82.49 94.78 88.93 76.40 151.49 248.26 96.42 87.22 83.37 82.28 123.69 382.80 74.73
78.64 71.09 111.35 0.00 253.04 122.17 70.99 83.84 71.63 79.23 83.84 75.12 75.42 156.37 88.13 379.14 78.64 335.27 81.89 71.51 378.84 155.48 75.12 84.61 85.59 257.41 74.57 323.20 0.00 314.55 77.61 171.43 96.83 99.19 72.10 366.04 375.36 86.79 71.67 123.34 0.00 72.03 81.71 120.28 0.00 116.87 237.35 76.11 72.50 376.29 83.18 73.69 124.62 82.64 78.76 376.40 0.00 71.71 82.81 119.84 108.88
78.24 78.83 270.39 119.66 78.86 70.18 344.66 379.76 70.82 378.46 72.82 70.14 0.00 118.28 342.35 377.54 73.40 70.36 77.85 80.68 70.47 0.00 134.47 71.75 215.93 72.82 72.69 375.69 90.63 74.00 112.80 378.92 385.36 0.00 75.60 80.95 78.68 73.40 0.00 108.91 80.95 73.14 377.61 75.14 72.50 109.29 379.27 379.54 73.40 0.00 86.26 79.82 75.37 122.07 73.54 0.00 130.01 121.84 72.59 71.91 80.73
331.46 82.91 376.13 231.89 140.86 71.39 109.30 79.13 70.18 106.13 0.00 147.99 77.14 81.34 83.84 114.46 81.52 376.88 87.72 80.23 0.00 140.06 70.04 80.52 95.32 88.93 272.42 89.38 82.78 72.25 165.02 374.97 73.54 74.35 125.00 71.48 0.00 138.35 71.76 78.58 109.69 196.90 376.46 118.32 73.84 72.80 119.98 79.21 83.35 0.00 84.15 80.06 85.75 111.71 0.00 83.80 380.28 374.06 325.40 110.91 72.59
79.13 70.67 377.92 79.70 113.85 0.00 70.47 69.92 70.82 178.37 380.19 72.82 123.57 78.47 73.83 0.00 76.76 382.49 70.41 72.65 70.41 77.97 85.15 76.06 82.08 70.36 110.72 361.78 163.54 80.73 128.40 75.85 112.39 0.00 71.42 283.73 242.15 72.25 82.98 87.35 79.16 127.91 73.27 116.00 131.87 0.00 71.71 90.86 0.00 71.48 79.31 72.17 72.59 191.73 71.97 76.96 339.29 73.02 110.95 314.49 356.99
198.82 72.17 82.08 70.74 133.26 196.23 296.92 376.75 377.20 377.59 377.22 0.00 141.40 74.17 166.72 84.80 79.54 381.83 78.32 71.46 108.71 265.76 377.20 320.49 0.00 325.73 112.60 75.37 84.58 293.52 375.40 83.80 79.54 131.52 208.80 381.94 142.04 383.95 72.41 74.35 71.71 0.00 362.29 357.53 113.19 71.76 71.59 189.87 375.73 80.52 72.69 375.50 0.00 133.32 109.04 77.61 78.99 71.91 0.00 116.15 72.91
95.92 87.07 198.93 163.27 144.49 72.41 83.35 76.96 96.87 203.63 79.42 73.02 71.67 376.89 81.47 0.00 376.17 77.61 78.71 377.89 0.00 327.78 86.52 79.90 81.44 113.91 78.76 76.96 124.33 125.07 72.91 356.41 73.84 116.87 300.37 131.09 84.44 0.00 0.00 74.93 212.81 83.74 78.85 73.69 0.00 0.00 379.93 175.86 379.52 375.45 349.60 297.05 232.89 119.35 73.02 377.44 72.41 85.26 72.69 378.44 75.14
116.84 81.31 81.85 85.03 81.57 82.64 76.96 85.10 76.96 122.59 354.11 198.81 230.00 0.00 0.00 101.78 377.16 335.25 380.72 379.00 235.73 0.00 89.79 0.00 79.54 76.38 121.39 110.43 80.95 170.45 348.30 134.99 123.90 84.44-9999.00-9999.00-9999.00-9999.00-9999.00-9999.00-9999.00-9999.00-9999.00 -9999.00-9999.00-9999.00-9999.00-9999.00-9999.00-9999.00-9999.00-9999.00-9999.00 70.53 227.08 0.00 71.09 77.35 74.57 77.68 71.88 0.00 108.81 80.68 71.88 119.54 78.83 72.02 0.00 70.22 274.13 114.50 75.42 75.73 381.71 121.82 75.42 84.88 215.64
98.47-9999.00-9999.00-9999.00-9999.00-9999.00-9999.00-9999.00-9999.00-9999.00-9999.00 -9999.00-9999.00-9999.00-9999.00-9999.00-9999.00-9999.00-9999.00-9999.00 71.39 108.08 395.33 0.00 71.88 72.02 0.00 74.57 79.58 72.82 114.79 112.29 70.31 107.67 357.40 0.00 174.83 81.53 82.70 71.51 202.33 383.96 70.91 75.12 81.70 140.99 380.35 73.61 71.18 106.46 371.37 0.00 145.65 131.74 73.83 70.91 375.48 71.51 71.09 380.97 71.18 377.60 69.95 116.77 69.96 0.00 122.61 69.90 82.28 83.37 78.03 78.86 200.52 280.63 82.49 76.38 139.39 375.37 0.00
344.99 70.67 70.12 106.29 0.00 87.35 131.59 127.98 87.35 122.93 78.10 70.07 385.37 0.00 0.00 375.99 135.39 73.84 351.45 235.61 83.20 73.27 141.86 139.04 338.75 0.00 74.53 72.33 384.05 218.23 375.58 331.38 161.32 376.88 73.54 80.95 80.46 0.00 0.00 0.00 0.00 0.00 0.00 0.00 88.85 235.89 76.38 382.30 171.78 86.79 79.99 378.81 378.22 0.00 79.99 259.86 377.62 376.99 389.65 299.96 376.33
122.09 352.10 381.05 74.53 74.00 74.93 110.44 324.58 383.38 0.00 195.57 374.97 124.66 377.59 224.95 375.58 373.61 160.93 78.86 119.90 165.24 110.73 0.00 77.96 296.72 137.88 74.73 377.80 137.82 75.37-9999.00-9999.00-9999.00-9999.00-9999.00-9999.00-9999.00-9999.00-9999.00-9999.00-9999.00-9999.00-9999.00-9999.00 -9999.00-9999.00-9999.00-9999.00-9999.00-9999.00-9999.00-9999.00-9999.00-9999.00-9999.00 86.34 80.95 85.44 77.54 376.91 76.06 375.78 75.12 77.00 78.56 171.18 379.06 0.00 0.00 0.00 74.84 71.29 116.52 0.00 0.00 0.00 73.61 0.00 84.13 120.17 265.64 78.39 69.95 259.56 0.00
88.10 146.61 75.12 377.39 71.63 79.70 69.97 118.11 227.10 110.49 75.42 0.00 315.58 69.99 85.44 84.15 80.68 83.37 76.76 376.43 70.04 141.09 375.95 155.78 0.00 0.00 0.00 377.58 297.74 378.91 86.48 369.57 383.33 382.77 133.07 82.59 87.35 76.38 81.44 74.17 75.85 377.14 74.17 71.41 72.17 128.77 363.39 86.48 76.96 75.37 134.63 89.79 82.59 128.23 180.78 378.15 121.67 84.80 99.19 82.98 81.85
377.37 378.32 378.46 77.14 0.00 71.75 166.45 70.07 71.18 130.04 362.56 71.29 141.51 181.90 128.17 111.89 72.65 0.00 138.12 71.88 74.07 0.00 0.00 71.29 79.58 334.51 72.17 89.38 80.09 74.57 80.83 77.97 79.23 71.09 376.63 0.00 390.39 266.92 71.75 76.40 160.04 80.83 82.14 196.88 412.44 0.00 77.54 371.85 114.63 127.68 81.52 376.52 70.67 70.99 87.65 81.19 77.28 76.96 86.79 77.61 73.69
375.96 376.65 350.21 170.60 112.12-9999.00-9999.00-9999.00-9999.00-9999.00-9999.00-9999.00-9999.00-9999.00-9999.00-9999.00-9999.00-9999.00-9999.00-9999.00-9999.00-9999.00-9999.00-9999.00-9999.00 -9999.00-9999.00-9999.00-9999.00-9999.00-9999.00-9999.00-9999.00-9999.00-9999.00-9999.00-9999.00-9999.00-9999.00-9999.00-9999.00-9999.00-9999.00-9999.00 94.07 79.86 88.93 79.35 126.83 75.42 384.15 297.02 377.79 74.31 70.22 201.19 318.39 378.39 108.60 111.17 77.12 128.45 379.78 0.00 368.51 109.83 160.40 76.40 70.53 71.18 381.18 403.55 225.69 82.14 80.09 80.95 79.58 139.14 79.13 83.60 78.17 70.26 207.32 94.07 0.00 85.59 0.00 254.60 88.13 375.73 205.65 101.90 122.67 375.07 379.19 80.95 82.08 84.09 84.35
83.84 77.14 300.99 96.42 376.89 73.40 390.76 368.62 355.26 381.26 71.39 70.60 76.98 77.00 116.44 125.69 0.00 130.01 120.87 87.00 74.84 88.13 0.00 78.40 70.10 86.34 74.84 354.61 249.28 284.87 77.54 379.39 110.80 117.71 363.42 280.13 302.38 376.52 123.42 0.00 380.31 378.47 171.55 131.90 72.02 70.82 222.45 73.00 82.91 76.06 379.12 146.81 0.00 89.15 376.64 124.41 85.59 0.00 115.67 77.96 83.44
141.61 377.86 375.61 82.14 0.00 77.54 73.61 180.60 82.78 378.46 374.45 79.86 185.62 148.08 91.51 89.15 91.51 147.50 113.20 169.18 113.20 300.26 95.05 79.76 153.81 83.41 157.66 190.15 88.93 72.48 76.06 73.20 84.84 391.05 255.37 376.36 378.68 73.61 382.94 80.95 0.00 382.79 237.63 384.43 180.81 166.17 221.42 381.21 141.96 0.00 0.00 375.89 99.42 79.99 75.85 373.52 81.47 84.58 72.25 379.55 74.00
88.13 91.51 0.00 162.51 98.00 378.78 365.29 376.68 388.93 380.80 84.84 88.10 91.97 96.42 79.86 376.90 89.86 83.37 76.06 87.22 375.67 0.00 214.67 377.57 82.14 262.42 242.75 375.17 359.54 376.08 214.96 80.89 103.30 156.82 329.64 90.18 74.53 113.95 289.35 75.37 74.17 376.57 280.35 110.79 82.02 79.98 73.69 72.91 354.40 379.51 72.33 116.78 377.31 0.00 376.34 147.82 117.74 85.50 79.75 81.19 79.99
204.31 92.05 79.23 85.44 78.40 82.14 379.51 334.39 82.14 87.72 71.88 117.64 342.11 378.14 379.55 0.00 267.24 296.03 376.17 210.48 320.49 389.70 356.03 376.66 132.16 113.20 358.65 0.00 176.93 87.22 276.10 74.73 314.01 73.02 78.32 85.03 73.14 123.63 287.83 380.48 74.17 379.15 73.27 0.00 377.14 111.39 382.82 72.50 137.68 141.64 299.05 72.41 337.91 72.50 92.13 0.00 320.41 111.48 74.93 89.76 84.80
350.99 194.56 380.78 251.20 0.00 237.63 194.56 190.94 375.40 0.00 322.45 372.74 0.00 132.16 102.11 94.48 377.12 192.29 99.49 261.44 377.18 73.14 73.69 375.59 77.96 375.48 76.38 351.25 0.00 78.32 89.76 83.20 71.56 78.80 82.44 148.03 79.90 74.53 244.50 121.05 73.84 85.50 116.26 382.17 127.46 72.41 83.16 82.81-9999.00-9999.00-9999.00-9999.00-9999.00-9999.00-9999.00-9999.00-9999.00-9999.00-9999.00-9999.00-9999.00-9999.00-9999.00-9999.00-9999.00-9999.00-9999.00-9999.00-9999.00-9999.00-9999.00-9999.00 -9999.00-9999.00-9999.00-9999.00-9999.00-9999.00-9999.00-9999.00-9999.00-9999.00-9999.00-9999.00-9999.00-9999.00-9999.00-9999.00-9999.00-9999.00-9999.00-9999.00-9999.00 83.14 79.35 76.40 89.15 141.85 376.37 371.53 380.69 385.52 381.50 408.38 94.23
79.70 71.75 74.31 76.06 327.79 333.96 377.38 377.39 378.03 339.07 333.65 0.00 363.68 376.00 378.14 344.29 111.48 99.05 0.00 376.14 376.93 148.37 154.84 145.81 92.55 83.93 74.57 76.76 82.21 346.65 251.51 376.03 375.61 377.50 136.16 200.49 305.21 242.75 375.78 372.85 306.75 337.77 0.00 326.09 0.00 377.95 326.09 377.44 379.48 0.00 375.68 282.42 322.45 376.85 375.34 376.11 285.57 80.12 253.15 86.20 72.72
314.49 129.74 121.50 70.33 69.54 76.79 79.56 77.47 70.41 78.20 73.33 113.93 126.78 219.25 139.86 132.85 317.62 75.60 87.35 375.34 90.11 380.30 104.47 81.47-9999.00-9999.00-9999.00-9999.00-9999.00-9999.00-9999.00-9999.00-9999.00-9999.00-9999.00-9999.00-9999.00-9999.00-9999.00-9999.00-9999.00-9999.00-9999.00-9999.00-9999.00 -9999.00-9999.00-9999.00-9999.00-9999.00-9999.00-9999.00-9999.00-9999.00-9999.00-9999.00-9999.00-9999.00-9999.00-9999.00-9999.00-9999.00-9999.00-9999.00-9999.00-9999.00-9999.00-9999.00-9999.00-9999.00-9999.00-9999.00-9999.00-9999.00-9999.00-9999.00-9999.00-9999.00 84.85 202.29 377.20 162.51 381.53 379.99 376.11 376.36 375.43 199.93 375.28 293.93 0.00 323.29 0.00 375.00 360.68 84.27 81.13 97.51 87.25 82.55 82.97 92.83 116.21 81.13 381.25 366.85 138.59 81.28 332.27 81.90 374.36 326.96 80.43 108.65
375.85 380.87 376.01 378.25 72.18 74.30 378.74 380.97 397.56 378.97 69.59 78.29 94.95 87.22 70.66 78.13 386.32 81.90 177.46 75.46 378.21 218.76 411.75 83.94 0.00 0.00 382.35 87.09 143.45-9999.00-9999.00-9999.00-9999.00-9999.00-9999.00-9999.00-9999.00-9999.00-9999.00-9999.00-9999.00-9999.00-9999.00-9999.00-9999.00-9999.00-9999.00-9999.00-9999.00-9999.00-9999.00-9999.00 -9999.00-9999.00-9999.00-9999.00-9999.00-9999.00-9999.00-9999.00-9999.00-9999.00-9999.00-9999.00-9999.00-9999.00-9999.00-9999.00-9999.00-9999.00-9999.00-9999.00-9999.00-9999.00-9999.00-9999.00-9999.00-9999.00-9999.00-9999.00-9999.00-9999.00-9999.00-9999.00-9999.00-9999.00-9999.00-9999.00-9999.00 272.79 366.15 375.00 375.39 373.78 346.72 375.27 375.27 375.14 0.00 293.93 332.30 280.61 0.00 358.04 293.94 376.31 375.00 293.94 293.93 293.94 376.66 376.50 293.94 375.03 0.00 340.90 93.41 93.41 97.16 380.11
0.00 293.93 293.93 293.93 377.97 0.00 357.98 375.00 293.93 0.00 0.00 0.00 0.00 375.00 293.93 375.00 293.93 319.19 0.00 0.00 375.76 377.95 166.74 375.51 262.65 375.32 360.33 120.81 375.20 316.48 135.51 376.11 145.21 72.02 144.34 69.69 134.24 121.37 78.96 90.78 209.97 354.97 376.06 94.34 372.33 150.12 88.01 77.69 350.32 376.66 79.08 382.94 73.79 151.08 70.41 370.54 75.79 375.84 83.39 377.01 77.90
297.24 0.00 375.00 0.00 375.38 293.93 0.00 293.93 375.52 375.18 293.94 293.93 375.94 375.00 328.27 375.00 0.00 0.00 293.94 293.94 0.00 377.64 375.55 220.77 375.41 289.76 113.21 135.92 375.34 94.20 375.10 375.21 376.94 75.15 73.33 378.04 261.99 128.79 72.91 0.00 77.27 129.64 77.69 145.30 73.33 71.31 410.90 90.18 378.53 77.27 83.23 0.00 384.64 137.59 77.69 89.75 79.08 148.89 93.72 74.71 0.00
