蒙特卡罗+CDRMV3/输出数据/2D水深分布/WaterDepthGIS_0135.ASC
ncols         539            
nrows         744            
xllcorner     602630.84259341
yllcorner     3914823.670891 
cellsize      50             
NODATA_value  -9999.00       
[rows 0 to 26 of 32, columns 427 to 487 of 539]
86.02 83.86 170.80 0.00 87.49 382.03 84.47 91.94 92.73 89.14 376.39 100.93-9999.00-9999.00 106.63 102.86-9999.00-9999.00-9999.00-9999.00-9999.00 -9999.00-9999.00-9999.00-9999.00-9999.00-9999.00-9999.00-9999.00-9999.00-9999.00-9999.00-9999.00-9999.00-9999.00-9999.00 85.60 149.91 377.08 88.07 134.72 0.00 162.65 91.40 122.99-9999.00-9999.00-9999.00-9999.00-9999.00-9999.00-9999.00-9999.00-9999.00-9999.00-9999.00-9999.00-9999.00-9999.00-9999.00-9999.00-9999.00-9999.00-9999.00-9999.00-9999.00-9999.00-9999.00-9999.00-9999.00-9999.00-9999.00-9999.00-9999.00-9999.00-9999.00-9999.00-9999.00-9999.00-9999.00-9999.00-9999.00-9999.00-9999.00-9999.00-9999.00-9999.00-9999.00-9999.00-9999.00-9999.00-9999.00-9999.00-9999.00-9999.00-9999.00-9999.00-9999.00-9999.00-9999.00 96.19 86.80 373.98 85.21-9999.00-9999.00-9999.00-9999.00-9999.00-9999.00-9999.00-9999.00-9999.00-9999.00-9999.00 88.83-9999.00-9999.00-9999.00-9999.00-9999.00-9999.00-9999.00-9999.00-9999.00-9999.00-9999.00-9999.00-9999.00 100.56 84.47 376.90 83.93 381.57 94.91 229.07 140.52 85.67 91.63 160.07 343.78 95.24 235.37 210.18 92.82 86.80 91.55 93.77 95.02 0.00 98.42 376.17 156.44 84.37 83.47 84.94 378.82 90.12 97.65 378.89 248.62
83.61 0.00 0.00 208.35 216.97 88.54 0.00 281.69 385.64 300.31 83.47 105.15 237.10 90.12 377.97 84.69 84.69 299.82 378.12 397.91 381.20 0.00 84.81 83.19 372.76 95.60 85.36 377.30 306.45 375.78 83.79 85.07 95.79 93.93 92.49 0.00 95.02 0.00 268.33 91.23 378.71 308.99 84.69 94.16 106.63-9999.00-9999.00-9999.00-9999.00 -9999.00-9999.00-9999.00-9999.00-9999.00-9999.00-9999.00-9999.00-9999.00-9999.00-9999.00-9999.00-9999.00 97.22 96.43 82.97 122.70 379.50 0.00 176.96 82.84 93.21 122.99 133.27 174.08 89.76 99.06-9999.00-9999.00-9999.00-9999.00-9999.00-9999.00-9999.00-9999.00-9999.00-9999.00-9999.00-9999.00-9999.00-9999.00-9999.00-9999.00-9999.00-9999.00-9999.00-9999.00-9999.00-9999.00-9999.00-9999.00-9999.00-9999.00-9999.00-9999.00-9999.00-9999.00-9999.00-9999.00-9999.00-9999.00-9999.00 88.54
85.07 83.33 148.77 90.85 0.00 89.45 365.90 0.00 390.49 384.83 387.02 378.22 396.92 135.25 87.73 378.08 87.99-9999.00-9999.00-9999.00-9999.00-9999.00-9999.00 -9999.00-9999.00-9999.00-9999.00-9999.00-9999.00-9999.00-9999.00-9999.00-9999.00-9999.00 87.22 123.09 267.61 383.07 92.12 90.46 88.71 0.00 327.49 123.01 84.56 90.20 381.71 93.21 384.66 238.09 209.43 99.06 88.07 283.56 91.47 148.75-9999.00-9999.00-9999.00-9999.00-9999.00 96.19 85.22 157.00 101.22 240.33 98.42 379.42 242.72-9999.00-9999.00-9999.00-9999.00-9999.00 94.46 300.67 375.82 97.65 89.78 417.17 84.81 98.97 88.83 377.31 91.63 90.85 213.02
372.91 87.99 364.09 95.02 377.77 251.45 87.25 83.30 363.90 87.02 165.97 0.00 216.43 86.20 96.19 91.88 198.44 0.00 0.00 376.39 310.57 319.25 99.24 86.80 161.18 378.39 356.86 385.77 85.84 104.21 0.00 147.26 83.51 97.84 84.58 377.36 87.25 0.00 342.19 147.81 83.21 91.73 101.55 85.51 99.28 93.93 127.99 371.70 375.86 409.08 383.53 84.94 119.20 83.51 279.90 348.15 380.69 381.98 95.02 284.41 0.00
201.93 376.77 0.00 84.09 158.09 213.96 87.25 84.81 141.44 382.25 85.21 95.24 129.81 93.65 93.42 218.44 128.57 85.36 123.84 383.21 97.08 93.21 90.48 163.53 389.55 145.68 85.51 131.24 377.01 221.19 379.72 83.79 148.59 90.48 221.60 337.60 106.31 94.03 92.19 123.65 101.22 94.16 83.51 91.15 87.02 434.93 0.00 92.49 234.15 151.10 103.36 104.30 381.54 104.21 147.69 110.06 375.86 88.54-9999.00-9999.00-9999.00-9999.00-9999.00-9999.00-9999.00-9999.00-9999.00 -9999.00-9999.00-9999.00-9999.00-9999.00 199.49 85.22
91.77 154.65 129.63 92.95 388.27 275.24 84.47 100.89 101.88 83.18 94.03 92.05 144.41 325.70 0.00 84.18 95.42 96.19 89.45 373.01 86.02 83.47 91.18 84.27 96.62 88.83 92.82 185.72 84.18 251.91 379.60 377.00 85.07 83.86 88.26 380.01 84.69 85.67 318.45 0.00 370.09 376.27 233.28 111.31 0.00 388.41 389.05 384.29 384.08 269.86 86.59 90.48 105.69-9999.00-9999.00-9999.00-9999.00-9999.00-9999.00-9999.00-9999.00-9999.00 -9999.00-9999.00 83.66 378.37 381.58 85.04 378.86 366.64 186.07
85.51 174.16 292.47 376.32 382.49 0.00 137.56 102.53 378.41 378.90 239.31 96.25 285.81 376.91 100.23 127.81 0.00 88.83 145.06 85.36 95.42 90.48 88.26 378.31 84.37 87.02 123.75 378.98 83.39 83.30 213.16 91.77 86.59 91.51 93.77 91.51 94.30 173.44 0.00 125.94 0.00 0.00 0.00 395.17 273.65 279.06 138.11 132.78 138.76 209.26 112.92 109.03 182.92 145.50 87.49 376.95 85.21-9999.00-9999.00-9999.00-9999.00-9999.00-9999.00 -9999.00-9999.00-9999.00-9999.00-9999.00 96.69 91.82 83.27
0.00 86.20 274.37 125.77 167.09 85.21 85.07 93.93 145.06 85.21 123.69 0.00 373.02 123.71 87.49 90.48 149.17 382.78 84.94 316.81 99.59 86.59 139.08 87.99 392.92 92.05 172.46 83.47 83.43 145.73 87.99 376.31 0.00 141.62 395.83 388.88 389.51 392.08 386.13 388.11 392.71 382.06 282.93 289.47 105.23 112.52 85.51 85.51 378.46 89.14 102.53-9999.00-9999.00-9999.00-9999.00-9999.00-9999.00-9999.00 -9999.00-9999.00-9999.00-9999.00-9999.00-9999.00-9999.00-9999.00 82.59 123.24 0.00 322.37 144.25 83.46 82.92 390.03 0.00
129.73 95.60 87.73 0.00 378.69 330.14 126.72 93.93 92.00 91.73 86.80 136.15 0.00 385.05 378.61 377.37 207.89 135.78 83.51 93.90 92.06 92.49 376.58 137.27 85.07 83.19 99.91 108.89-9999.00-9999.00-9999.00-9999.00-9999.00-9999.00-9999.00-9999.00-9999.00 -9999.00-9999.00-9999.00-9999.00-9999.00-9999.00-9999.00-9999.00-9999.00 82.59 126.42 0.00 88.38 87.22 0.00 87.22 217.42 122.94 82.43 93.98 137.45 82.84 380.19 92.34 94.50 89.98 90.04 83.19 402.12 0.00 380.52 82.68 91.24 157.04 222.92 90.54 85.04 97.50 91.31 305.18 268.77
373.88 91.63-9999.00-9999.00-9999.00-9999.00-9999.00-9999.00-9999.00-9999.00 -9999.00-9999.00-9999.00-9999.00-9999.00-9999.00-9999.00-9999.00-9999.00-9999.00 83.89 141.36 153.77 0.00 200.75 83.36 87.78 96.43 83.56 197.58 384.35 92.94 96.69 92.01 90.13 160.39 0.00 166.62 373.70 84.71 138.21 86.02 86.96 89.39 402.28 167.50 86.47 90.96 87.22 85.80 208.94 278.20 95.08 378.34 102.27 213.49 96.69 100.44 93.93 106.66 156.24 303.02 93.07 90.15 83.27 378.76 382.09 0.00 83.11 101.22 376.29 374.14 84.47 192.21 121.79 91.07 91.51 85.67
87.49 189.56 94.15 82.78 382.63 0.00 84.56 377.43 218.60 99.77 86.24 377.63 374.82 91.47 219.12 91.31 84.56 321.79 377.87 86.47 0.00 380.00 247.81 214.57 129.91 98.42 93.31 85.07 278.73 83.93 141.24 84.27 277.60 0.00 367.78 165.17 85.67 90.85 161.65 389.34 324.10 376.61 126.05 88.83 103.53 85.36 376.24 379.89 346.68 92.73 90.48 83.28 126.77 377.29 93.43 0.00 376.89 314.53 139.05 84.47 83.73
201.81 375.88 154.14 85.20 97.08 84.27 376.21 0.00 83.73 85.67 376.12 347.81 149.09 92.95 94.59 129.37 83.36 83.18 404.65 85.36 94.44 84.27 0.00 185.17 128.55 83.22 93.01 129.31 93.53 89.14 382.21 90.48 83.18 248.60 369.39 425.85 87.99 380.17 108.89 337.44 377.61 380.52 380.07 377.47 383.64 0.00 379.38 377.99 321.73 389.13 377.72 364.68 88.10 97.51 158.02 166.09 84.69 378.52 394.69 228.10 84.69
382.27 0.00 376.67 385.85 378.36 380.25 119.33 227.47 90.57 118.63 198.73 131.25 350.54 105.15 383.63 385.54 375.77 132.89 83.36 98.11-9999.00-9999.00-9999.00-9999.00-9999.00-9999.00-9999.00-9999.00-9999.00-9999.00-9999.00-9999.00-9999.00-9999.00 -9999.00-9999.00-9999.00-9999.00-9999.00-9999.00-9999.00-9999.00-9999.00 85.04 219.25 92.34 94.32 377.44 378.02 119.56 382.81 113.41 101.53 95.50 98.06 0.00 89.76 95.36 380.51 84.41 93.07 82.55 147.79 108.43 0.00 92.94 93.50 385.31 92.81 91.73 101.53 86.96 121.75 0.00 87.22 142.75 82.59 82.97 90.31 85.04 0.00 87.49 420.46
148.30 82.90 86.71 135.09 85.41 0.00 380.85 378.82 353.60 131.11 85.41 90.79 90.63 82.90 281.96 0.00 93.93 84.01 0.00 199.41 82.33 82.31 90.04 92.12 83.01 373.97 89.76 196.75 126.30 101.22 210.85 377.60 95.24 160.43 377.44 0.00 379.70 261.87 98.17 111.67 117.93 380.52 101.76 379.77 106.59 123.52 393.79 377.37 154.81 98.36 114.27 92.91 93.53 83.79 381.51 119.88 101.88 95.07 91.63 98.39 84.27
94.16 100.56 105.24 0.00 111.31 0.00 379.42 225.27 376.76 376.80 375.37 237.25 123.35 84.01 99.91 95.24 87.49 379.17 89.45 280.61 92.91 191.03 148.15 102.21-9999.00-9999.00-9999.00-9999.00-9999.00-9999.00-9999.00-9999.00-9999.00-9999.00-9999.00-9999.00-9999.00-9999.00 -9999.00-9999.00-9999.00-9999.00-9999.00-9999.00-9999.00-9999.00-9999.00-9999.00-9999.00-9999.00-9999.00-9999.00-9999.00-9999.00-9999.00 107.22 379.01 385.92 383.78 82.73 145.37 256.92 377.77 0.00 84.41 91.73 86.96 378.74 98.24 83.66 125.05 236.72 0.00 121.41 336.61 83.36 82.59 151.90 0.00 128.87 83.89 94.50 123.18 0.00 85.41 92.56 379.87 96.19 207.93 86.47 83.11
386.60 376.62 147.76 90.85 93.53 131.12 96.40 89.45 0.00 0.00 0.00 0.00 383.92 383.46 238.46 92.49 94.59 99.28 97.32 85.21 145.77 376.14 425.76 388.36 178.41 91.47 83.73 83.86 0.00 119.88 257.13 149.36 384.14 375.86 95.98 100.91 91.55 91.63 92.48 87.99 92.33 95.79 127.46 217.61 89.14-9999.00-9999.00-9999.00-9999.00-9999.00-9999.00-9999.00-9999.00-9999.00-9999.00-9999.00-9999.00-9999.00-9999.00-9999.00-9999.00-9999.00-9999.00 -9999.00-9999.00-9999.00-9999.00-9999.00-9999.00-9999.00-9999.00-9999.00-9999.00-9999.00-9999.00-9999.00-9999.00-9999.00-9999.00-9999.00 367.14 109.53 93.93 99.39 88.07 380.74 382.09 0.00 156.23 374.74 153.43 83.11 90.96 347.79 134.94
253.47 100.80 85.22 133.76 389.93 90.48 0.00 108.58 141.62 351.53 384.40 288.35 0.00 89.14 98.68 84.01 92.19 107.89 375.95 129.80 84.69 85.21 83.79 98.97 92.49 133.00 164.86 86.80 83.61 128.94 343.63 377.70 83.47 94.59 85.67 139.48 0.00 198.20 280.76 389.50 85.07 243.85 126.52 91.63 86.39 372.60 277.73 94.16 143.65 145.66 96.40-9999.00-9999.00-9999.00-9999.00-9999.00-9999.00-9999.00-9999.00-9999.00-9999.00-9999.00-9999.00-9999.00-9999.00-9999.00-9999.00-9999.00-9999.00-9999.00-9999.00 -9999.00-9999.00-9999.00-9999.00-9999.00-9999.00-9999.00-9999.00-9999.00-9999.00-9999.00-9999.00-9999.00-9999.00-9999.00-9999.00-9999.00-9999.00-9999.00 249.18 137.53 91.40 195.00 367.62 394.81 103.36 110.80 192.76
368.35 129.49 110.23 131.58 106.59 141.20 273.36 92.49 255.97 84.09 95.24 93.93 413.51 83.28 92.06 84.81 139.97 85.84 97.65 280.78 321.81 85.67 96.40 84.94 123.51 379.78 84.27 83.73 363.53 0.00 270.34 98.42 0.00 343.06 271.76 332.18 83.39 137.95 316.75 122.46 84.58 124.57 278.70 86.39 90.48-9999.00-9999.00-9999.00-9999.00-9999.00-9999.00-9999.00-9999.00-9999.00-9999.00-9999.00-9999.00-9999.00-9999.00-9999.00-9999.00-9999.00-9999.00-9999.00 -9999.00-9999.00-9999.00-9999.00-9999.00-9999.00-9999.00-9999.00-9999.00-9999.00-9999.00-9999.00-9999.00-9999.00-9999.00-9999.00-9999.00-9999.00-9999.00-9999.00 116.39 243.53 88.38 102.27 93.93 96.19 86.96 93.66 91.55 82.73 391.00 140.80 90.73 90.31 93.21
146.48 84.47 119.88 197.24 379.16 217.25 85.21 84.37 123.22 0.00 377.26 374.35 154.40 87.25 114.93 282.66 267.95 0.00 122.89 143.44 215.37 125.61 84.47 84.01 376.98 382.11 83.28 84.94 171.91 87.25-9999.00-9999.00-9999.00-9999.00-9999.00-9999.00-9999.00-9999.00-9999.00-9999.00-9999.00-9999.00-9999.00-9999.00-9999.00-9999.00-9999.00-9999.00 -9999.00-9999.00-9999.00-9999.00-9999.00-9999.00-9999.00-9999.00-9999.00-9999.00-9999.00-9999.00-9999.00-9999.00-9999.00-9999.00-9999.00-9999.00-9999.00-9999.00-9999.00-9999.00-9999.00-9999.00-9999.00 100.67 270.51 379.84 82.31 390.80 132.35 94.15 98.41 153.42 85.80 163.65 95.29 91.40 379.03 84.13 0.00 220.05 86.02 199.19 254.99 224.87 94.52 381.40 279.89 95.80 90.96 89.04 389.52 388.08 379.22
0.00 377.19 378.56 373.94 136.59 83.33 146.70 88.83 137.13 155.35-9999.00-9999.00-9999.00-9999.00-9999.00-9999.00-9999.00-9999.00-9999.00-9999.00-9999.00-9999.00-9999.00-9999.00-9999.00-9999.00-9999.00-9999.00-9999.00 -9999.00-9999.00-9999.00-9999.00-9999.00-9999.00-9999.00-9999.00-9999.00-9999.00-9999.00-9999.00-9999.00-9999.00-9999.00-9999.00-9999.00-9999.00-9999.00-9999.00-9999.00 87.78 89.76 363.15 104.37 88.71 89.76 102.64 85.04 88.71 170.82 248.04 0.00 202.36 89.04 85.41 0.00 378.69 127.56 376.04 135.25 85.22 102.27 104.78 88.38 97.80 99.77 98.73 93.93 120.34 97.22 231.64 180.24 390.09 127.56 129.06 94.52 0.00 325.81 0.00 0.00 0.00 0.00 0.00 384.23 380.76 379.10 95.80 159.56 103.02 94.52
105.15-9999.00-9999.00-9999.00-9999.00-9999.00-9999.00-9999.00-9999.00-9999.00-9999.00-9999.00-9999.00-9999.00-9999.00-9999.00-9999.00-9999.00-9999.00-9999.00-9999.00-9999.00-9999.00 -9999.00-9999.00-9999.00-9999.00-9999.00-9999.00-9999.00-9999.00-9999.00-9999.00-9999.00-9999.00-9999.00-9999.00-9999.00-9999.00-9999.00 346.63 85.80 85.22 307.91 97.26 117.96 93.81 108.43 95.50 83.04 0.00 84.71 85.04 84.41 92.01 84.27 94.52 230.14 379.96 185.92 380.82 0.00 217.73 242.61 376.03 377.28 378.27 328.46 94.52 356.76 88.38 95.14 134.81 104.37 178.09 88.71 297.65 289.16 379.05 134.81 389.87 391.85 0.00 380.95 125.65 310.88 93.37 110.80 250.58 88.38 380.12 256.25 266.53 101.53 88.07 98.73 117.96 107.22 99.77
100.67 364.20 379.14 127.56 380.79 292.98 0.00 407.89 256.58 379.89 378.49 385.11 267.35 379.29 203.23 386.38 386.04 394.86 379.14 241.69 241.60 96.51 97.26 378.99 214.10 230.62 386.69 311.76 101.56 126.85 380.41 0.00 0.00 0.00 0.00 0.00 0.00 311.52 396.10 275.49 382.05 381.00 0.00 0.00 230.51 213.90 379.41 375.88 0.00 376.22 376.73 245.13 0.00 159.73 376.30 89.48 182.42 397.31 388.66 376.10 84.27
166.97 157.37 92.80 84.06 323.30 355.76 389.14 0.00 92.49 209.47 100.30 116.93 385.12 146.24 83.56 92.64 91.34 83.18 123.10 341.88 376.32 83.43 93.77 103.89 299.32 90.85 103.53 103.89 87.73 100.56 99.28-9999.00-9999.00-9999.00-9999.00-9999.00-9999.00-9999.00-9999.00-9999.00-9999.00-9999.00-9999.00-9999.00-9999.00-9999.00-9999.00-9999.00-9999.00-9999.00-9999.00-9999.00-9999.00 -9999.00-9999.00-9999.00-9999.00-9999.00-9999.00-9999.00-9999.00-9999.00-9999.00-9999.00-9999.00-9999.00-9999.00-9999.00-9999.00-9999.00-9999.00-9999.00-9999.00-9999.00-9999.00-9999.00-9999.00-9999.00-9999.00-9999.00-9999.00-9999.00-9999.00-9999.00 87.49 379.55 381.92 117.96 152.44 214.10 214.10 222.09 245.13 325.81 382.20 381.81 0.00 333.13 384.34 365.89 104.39 104.73 104.39 0.00 226.10 407.45 375.85 378.82 156.73 89.39 146.40 243.71 87.22
157.23 375.26 375.72 321.13 96.74 116.47 402.20 455.46 431.45 307.26 278.35 0.00 256.66 377.53 0.00 175.69 232.62 375.33 375.42 395.83 331.51 375.17 165.27 375.60 130.96 354.05 375.90 130.24 166.87 87.87 384.18 375.62 93.68 87.31 96.62 383.20 356.87 362.13 84.29 375.82 94.11 196.87 317.55 377.23 101.31 375.59 98.97 374.32 138.51 103.53 377.88 103.53 381.30 101.55 337.69-9999.00-9999.00-9999.00-9999.00-9999.00-9999.00-9999.00-9999.00-9999.00-9999.00-9999.00-9999.00-9999.00-9999.00-9999.00-9999.00-9999.00-9999.00-9999.00-9999.00-9999.00 -9999.00-9999.00-9999.00-9999.00-9999.00-9999.00-9999.00-9999.00-9999.00-9999.00-9999.00-9999.00-9999.00-9999.00-9999.00-9999.00-9999.00-9999.00-9999.00-9999.00-9999.00-9999.00-9999.00-9999.00-9999.00-9999.00-9999.00-9999.00-9999.00-9999.00-9999.00-9999.00-9999.00 109.90 277.60 378.56 220.10 376.71
126.36 152.56 162.22 98.93 150.76 129.43 158.85 314.55 102.21 84.99 95.62 96.20 97.15 100.45 375.44 0.00 376.72 383.32 120.81 93.00 380.37 0.00 379.35 375.15 343.20 207.13 141.76 375.76 376.14 231.91 143.29 85.38 88.11 85.82 84.66 91.82 274.65 87.61 107.53 0.00 0.00 128.10 244.64 201.46 90.60 91.36 0.00 0.00 0.00 92.64 94.65 100.41 102.46 161.05-9999.00-9999.00-9999.00-9999.00-9999.00-9999.00-9999.00-9999.00-9999.00-9999.00-9999.00-9999.00-9999.00-9999.00-9999.00-9999.00-9999.00-9999.00-9999.00-9999.00-9999.00-9999.00-9999.00 -9999.00-9999.00-9999.00-9999.00-9999.00-9999.00-9999.00-9999.00-9999.00-9999.00-9999.00-9999.00-9999.00-9999.00-9999.00-9999.00-9999.00-9999.00-9999.00-9999.00-9999.00-9999.00-9999.00-9999.00-9999.00-9999.00-9999.00-9999.00-9999.00-9999.00-9999.00-9999.00-9999.00-9999.00-9999.00-9999.00-9999.00-9999.00-9999.00 232.62 275.48 275.48 214.98 375.26 375.29
98.57 107.82-9999.00-9999.00-9999.00-9999.00-9999.00-9999.00-9999.00-9999.00-9999.00-9999.00-9999.00-9999.00-9999.00-9999.00-9999.00-9999.00-9999.00-9999.00 -9999.00-9999.00-9999.00-9999.00-9999.00-9999.00-9999.00-9999.00-9999.00-9999.00-9999.00-9999.00-9999.00-9999.00-9999.00-9999.00-9999.00-9999.00-9999.00-9999.00-9999.00-9999.00-9999.00-9999.00-9999.00-9999.00-9999.00-9999.00-9999.00-9999.00-9999.00-9999.00-9999.00-9999.00-9999.00-9999.00-9999.00-9999.00-9999.00-9999.00-9999.00-9999.00-9999.00-9999.00-9999.00-9999.00-9999.00-9999.00 375.99 375.07 0.00 298.22 375.11 376.27 331.70 0.00 375.56 275.48 354.98 387.34 328.38 375.79 298.22 381.61 0.00 298.22 375.06 298.22 0.00 298.22 375.08 298.22 0.00 298.22 379.92 375.06 298.22 331.73 375.69 320.32 367.26 0.00 331.71 378.81 293.20 375.83 375.31 0.00 0.00 0.00 0.00 375.30 120.81 152.08 380.95 375.95 336.64 372.30 89.89 378.70 379.10 133.02 96.40 89.25 375.27 385.68
380.72 89.90 94.35 110.76 112.48-9999.00-9999.00-9999.00-9999.00-9999.00-9999.00-9999.00-9999.00-9999.00-9999.00-9999.00-9999.00-9999.00-9999.00-9999.00-9999.00-9999.00-9999.00 -9999.00-9999.00-9999.00-9999.00-9999.00-9999.00-9999.00-9999.00-9999.00-9999.00-9999.00-9999.00-9999.00-9999.00-9999.00-9999.00-9999.00-9999.00-9999.00-9999.00-9999.00-9999.00-9999.00-9999.00-9999.00-9999.00-9999.00-9999.00-9999.00-9999.00-9999.00-9999.00-9999.00-9999.00-9999.00-9999.00-9999.00-9999.00-9999.00-9999.00-9999.00-9999.00-9999.00-9999.00-9999.00-9999.00-9999.00-9999.00-9999.00-9999.00-9999.00-9999.00-9999.00-9999.00 0.00 354.85 325.62 378.32 376.10 329.00 376.12 335.37 298.22 0.00 0.00 376.95 0.00 298.22 375.74 298.22 375.07 298.22 378.18 298.22 375.88 329.00 375.18 0.00 379.16 375.08 0.00 298.22 376.07 232.57 375.52 200.16 375.36 270.03 98.33 147.93 375.64 97.51 86.53 83.55 93.95 86.93 378.00 376.43 147.81 84.76 0.00 349.00 85.52 86.34 94.65 376.49 91.36 101.31 383.67
