蒙特卡罗+CDRMV3/输出数据/2D水深分布/WaterDepthGIS_0166.ASC
ncols         539            
nrows         744            
xllcorner     602630.84259341
yllcorner     3914823.670891 
cellsize      50             
NODATA_value  -9999.00       
[rows 0 to 26 of 32, columns 427 to 487 of 539]
73.48 71.61 148.37 0.00 74.77 379.32 72.14 79.03 79.83 76.28 375.47 87.60-9999.00-9999.00 94.19 89.77-9999.00-9999.00-9999.00-9999.00-9999.00 -9999.00-9999.00-9999.00-9999.00-9999.00-9999.00-9999.00-9999.00-9999.00-9999.00-9999.00-9999.00-9999.00-9999.00-9999.00 72.48 128.87 355.50 74.77 116.87 0.00 140.98 78.03 100.20-9999.00-9999.00-9999.00-9999.00-9999.00-9999.00-9999.00-9999.00-9999.00-9999.00-9999.00-9999.00-9999.00-9999.00-9999.00-9999.00-9999.00-9999.00-9999.00-9999.00-9999.00-9999.00-9999.00-9999.00-9999.00-9999.00-9999.00-9999.00-9999.00-9999.00-9999.00-9999.00-9999.00-9999.00-9999.00-9999.00-9999.00-9999.00-9999.00-9999.00-9999.00-9999.00-9999.00-9999.00-9999.00-9999.00-9999.00-9999.00-9999.00-9999.00-9999.00-9999.00-9999.00-9999.00-9999.00 83.34 74.16 339.07 72.78-9999.00-9999.00-9999.00-9999.00-9999.00-9999.00-9999.00-9999.00-9999.00-9999.00-9999.00 76.00-9999.00-9999.00-9999.00-9999.00-9999.00-9999.00-9999.00-9999.00-9999.00-9999.00-9999.00-9999.00-9999.00 87.26 72.14 352.12 71.67 379.77 82.07 205.36 120.90 73.18 78.72 137.63 259.65 82.41 198.82 177.03 79.93 74.16 78.63 80.91 82.18 0.00 85.39 368.66 133.85 72.05 71.27 72.54 377.53 77.22 84.71 377.36 174.28
71.39 0.00 0.00 146.47 158.03 75.73 0.00 231.18 382.55 210.71 71.27 92.81 184.31 77.22 375.42 72.33 72.33 209.81 377.79 393.01 378.56 0.00 72.43 71.02 303.78 82.76 72.91 376.35 291.29 373.50 71.55 72.66 82.95 81.07 79.59 0.00 82.18 0.00 216.86 78.32 377.69 269.27 72.33 81.31 94.19-9999.00-9999.00-9999.00-9999.00 -9999.00-9999.00-9999.00-9999.00-9999.00-9999.00-9999.00-9999.00-9999.00-9999.00-9999.00-9999.00-9999.00 83.73 83.00 70.14 106.86 376.89 0.00 140.92 70.02 79.86 100.20 112.77 136.84 76.40 85.36-9999.00-9999.00-9999.00-9999.00-9999.00-9999.00-9999.00-9999.00-9999.00-9999.00-9999.00-9999.00-9999.00-9999.00-9999.00-9999.00-9999.00-9999.00-9999.00-9999.00-9999.00-9999.00-9999.00-9999.00-9999.00-9999.00-9999.00-9999.00-9999.00-9999.00-9999.00-9999.00-9999.00-9999.00-9999.00 75.73
72.66 71.14 134.83 77.93 0.00 76.58 353.74 0.00 385.89 381.46 382.24 365.28 387.43 117.46 75.00 377.16 75.23-9999.00-9999.00-9999.00-9999.00-9999.00-9999.00 -9999.00-9999.00-9999.00-9999.00-9999.00-9999.00-9999.00-9999.00-9999.00-9999.00-9999.00 73.96 107.61 185.79 378.56 78.76 77.09 75.37 0.00 239.49 107.26 71.54 76.83 377.72 79.86 381.07 242.36 168.73 85.36 74.77 224.94 78.10 118.94-9999.00-9999.00-9999.00-9999.00-9999.00 82.77 72.14 134.88 87.89 175.89 85.39 378.80 183.00-9999.00-9999.00-9999.00-9999.00-9999.00 81.61 242.89 366.61 84.71 76.90 405.35 72.43 85.87 76.00 375.82 78.72 77.93 162.85
321.33 75.23 342.20 82.18 375.55 198.00 74.56 71.12 327.52 74.36 138.17 0.00 175.11 73.64 83.34 78.97 161.83 0.00 0.00 374.18 274.67 248.33 86.10 74.16 136.77 376.75 251.72 383.10 73.32 91.62 0.00 126.34 71.31 84.87 72.23 376.09 74.56 0.00 278.77 126.98 71.04 78.81 88.23 73.04 86.13 81.07 113.18 338.57 375.26 402.23 380.31 72.54 98.76 71.31 207.87 299.42 379.63 380.57 82.18 194.23 0.00
128.66 375.86 0.00 71.81 126.43 171.47 74.56 72.43 121.31 381.73 72.78 82.41 113.41 80.79 80.55 166.82 112.61 72.91 108.45 380.48 84.18 80.33 77.57 141.53 385.45 128.39 73.04 114.33 376.85 161.83 378.89 71.55 132.81 77.57 155.37 234.69 93.94 81.17 79.28 109.52 87.89 81.31 71.31 78.23 74.36 411.04 0.00 79.59 215.33 118.45 90.44 86.21 378.10 91.62 115.44 96.03 361.27 75.73-9999.00-9999.00-9999.00-9999.00-9999.00-9999.00-9999.00-9999.00-9999.00 -9999.00-9999.00-9999.00-9999.00-9999.00 176.48 72.14
78.86 132.89 113.59 80.06 385.44 224.38 72.14 87.57 88.58 71.01 81.17 79.14 125.31 231.14 0.00 71.89 82.58 83.34 76.58 313.85 73.48 71.27 78.27 71.96 83.75 76.00 79.93 155.82 71.89 214.35 378.86 375.89 72.66 71.61 75.47 378.02 72.33 73.18 280.33 0.00 334.51 374.36 216.91 96.47 0.00 383.78 384.50 380.99 380.73 218.01 73.98 77.57 93.37-9999.00-9999.00-9999.00-9999.00-9999.00-9999.00-9999.00-9999.00-9999.00 -9999.00-9999.00 70.75 373.36 375.31 71.98 376.03 330.91 159.26
73.04 154.06 185.37 360.55 381.21 0.00 119.18 89.35 377.52 378.27 186.41 83.40 219.24 375.56 86.96 102.07 0.00 76.00 127.01 72.91 82.58 77.57 75.47 377.12 72.05 74.36 108.63 377.08 71.20 71.12 170.69 78.86 73.98 78.59 80.91 78.59 81.45 128.64 0.00 101.23 0.00 0.00 0.00 386.96 245.88 239.88 115.12 107.00 115.72 175.55 91.65 89.01 136.98 125.69 74.77 375.74 72.78-9999.00-9999.00-9999.00-9999.00-9999.00-9999.00 -9999.00-9999.00-9999.00-9999.00-9999.00 83.24 78.46 70.41
0.00 73.64 197.69 111.20 145.56 72.78 72.66 81.07 125.83 72.78 108.29 0.00 351.13 108.67 74.77 77.57 128.76 380.35 72.54 225.29 86.40 73.98 120.07 75.23 386.69 79.14 149.98 71.27 71.23 126.86 75.23 370.30 0.00 110.56 386.04 382.03 382.28 383.95 380.70 382.45 386.14 379.41 232.29 227.80 86.30 91.39 73.04 73.04 375.84 76.28 89.35-9999.00-9999.00-9999.00-9999.00-9999.00-9999.00-9999.00 -9999.00-9999.00-9999.00-9999.00-9999.00-9999.00-9999.00-9999.00 69.80 107.34 0.00 250.79 126.24 70.57 70.09 384.46 0.00
113.29 82.76 75.00 0.00 377.68 215.72 112.11 81.07 79.09 78.81 74.16 117.88 0.00 381.79 377.68 359.71 149.42 117.16 71.31 81.04 79.15 79.59 375.47 118.28 72.66 71.02 86.68 95.54-9999.00-9999.00-9999.00-9999.00-9999.00-9999.00-9999.00-9999.00-9999.00 -9999.00-9999.00-9999.00-9999.00-9999.00-9999.00-9999.00-9999.00-9999.00 69.80 110.26 0.00 75.06 73.96 0.00 73.96 178.85 107.05 69.66 80.63 118.23 70.02 376.74 78.98 81.15 76.62 76.68 70.33 391.74 0.00 375.68 69.88 77.87 135.81 151.13 77.18 71.98 83.98 77.95 265.26 191.39
347.43 78.72-9999.00-9999.00-9999.00-9999.00-9999.00-9999.00-9999.00-9999.00 -9999.00-9999.00-9999.00-9999.00-9999.00-9999.00-9999.00-9999.00-9999.00-9999.00 70.95 121.35 127.42 0.00 148.43 70.49 74.49 83.00 70.66 142.82 379.15 79.59 83.24 78.65 76.77 128.06 0.00 132.70 346.78 71.68 119.17 72.85 73.72 76.04 395.50 143.49 73.27 77.60 73.96 72.66 166.55 260.56 81.71 307.54 88.55 168.76 83.24 86.63 80.58 93.30 123.42 241.96 79.72 76.79 70.40 374.97 378.78 0.00 70.26 87.89 376.25 327.64 72.14 141.53 99.61 78.16 78.59 73.18
74.22 141.93 80.79 69.97 378.37 0.00 71.54 353.71 177.51 86.01 73.05 375.19 341.31 78.10 173.34 77.95 71.54 296.28 375.59 73.27 0.00 378.30 204.99 153.60 113.75 85.39 80.43 72.66 190.64 71.67 123.36 71.96 226.42 0.00 282.17 140.64 73.18 77.93 127.23 384.28 239.43 374.59 110.89 76.00 90.68 72.91 349.72 378.26 280.55 79.83 77.57 71.10 110.92 376.46 80.55 0.00 372.09 268.20 119.36 72.14 71.49
146.86 366.09 132.56 72.96 84.18 71.96 372.44 0.00 71.49 73.18 376.04 286.98 128.84 80.06 81.75 114.47 71.17 71.01 394.20 72.91 81.60 71.96 0.00 147.79 112.41 71.05 80.12 112.98 80.66 76.28 380.64 77.57 71.01 186.37 292.68 408.72 75.23 379.35 95.54 338.99 377.72 378.99 377.89 376.48 380.50 0.00 378.56 377.38 301.86 383.40 377.03 311.45 75.61 80.08 133.44 127.66 72.33 374.10 390.31 193.47 72.33
378.18 0.00 375.85 380.74 368.88 378.19 95.40 184.83 78.05 96.47 171.41 103.82 350.66 92.81 380.83 382.97 358.27 115.38 71.17 85.11-9999.00-9999.00-9999.00-9999.00-9999.00-9999.00-9999.00-9999.00-9999.00-9999.00-9999.00-9999.00-9999.00-9999.00 -9999.00-9999.00-9999.00-9999.00-9999.00-9999.00-9999.00-9999.00-9999.00 71.98 175.79 78.98 80.97 327.65 368.92 92.18 377.31 90.98 79.90 82.12 84.48 0.00 76.40 82.34 376.78 71.41 79.72 69.77 133.55 94.42 0.00 79.59 80.15 379.64 79.46 78.36 87.72 73.72 106.32 0.00 73.96 122.36 69.80 70.14 76.95 71.98 0.00 74.22 401.31
126.99 70.08 73.49 116.82 72.30 0.00 376.62 376.37 266.71 113.83 72.30 77.42 77.27 70.08 239.30 0.00 80.58 71.06 0.00 148.09 69.57 69.55 76.68 78.76 70.47 352.45 76.40 167.42 110.53 87.89 149.81 376.27 82.41 133.24 376.44 0.00 379.16 216.98 80.70 91.51 95.92 378.77 88.44 377.85 87.96 102.91 387.77 362.40 122.25 80.88 92.48 80.02 80.66 71.55 378.76 98.98 88.58 82.23 78.72 85.36 71.96
81.31 87.26 92.91 0.00 96.47 0.00 377.28 173.75 375.95 376.03 358.11 177.61 107.84 71.74 86.68 82.41 74.77 378.03 76.58 203.11 80.02 157.18 130.96 88.95-9999.00-9999.00-9999.00-9999.00-9999.00-9999.00-9999.00-9999.00-9999.00-9999.00-9999.00-9999.00-9999.00-9999.00 -9999.00-9999.00-9999.00-9999.00-9999.00-9999.00-9999.00-9999.00-9999.00-9999.00-9999.00-9999.00-9999.00-9999.00-9999.00-9999.00-9999.00 93.70 367.04 380.03 378.62 69.93 128.90 222.90 375.78 0.00 71.41 78.36 73.72 376.92 78.76 70.75 109.09 169.39 0.00 99.49 292.71 70.49 69.80 123.10 0.00 112.20 70.95 81.15 108.47 0.00 72.30 79.21 376.51 82.77 166.13 73.27 70.26
382.23 375.94 129.61 77.93 80.66 115.10 83.54 76.58 0.00 0.00 0.00 0.00 380.86 380.88 171.79 79.59 81.75 86.13 84.41 72.78 125.97 368.24 405.51 382.23 142.32 78.56 71.49 71.61 0.00 98.98 266.85 132.94 379.81 375.29 78.69 83.29 78.63 78.72 79.58 75.23 79.42 82.95 112.28 176.44 76.28-9999.00-9999.00-9999.00-9999.00-9999.00-9999.00-9999.00-9999.00-9999.00-9999.00-9999.00-9999.00-9999.00-9999.00-9999.00-9999.00-9999.00-9999.00 -9999.00-9999.00-9999.00-9999.00-9999.00-9999.00-9999.00-9999.00-9999.00-9999.00-9999.00-9999.00-9999.00-9999.00-9999.00-9999.00-9999.00 349.22 94.96 80.58 85.66 74.77 377.00 377.99 0.00 128.11 312.44 137.89 70.26 77.60 304.78 117.60
177.58 86.98 72.14 115.62 386.81 77.57 0.00 95.39 110.56 326.02 381.07 238.73 0.00 76.28 85.61 71.74 79.28 95.03 362.86 113.37 72.33 72.78 71.55 85.87 79.59 115.50 141.30 74.16 71.39 112.71 273.59 376.05 71.27 81.75 73.18 120.02 0.00 177.13 232.91 383.66 72.66 172.89 111.57 78.72 73.80 356.63 235.00 81.31 124.92 125.42 83.54-9999.00-9999.00-9999.00-9999.00-9999.00-9999.00-9999.00-9999.00-9999.00-9999.00-9999.00-9999.00-9999.00-9999.00-9999.00-9999.00-9999.00-9999.00-9999.00-9999.00 -9999.00-9999.00-9999.00-9999.00-9999.00-9999.00-9999.00-9999.00-9999.00-9999.00-9999.00-9999.00-9999.00-9999.00-9999.00-9999.00-9999.00-9999.00-9999.00 201.68 120.05 78.03 155.24 314.16 388.61 89.89 95.51 168.38
353.03 108.99 90.51 110.01 87.96 113.19 192.83 79.59 195.90 71.81 82.41 81.07 401.25 71.10 79.15 72.43 120.49 73.32 84.71 205.73 312.94 73.18 83.54 72.54 108.09 378.77 71.96 71.49 338.02 0.00 208.27 85.39 0.00 300.78 239.38 265.46 71.20 121.07 205.92 108.79 72.23 108.90 206.64 73.80 77.57-9999.00-9999.00-9999.00-9999.00-9999.00-9999.00-9999.00-9999.00-9999.00-9999.00-9999.00-9999.00-9999.00-9999.00-9999.00-9999.00-9999.00-9999.00-9999.00 -9999.00-9999.00-9999.00-9999.00-9999.00-9999.00-9999.00-9999.00-9999.00-9999.00-9999.00-9999.00-9999.00-9999.00-9999.00-9999.00-9999.00-9999.00-9999.00-9999.00 97.52 203.83 75.06 88.55 80.58 82.77 73.72 80.31 78.19 69.93 385.27 120.41 77.37 76.95 79.86
129.79 72.14 98.98 157.60 377.35 152.78 72.78 72.05 107.76 0.00 376.15 346.14 137.16 74.56 93.79 220.10 182.48 0.00 109.26 122.79 152.81 111.22 72.14 71.74 375.33 380.30 71.10 72.54 153.02 74.56-9999.00-9999.00-9999.00-9999.00-9999.00-9999.00-9999.00-9999.00-9999.00-9999.00-9999.00-9999.00-9999.00-9999.00-9999.00-9999.00-9999.00-9999.00 -9999.00-9999.00-9999.00-9999.00-9999.00-9999.00-9999.00-9999.00-9999.00-9999.00-9999.00-9999.00-9999.00-9999.00-9999.00-9999.00-9999.00-9999.00-9999.00-9999.00-9999.00-9999.00-9999.00-9999.00-9999.00 86.85 191.42 376.90 69.55 382.24 115.76 80.79 84.79 123.53 72.66 139.14 81.91 78.03 320.45 71.17 0.00 168.47 72.85 176.12 215.76 157.93 81.16 377.77 244.44 82.41 77.60 75.70 383.36 381.83 377.31
0.00 376.46 377.90 330.69 117.65 71.14 129.73 76.00 119.75 118.81-9999.00-9999.00-9999.00-9999.00-9999.00-9999.00-9999.00-9999.00-9999.00-9999.00-9999.00-9999.00-9999.00-9999.00-9999.00-9999.00-9999.00-9999.00-9999.00 -9999.00-9999.00-9999.00-9999.00-9999.00-9999.00-9999.00-9999.00-9999.00-9999.00-9999.00-9999.00-9999.00-9999.00-9999.00-9999.00-9999.00-9999.00-9999.00-9999.00-9999.00 74.49 76.40 328.33 91.11 75.37 76.40 88.99 71.98 75.37 148.52 163.59 0.00 150.08 75.70 72.30 0.00 362.59 102.55 358.60 116.65 72.14 88.55 91.58 75.06 84.24 86.01 85.07 80.58 99.04 83.73 175.34 153.45 385.64 102.55 103.41 81.16 0.00 323.55 0.00 0.00 0.00 0.00 0.00 379.27 377.08 375.84 82.41 121.59 89.46 81.16
92.81-9999.00-9999.00-9999.00-9999.00-9999.00-9999.00-9999.00-9999.00-9999.00-9999.00-9999.00-9999.00-9999.00-9999.00-9999.00-9999.00-9999.00-9999.00-9999.00-9999.00-9999.00-9999.00 -9999.00-9999.00-9999.00-9999.00-9999.00-9999.00-9999.00-9999.00-9999.00-9999.00-9999.00-9999.00-9999.00-9999.00-9999.00-9999.00-9999.00 315.72 72.66 72.14 250.82 83.76 98.10 80.46 94.42 82.12 70.20 0.00 71.68 71.98 71.41 78.65 71.29 81.16 168.43 376.98 160.19 377.30 0.00 179.53 210.60 375.10 375.84 376.48 295.61 81.16 323.97 75.06 81.77 107.20 91.11 138.03 75.37 242.11 238.04 357.44 107.20 385.16 385.40 0.00 376.49 101.55 276.09 80.02 95.51 185.19 75.06 376.88 261.91 214.86 87.72 74.77 85.07 98.10 93.70 86.01
86.85 294.86 376.08 102.55 376.26 286.58 0.00 386.81 246.17 376.49 376.11 376.92 241.86 375.94 162.35 379.67 378.70 384.64 377.22 242.93 180.21 83.07 83.76 374.67 194.12 214.10 379.52 279.94 87.76 97.25 375.82 0.00 0.00 0.00 0.00 0.00 0.00 306.60 385.86 266.92 376.69 377.17 0.00 0.00 213.96 193.89 376.02 375.27 0.00 357.68 375.01 232.72 0.00 131.28 375.49 76.59 157.41 385.91 381.82 375.39 71.29
137.15 132.55 77.92 69.79 241.00 335.21 382.71 0.00 79.59 183.33 82.71 94.01 382.41 125.30 71.35 79.75 78.43 71.01 107.94 227.07 375.52 71.23 80.91 91.18 247.61 77.93 90.68 91.18 75.00 87.26 86.13-9999.00-9999.00-9999.00-9999.00-9999.00-9999.00-9999.00-9999.00-9999.00-9999.00-9999.00-9999.00-9999.00-9999.00-9999.00-9999.00-9999.00-9999.00-9999.00-9999.00-9999.00-9999.00 -9999.00-9999.00-9999.00-9999.00-9999.00-9999.00-9999.00-9999.00-9999.00-9999.00-9999.00-9999.00-9999.00-9999.00-9999.00-9999.00-9999.00-9999.00-9999.00-9999.00-9999.00-9999.00-9999.00-9999.00-9999.00-9999.00-9999.00-9999.00-9999.00-9999.00-9999.00 74.22 376.56 376.24 98.10 122.54 194.12 194.12 203.78 232.72 323.55 368.30 361.43 0.00 325.93 378.37 347.99 91.67 91.98 91.67 0.00 209.92 388.19 375.39 367.56 126.50 76.04 129.38 201.48 73.96
118.42 375.16 375.54 319.13 82.27 97.37 387.91 411.30 414.36 292.36 251.34 0.00 247.96 376.15 0.00 152.29 220.43 375.18 375.34 385.76 326.08 375.14 140.04 375.47 104.47 328.68 375.68 105.21 132.57 73.70 381.35 375.30 79.34 73.17 81.68 382.30 332.20 300.59 69.99 357.90 79.22 146.49 247.24 376.82 85.83 355.50 85.87 362.52 120.21 90.68 377.21 90.68 378.54 88.23 305.79-9999.00-9999.00-9999.00-9999.00-9999.00-9999.00-9999.00-9999.00-9999.00-9999.00-9999.00-9999.00-9999.00-9999.00-9999.00-9999.00-9999.00-9999.00-9999.00-9999.00-9999.00 -9999.00-9999.00-9999.00-9999.00-9999.00-9999.00-9999.00-9999.00-9999.00-9999.00-9999.00-9999.00-9999.00-9999.00-9999.00-9999.00-9999.00-9999.00-9999.00-9999.00-9999.00-9999.00-9999.00-9999.00-9999.00-9999.00-9999.00-9999.00-9999.00-9999.00-9999.00-9999.00-9999.00 82.45 204.64 377.32 173.70 376.31
102.28 130.60 149.58 83.80 122.63 104.25 131.31 288.94 79.39 70.62 80.71 81.27 82.18 75.56 375.11 0.00 375.50 377.46 99.45 78.68 378.22 0.00 378.33 375.12 336.84 188.49 113.90 375.64 360.19 171.58 121.11 70.97 73.45 71.38 70.32 76.96 225.49 72.99 92.10 0.00 0.00 103.40 249.34 149.18 75.78 76.52 0.00 0.00 0.00 77.77 79.76 85.07 86.85 137.11-9999.00-9999.00-9999.00-9999.00-9999.00-9999.00-9999.00-9999.00-9999.00-9999.00-9999.00-9999.00-9999.00-9999.00-9999.00-9999.00-9999.00-9999.00-9999.00-9999.00-9999.00-9999.00-9999.00 -9999.00-9999.00-9999.00-9999.00-9999.00-9999.00-9999.00-9999.00-9999.00-9999.00-9999.00-9999.00-9999.00-9999.00-9999.00-9999.00-9999.00-9999.00-9999.00-9999.00-9999.00-9999.00-9999.00-9999.00-9999.00-9999.00-9999.00-9999.00-9999.00-9999.00-9999.00-9999.00-9999.00-9999.00-9999.00-9999.00-9999.00-9999.00-9999.00 220.43 268.41 268.41 199.42 375.25 375.28
80.21 92.40-9999.00-9999.00-9999.00-9999.00-9999.00-9999.00-9999.00-9999.00-9999.00-9999.00-9999.00-9999.00-9999.00-9999.00-9999.00-9999.00-9999.00-9999.00 -9999.00-9999.00-9999.00-9999.00-9999.00-9999.00-9999.00-9999.00-9999.00-9999.00-9999.00-9999.00-9999.00-9999.00-9999.00-9999.00-9999.00-9999.00-9999.00-9999.00-9999.00-9999.00-9999.00-9999.00-9999.00-9999.00-9999.00-9999.00-9999.00-9999.00-9999.00-9999.00-9999.00-9999.00-9999.00-9999.00-9999.00-9999.00-9999.00-9999.00-9999.00-9999.00-9999.00-9999.00-9999.00-9999.00-9999.00-9999.00 375.47 375.00 0.00 293.79 375.11 375.64 328.15 0.00 375.00 268.41 350.70 378.88 323.30 375.36 293.78 377.57 0.00 293.78 375.00 293.78 0.00 293.78 375.00 293.78 0.00 293.78 375.04 375.00 293.78 328.16 375.51 311.46 359.47 0.00 328.15 376.42 272.09 375.63 375.27 0.00 0.00 0.00 0.00 375.22 99.45 125.24 379.36 376.25 341.61 326.38 75.11 376.75 377.67 114.21 81.47 74.50 352.10 382.45
378.64 77.17 81.28 93.64 94.36-9999.00-9999.00-9999.00-9999.00-9999.00-9999.00-9999.00-9999.00-9999.00-9999.00-9999.00-9999.00-9999.00-9999.00-9999.00-9999.00-9999.00-9999.00 -9999.00-9999.00-9999.00-9999.00-9999.00-9999.00-9999.00-9999.00-9999.00-9999.00-9999.00-9999.00-9999.00-9999.00-9999.00-9999.00-9999.00-9999.00-9999.00-9999.00-9999.00-9999.00-9999.00-9999.00-9999.00-9999.00-9999.00-9999.00-9999.00-9999.00-9999.00-9999.00-9999.00-9999.00-9999.00-9999.00-9999.00-9999.00-9999.00-9999.00-9999.00-9999.00-9999.00-9999.00-9999.00-9999.00-9999.00-9999.00-9999.00-9999.00-9999.00-9999.00-9999.00-9999.00 0.00 350.72 319.56 376.02 375.18 323.17 376.01 333.76 293.78 0.00 0.00 375.38 0.00 293.78 375.34 293.79 375.00 293.79 375.71 293.79 375.31 323.17 375.00 0.00 375.04 375.00 0.00 293.79 375.97 220.37 375.51 181.61 375.41 231.96 83.70 120.88 375.54 82.97 72.01 69.32 79.06 72.37 376.01 375.53 127.42 70.42 0.00 285.63 71.10 71.84 79.76 353.70 76.52 85.83 381.13
