蒙特卡罗+CDRMV3/输出数据/2D水深分布/WaterDepthGIS_0153.ASC
ncols         539            
nrows         744            
xllcorner     602630.84259341
yllcorner     3914823.670891 
cellsize      50             
NODATA_value  -9999.00       
[rows 0 to 26 of 32, columns 427 to 487 of 539]
76.61 74.64 161.13 0.00 78.00 380.03 75.19 82.53 83.35 79.64 375.81 91.16-9999.00-9999.00 97.47 93.61-9999.00-9999.00-9999.00-9999.00-9999.00 -9999.00-9999.00-9999.00-9999.00-9999.00-9999.00-9999.00-9999.00-9999.00-9999.00-9999.00-9999.00-9999.00-9999.00-9999.00 76.43 136.77 367.01 78.87 122.89 0.00 151.28 82.26 107.02-9999.00-9999.00-9999.00-9999.00-9999.00-9999.00-9999.00-9999.00-9999.00-9999.00-9999.00-9999.00-9999.00-9999.00-9999.00-9999.00-9999.00-9999.00-9999.00-9999.00-9999.00-9999.00-9999.00-9999.00-9999.00-9999.00-9999.00-9999.00-9999.00-9999.00-9999.00-9999.00-9999.00-9999.00-9999.00-9999.00-9999.00-9999.00-9999.00-9999.00-9999.00-9999.00-9999.00-9999.00-9999.00-9999.00-9999.00-9999.00-9999.00-9999.00-9999.00-9999.00-9999.00-9999.00-9999.00 86.78 77.35 355.91 75.86-9999.00-9999.00-9999.00-9999.00-9999.00-9999.00-9999.00-9999.00-9999.00-9999.00-9999.00 79.33-9999.00-9999.00-9999.00-9999.00-9999.00-9999.00-9999.00-9999.00-9999.00-9999.00-9999.00-9999.00-9999.00 90.77 75.19 370.42 74.71 380.55 85.56 211.78 127.35 76.29 82.21 145.48 296.06 85.88 215.76 188.95 83.44 77.35 82.12 84.43 85.67 0.00 88.77 375.25 141.58 75.10 74.29 75.62 377.82 80.64 88.09 378.22 201.19
74.42 0.00 0.00 164.78 177.51 79.04 0.00 251.27 383.35 257.39 74.29 96.40 203.71 80.64 375.63 75.39 75.39 247.32 378.11 394.35 378.96 0.00 75.50 74.04 337.45 86.22 76.00 376.49 301.20 373.57 74.58 75.74 86.40 84.58 83.10 0.00 85.67 0.00 236.11 81.79 378.52 288.47 75.39 84.82 97.47-9999.00-9999.00-9999.00-9999.00 -9999.00-9999.00-9999.00-9999.00-9999.00-9999.00-9999.00-9999.00-9999.00-9999.00-9999.00-9999.00-9999.00 87.90 87.18 73.96 112.03 377.21 0.00 145.92 73.84 84.09 107.02 117.40 151.51 80.59 89.59-9999.00-9999.00-9999.00-9999.00-9999.00-9999.00-9999.00-9999.00-9999.00-9999.00-9999.00-9999.00-9999.00-9999.00-9999.00-9999.00-9999.00-9999.00-9999.00-9999.00-9999.00-9999.00-9999.00-9999.00-9999.00-9999.00-9999.00-9999.00-9999.00-9999.00-9999.00-9999.00-9999.00-9999.00-9999.00 79.04
75.74 74.16 141.99 81.39 0.00 79.96 358.88 0.00 386.64 381.96 382.78 375.77 390.54 122.44 78.24 377.59 78.50-9999.00-9999.00-9999.00-9999.00-9999.00-9999.00 -9999.00-9999.00-9999.00-9999.00-9999.00-9999.00-9999.00-9999.00-9999.00-9999.00-9999.00 78.02 112.60 207.50 379.43 82.99 81.30 79.51 0.00 274.61 112.36 75.44 81.03 378.22 84.09 381.36 249.24 170.64 89.59 78.87 242.90 82.33 129.93-9999.00-9999.00-9999.00-9999.00-9999.00 86.95 76.07 142.62 91.49 193.26 88.77 379.18 208.61-9999.00-9999.00-9999.00-9999.00-9999.00 85.12 266.82 368.18 88.09 80.29 406.53 75.50 89.26 79.33 377.07 82.21 81.39 175.25
346.36 78.50 353.75 85.67 375.96 217.93 77.77 74.14 343.29 77.55 145.81 0.00 183.04 76.78 86.78 82.47 184.10 0.00 0.00 375.56 283.58 274.42 89.50 77.35 144.14 377.16 299.45 383.48 76.44 95.42 0.00 132.90 74.33 88.25 75.29 376.56 77.77 0.00 306.62 133.66 74.05 82.31 91.87 76.14 89.53 84.58 117.32 354.85 375.43 403.44 380.63 75.62 103.55 74.33 234.89 322.27 380.20 381.24 85.67 230.92 0.00
154.86 376.31 0.00 74.85 133.26 178.13 77.77 75.50 127.87 382.03 75.86 85.88 117.86 84.30 84.07 179.36 116.99 76.00 112.73 380.91 87.58 83.85 81.01 150.56 385.91 136.93 76.14 118.87 376.86 182.21 378.95 74.58 139.39 81.01 177.66 279.28 97.27 84.68 82.79 113.57 91.49 84.82 74.33 81.70 77.55 412.66 0.00 83.10 222.80 129.76 94.31 89.07 378.24 95.42 126.40 99.11 366.83 79.04-9999.00-9999.00-9999.00-9999.00-9999.00-9999.00-9999.00-9999.00-9999.00 -9999.00-9999.00-9999.00-9999.00-9999.00 185.51 76.07
82.36 140.25 118.03 83.58 386.26 244.63 75.19 91.12 92.28 74.03 84.68 82.65 130.21 270.14 0.00 74.93 86.05 86.78 79.96 339.55 76.61 74.29 81.74 75.01 87.17 79.33 83.44 167.01 74.93 230.31 379.13 376.33 75.74 74.64 78.76 378.41 75.39 76.29 295.21 0.00 351.13 375.51 222.86 99.64 0.00 384.65 385.43 381.62 381.30 237.82 77.15 81.01 96.84-9999.00-9999.00-9999.00-9999.00-9999.00-9999.00-9999.00-9999.00-9999.00 -9999.00-9999.00 74.60 375.62 375.80 75.90 376.95 345.53 168.01
76.14 164.26 216.52 375.56 381.90 0.00 123.08 93.15 377.65 378.33 206.06 86.83 246.03 376.09 90.44 109.19 0.00 79.33 135.67 76.00 86.05 81.01 78.76 376.98 75.10 77.55 112.79 378.22 74.22 74.14 182.22 82.36 77.15 82.08 84.43 82.08 84.96 130.26 0.00 107.85 0.00 0.00 0.00 388.76 246.61 255.24 119.64 113.17 120.06 182.94 93.29 90.68 148.93 130.27 78.00 376.03 75.86-9999.00-9999.00-9999.00-9999.00-9999.00-9999.00 -9999.00-9999.00-9999.00-9999.00-9999.00 87.41 82.69 74.24
0.00 76.78 222.46 115.33 157.86 75.86 75.74 84.58 130.54 75.86 112.58 0.00 359.23 112.80 78.00 81.01 135.23 380.73 75.62 262.85 89.82 77.15 126.17 78.50 388.43 82.65 161.90 74.29 74.25 136.26 78.50 375.42 0.00 120.67 387.32 382.93 383.22 385.07 381.53 383.40 387.35 380.19 246.34 249.22 87.76 93.02 76.14 76.14 376.86 79.64 93.15-9999.00-9999.00-9999.00-9999.00-9999.00-9999.00-9999.00 -9999.00-9999.00-9999.00-9999.00-9999.00-9999.00-9999.00-9999.00 73.61 112.53 0.00 281.45 135.56 74.41 73.92 384.95 0.00
117.71 86.22 78.24 0.00 378.36 261.25 116.21 84.58 82.59 82.31 77.35 122.98 0.00 382.15 377.84 375.61 160.21 122.02 74.33 84.55 82.65 83.10 375.61 123.42 75.74 74.04 90.12 98.60-9999.00-9999.00-9999.00-9999.00-9999.00-9999.00-9999.00-9999.00-9999.00 -9999.00-9999.00-9999.00-9999.00-9999.00-9999.00-9999.00-9999.00-9999.00 73.61 115.43 0.00 79.18 78.02 0.00 78.02 188.67 112.25 73.46 84.84 124.69 73.84 377.48 83.21 85.35 80.81 80.88 74.17 393.74 0.00 376.16 73.70 82.09 145.14 174.70 81.38 75.90 88.16 82.17 277.40 210.59
359.21 82.21-9999.00-9999.00-9999.00-9999.00-9999.00-9999.00-9999.00-9999.00 -9999.00-9999.00-9999.00-9999.00-9999.00-9999.00-9999.00-9999.00-9999.00-9999.00 74.81 129.24 130.06 0.00 166.56 74.33 78.57 87.18 74.50 156.44 379.71 83.82 87.41 82.88 80.97 132.72 0.00 141.64 357.24 75.59 126.12 76.83 77.76 80.21 395.66 153.46 77.27 81.81 78.02 76.63 177.49 275.10 85.91 342.73 93.07 187.14 87.41 90.96 84.79 97.46 132.74 265.08 83.95 80.98 74.24 375.30 378.73 0.00 74.09 91.49 376.26 354.26 75.19 156.52 105.10 81.62 82.08 76.29
78.29 153.89 85.01 73.79 378.48 0.00 75.44 367.49 191.06 90.28 77.05 375.32 356.59 82.33 195.37 82.17 75.44 303.25 376.16 77.27 0.00 378.40 221.86 175.85 118.16 88.77 83.95 75.74 220.54 74.71 128.34 75.01 246.93 0.00 319.80 148.42 76.29 81.39 138.46 385.49 272.50 375.76 115.12 79.33 94.55 76.00 360.96 378.33 309.22 83.35 81.01 74.12 115.25 376.82 84.07 0.00 375.76 274.56 124.83 75.19 74.52
164.58 372.42 139.79 76.12 87.58 75.01 375.71 0.00 74.52 76.29 376.09 309.31 133.50 83.58 85.25 118.63 74.19 74.03 394.88 76.00 85.10 75.01 0.00 153.78 116.76 74.06 83.64 117.38 84.18 79.64 381.13 81.01 74.03 205.01 333.47 411.00 78.50 379.53 98.60 338.93 377.59 379.11 377.93 376.51 380.63 0.00 378.85 377.63 306.86 384.53 377.10 330.69 78.98 82.95 139.80 137.82 75.39 376.20 391.64 205.85 75.39
378.30 0.00 375.88 380.94 375.67 378.78 98.26 198.63 81.52 101.06 181.63 111.80 351.38 96.40 381.51 383.71 369.12 120.04 74.19 88.49-9999.00-9999.00-9999.00-9999.00-9999.00-9999.00-9999.00-9999.00-9999.00-9999.00-9999.00-9999.00-9999.00-9999.00 -9999.00-9999.00-9999.00-9999.00-9999.00-9999.00-9999.00-9999.00-9999.00 75.90 183.96 83.21 85.18 357.46 376.11 98.53 377.59 96.76 84.29 86.31 88.66 0.00 80.59 86.43 376.93 75.30 83.95 73.58 140.52 98.48 0.00 83.82 84.38 380.53 83.69 82.59 92.17 77.76 111.28 0.00 78.02 130.85 73.61 73.96 81.15 75.90 0.00 78.29 404.13
134.69 73.90 77.51 122.82 76.25 0.00 376.89 376.60 305.43 119.23 76.25 81.64 81.48 73.90 255.68 0.00 84.79 74.92 0.00 165.69 73.37 73.35 80.88 82.99 74.28 360.35 80.59 182.25 114.85 91.49 174.73 376.94 85.88 138.33 376.68 0.00 380.44 233.53 83.66 95.03 100.30 379.33 92.13 377.92 90.82 108.51 388.14 373.60 126.18 83.86 94.24 83.54 84.18 74.58 379.20 103.95 92.28 85.72 82.21 88.74 75.01
84.82 90.77 96.48 0.00 99.64 0.00 378.09 185.42 376.03 376.10 371.51 191.70 112.21 74.77 90.12 85.88 78.00 378.44 79.96 231.72 83.54 170.16 136.83 92.71-9999.00-9999.00-9999.00-9999.00-9999.00-9999.00-9999.00-9999.00-9999.00-9999.00-9999.00-9999.00-9999.00-9999.00 -9999.00-9999.00-9999.00-9999.00-9999.00-9999.00-9999.00-9999.00-9999.00-9999.00-9999.00-9999.00-9999.00-9999.00-9999.00-9999.00-9999.00 97.81 370.91 380.36 378.94 73.74 138.03 233.19 375.44 0.00 75.30 82.59 77.76 377.61 83.44 74.60 114.23 190.61 0.00 105.92 312.08 74.33 73.61 132.04 0.00 117.48 74.81 85.35 113.31 0.00 76.25 83.44 376.24 86.95 175.48 77.27 74.09
383.03 375.69 134.94 81.39 84.18 119.54 86.97 79.96 0.00 0.00 0.00 0.00 381.48 381.49 197.24 83.10 85.25 89.53 87.80 75.86 132.36 373.48 407.54 382.83 146.16 82.04 74.52 74.64 0.00 103.95 261.31 138.84 380.48 375.40 81.32 86.36 82.12 82.21 83.09 78.50 82.93 86.40 116.56 182.98 79.64-9999.00-9999.00-9999.00-9999.00-9999.00-9999.00-9999.00-9999.00-9999.00-9999.00-9999.00-9999.00-9999.00-9999.00-9999.00-9999.00-9999.00-9999.00 -9999.00-9999.00-9999.00-9999.00-9999.00-9999.00-9999.00-9999.00-9999.00-9999.00-9999.00-9999.00-9999.00-9999.00-9999.00-9999.00-9999.00 355.12 99.06 84.79 89.91 78.87 377.53 378.56 0.00 135.11 336.14 141.53 74.09 81.81 323.59 123.83
205.52 91.35 76.07 121.27 387.02 81.01 0.00 98.46 120.67 336.45 381.54 257.78 0.00 79.64 88.99 74.77 82.79 98.14 368.86 117.81 75.39 75.86 74.58 89.26 83.10 120.14 149.88 77.35 74.42 117.08 304.47 376.76 74.29 85.25 76.29 125.99 0.00 180.73 253.02 384.45 75.74 198.32 115.82 82.21 76.96 363.43 249.35 84.82 129.71 129.94 86.97-9999.00-9999.00-9999.00-9999.00-9999.00-9999.00-9999.00-9999.00-9999.00-9999.00-9999.00-9999.00-9999.00-9999.00-9999.00-9999.00-9999.00-9999.00-9999.00-9999.00 -9999.00-9999.00-9999.00-9999.00-9999.00-9999.00-9999.00-9999.00-9999.00-9999.00-9999.00-9999.00-9999.00-9999.00-9999.00-9999.00-9999.00-9999.00-9999.00 221.45 126.20 82.26 168.08 339.58 389.19 94.45 99.70 177.96
357.67 113.06 93.83 114.01 90.82 118.65 222.57 83.10 215.28 74.85 85.88 84.58 403.80 74.12 82.65 75.50 126.75 76.44 88.09 235.49 311.69 76.29 86.97 75.62 112.40 379.26 75.01 74.52 348.10 0.00 232.28 88.77 0.00 319.64 240.85 294.16 74.22 127.09 247.14 112.69 75.29 113.29 226.63 76.96 81.01-9999.00-9999.00-9999.00-9999.00-9999.00-9999.00-9999.00-9999.00-9999.00-9999.00-9999.00-9999.00-9999.00-9999.00-9999.00-9999.00-9999.00-9999.00-9999.00 -9999.00-9999.00-9999.00-9999.00-9999.00-9999.00-9999.00-9999.00-9999.00-9999.00-9999.00-9999.00-9999.00-9999.00-9999.00-9999.00-9999.00-9999.00-9999.00-9999.00 102.72 220.93 79.18 93.07 84.79 86.95 77.76 84.53 82.41 73.74 385.61 127.69 81.58 81.15 84.09
138.60 75.19 103.95 173.39 377.90 173.48 75.86 75.10 112.11 0.00 376.18 351.04 141.05 77.77 97.64 242.52 196.80 0.00 113.14 127.12 173.66 115.29 75.19 74.77 376.59 380.26 74.12 75.62 162.77 77.77-9999.00-9999.00-9999.00-9999.00-9999.00-9999.00-9999.00-9999.00-9999.00-9999.00-9999.00-9999.00-9999.00-9999.00-9999.00-9999.00-9999.00-9999.00 -9999.00-9999.00-9999.00-9999.00-9999.00-9999.00-9999.00-9999.00-9999.00-9999.00-9999.00-9999.00-9999.00-9999.00-9999.00-9999.00-9999.00-9999.00-9999.00-9999.00-9999.00-9999.00-9999.00-9999.00-9999.00 91.20 211.11 377.32 73.35 382.82 120.92 85.01 88.98 134.75 76.63 142.52 86.10 82.26 348.17 75.04 0.00 190.58 76.83 185.17 232.41 182.53 85.37 377.85 258.14 86.59 81.81 79.85 383.71 382.14 377.41
0.00 376.62 378.02 354.79 122.57 74.16 136.14 79.33 125.72 128.73-9999.00-9999.00-9999.00-9999.00-9999.00-9999.00-9999.00-9999.00-9999.00-9999.00-9999.00-9999.00-9999.00-9999.00-9999.00-9999.00-9999.00-9999.00-9999.00 -9999.00-9999.00-9999.00-9999.00-9999.00-9999.00-9999.00-9999.00-9999.00-9999.00-9999.00-9999.00-9999.00-9999.00-9999.00-9999.00-9999.00-9999.00-9999.00-9999.00-9999.00 78.57 80.59 343.15 95.59 79.51 80.59 93.55 75.90 79.51 159.35 181.69 0.00 169.07 79.85 76.25 0.00 371.19 110.46 366.30 122.55 76.07 93.07 96.00 79.18 88.42 90.28 89.28 84.79 105.20 87.90 195.46 163.95 386.29 110.46 111.66 85.37 0.00 324.10 0.00 0.00 0.00 0.00 0.00 379.66 377.46 376.08 86.59 132.08 94.03 85.37
96.40-9999.00-9999.00-9999.00-9999.00-9999.00-9999.00-9999.00-9999.00-9999.00-9999.00-9999.00-9999.00-9999.00-9999.00-9999.00-9999.00-9999.00-9999.00-9999.00-9999.00-9999.00-9999.00 -9999.00-9999.00-9999.00-9999.00-9999.00-9999.00-9999.00-9999.00-9999.00-9999.00-9999.00-9999.00-9999.00-9999.00-9999.00-9999.00-9999.00 330.00 76.63 76.07 275.10 87.93 103.67 84.68 98.48 86.31 74.03 0.00 75.59 75.90 75.30 82.88 75.17 85.37 177.93 377.30 170.29 377.35 0.00 193.95 222.33 375.10 375.84 376.60 308.99 85.37 337.62 79.18 85.97 116.57 95.59 152.46 79.51 265.92 258.35 366.81 116.57 385.57 385.81 0.00 377.00 109.19 290.22 84.24 99.70 212.95 79.18 377.11 259.06 237.47 92.17 78.87 89.28 103.67 97.81 90.28
91.20 322.54 376.10 110.46 376.82 288.65 0.00 387.26 250.09 376.54 376.16 377.15 251.32 375.98 177.63 379.94 378.77 385.26 377.23 243.41 205.32 87.25 87.93 375.69 201.93 220.51 380.15 292.92 92.21 105.19 376.49 0.00 0.00 0.00 0.00 0.00 0.00 307.87 386.15 270.02 376.68 377.18 0.00 0.00 220.38 201.71 376.03 375.28 0.00 358.38 375.00 237.49 0.00 142.24 375.60 80.70 167.25 386.70 382.27 375.49 75.17
147.31 142.70 83.18 74.66 277.26 343.27 382.89 0.00 83.10 187.19 83.63 96.28 383.19 131.70 74.37 83.26 81.91 74.03 112.13 275.96 375.62 74.25 84.43 95.02 267.84 81.39 94.55 95.02 78.24 90.77 89.53-9999.00-9999.00-9999.00-9999.00-9999.00-9999.00-9999.00-9999.00-9999.00-9999.00-9999.00-9999.00-9999.00-9999.00-9999.00-9999.00-9999.00-9999.00-9999.00-9999.00-9999.00-9999.00 -9999.00-9999.00-9999.00-9999.00-9999.00-9999.00-9999.00-9999.00-9999.00-9999.00-9999.00-9999.00-9999.00-9999.00-9999.00-9999.00-9999.00-9999.00-9999.00-9999.00-9999.00-9999.00-9999.00-9999.00-9999.00-9999.00-9999.00-9999.00-9999.00-9999.00-9999.00 78.29 376.90 376.69 103.67 133.72 201.93 201.93 210.92 237.49 324.10 354.80 355.90 0.00 326.78 378.51 353.20 95.84 96.10 95.84 0.00 216.22 390.47 375.53 375.78 134.47 80.21 136.32 219.75 78.02
132.26 375.22 375.62 319.96 87.36 103.59 389.24 415.00 417.93 298.79 262.83 0.00 251.65 376.27 0.00 161.97 225.61 375.24 375.38 386.22 328.52 375.16 150.39 375.48 114.10 340.05 375.73 114.25 143.88 78.64 381.90 375.38 84.45 78.08 86.96 382.58 341.95 328.79 74.87 366.99 84.51 161.58 277.38 377.18 91.18 361.29 89.26 366.49 126.45 94.55 377.38 94.55 378.69 91.87 318.52-9999.00-9999.00-9999.00-9999.00-9999.00-9999.00-9999.00-9999.00-9999.00-9999.00-9999.00-9999.00-9999.00-9999.00-9999.00-9999.00-9999.00-9999.00-9999.00-9999.00-9999.00 -9999.00-9999.00-9999.00-9999.00-9999.00-9999.00-9999.00-9999.00-9999.00-9999.00-9999.00-9999.00-9999.00-9999.00-9999.00-9999.00-9999.00-9999.00-9999.00-9999.00-9999.00-9999.00-9999.00-9999.00-9999.00-9999.00-9999.00-9999.00-9999.00-9999.00-9999.00-9999.00-9999.00 90.40 234.00 378.12 192.71 376.47
110.96 138.29 155.87 89.05 133.77 113.15 142.44 300.80 86.69 75.53 86.01 86.56 87.46 82.88 375.22 0.00 375.58 378.25 106.60 83.78 378.43 0.00 378.44 375.14 338.88 197.10 124.55 375.65 374.16 192.63 130.04 75.89 78.49 76.31 75.22 82.19 248.23 78.01 97.79 0.00 0.00 112.04 250.12 166.49 80.96 81.73 0.00 0.00 0.00 83.02 85.05 90.36 92.31 146.93-9999.00-9999.00-9999.00-9999.00-9999.00-9999.00-9999.00-9999.00-9999.00-9999.00-9999.00-9999.00-9999.00-9999.00-9999.00-9999.00-9999.00-9999.00-9999.00-9999.00-9999.00-9999.00-9999.00 -9999.00-9999.00-9999.00-9999.00-9999.00-9999.00-9999.00-9999.00-9999.00-9999.00-9999.00-9999.00-9999.00-9999.00-9999.00-9999.00-9999.00-9999.00-9999.00-9999.00-9999.00-9999.00-9999.00-9999.00-9999.00-9999.00-9999.00-9999.00-9999.00-9999.00-9999.00-9999.00-9999.00-9999.00-9999.00-9999.00-9999.00-9999.00-9999.00 225.61 271.40 271.40 205.97 375.26 375.28
86.34 97.26-9999.00-9999.00-9999.00-9999.00-9999.00-9999.00-9999.00-9999.00-9999.00-9999.00-9999.00-9999.00-9999.00-9999.00-9999.00-9999.00-9999.00-9999.00 -9999.00-9999.00-9999.00-9999.00-9999.00-9999.00-9999.00-9999.00-9999.00-9999.00-9999.00-9999.00-9999.00-9999.00-9999.00-9999.00-9999.00-9999.00-9999.00-9999.00-9999.00-9999.00-9999.00-9999.00-9999.00-9999.00-9999.00-9999.00-9999.00-9999.00-9999.00-9999.00-9999.00-9999.00-9999.00-9999.00-9999.00-9999.00-9999.00-9999.00-9999.00-9999.00-9999.00-9999.00-9999.00-9999.00-9999.00-9999.00 375.47 375.00 0.00 295.67 375.11 375.64 329.66 0.00 375.01 271.40 352.32 378.88 324.94 375.36 295.66 377.68 0.00 295.66 375.00 295.66 0.00 295.66 375.00 295.66 0.00 295.66 375.08 375.00 295.66 329.67 375.51 315.28 360.11 0.00 329.67 376.43 281.15 375.63 375.27 0.00 0.00 0.00 0.00 375.25 106.60 135.98 378.83 374.67 340.20 352.85 80.25 377.34 378.17 120.98 86.76 79.61 365.17 382.61
378.84 81.72 85.90 99.01 100.10-9999.00-9999.00-9999.00-9999.00-9999.00-9999.00-9999.00-9999.00-9999.00-9999.00-9999.00-9999.00-9999.00-9999.00-9999.00-9999.00-9999.00-9999.00 -9999.00-9999.00-9999.00-9999.00-9999.00-9999.00-9999.00-9999.00-9999.00-9999.00-9999.00-9999.00-9999.00-9999.00-9999.00-9999.00-9999.00-9999.00-9999.00-9999.00-9999.00-9999.00-9999.00-9999.00-9999.00-9999.00-9999.00-9999.00-9999.00-9999.00-9999.00-9999.00-9999.00-9999.00-9999.00-9999.00-9999.00-9999.00-9999.00-9999.00-9999.00-9999.00-9999.00-9999.00-9999.00-9999.00-9999.00-9999.00-9999.00-9999.00-9999.00-9999.00-9999.00-9999.00 0.00 352.33 322.16 376.02 375.18 324.82 376.02 334.42 295.66 0.00 0.00 375.38 0.00 295.66 375.34 295.67 375.00 295.67 375.71 295.67 375.31 324.82 375.00 0.00 375.09 375.00 0.00 295.67 375.97 225.55 375.52 189.37 375.39 249.17 88.80 131.58 375.66 88.06 76.98 74.18 84.35 77.36 376.55 376.00 137.92 75.31 0.00 314.36 76.02 76.80 85.05 370.15 81.73 91.18 381.54
