蒙特卡罗+CDRMV3/输出数据/2D水深分布/WaterDepthGIS_0142.ASC
ncols         539            
nrows         744            
xllcorner     602630.84259341
yllcorner     3914823.670891 
cellsize      50             
NODATA_value  -9999.00       
[rows 0 to 26 of 32, columns 244 to 304 of 539]
0.00 85.29 87.95 94.39 82.39 81.81 84.36-9999.00-9999.00-9999.00-9999.00-9999.00-9999.00-9999.00-9999.00-9999.00-9999.00-9999.00-9999.00-9999.00 -9999.00-9999.00-9999.00-9999.00-9999.00-9999.00-9999.00-9999.00-9999.00 100.18 93.21 375.91 354.19 87.94 382.57 438.21 86.62 93.18 356.58 157.45 90.91-9999.00-9999.00-9999.00-9999.00-9999.00-9999.00-9999.00-9999.00-9999.00-9999.00-9999.00-9999.00-9999.00-9999.00-9999.00-9999.00-9999.00-9999.00-9999.00-9999.00-9999.00-9999.00-9999.00-9999.00-9999.00-9999.00-9999.00-9999.00-9999.00-9999.00-9999.00-9999.00-9999.00-9999.00-9999.00-9999.00-9999.00-9999.00-9999.00-9999.00-9999.00-9999.00-9999.00-9999.00-9999.00-9999.00-9999.00-9999.00-9999.00-9999.00-9999.00-9999.00-9999.00-9999.00-9999.00-9999.00-9999.00-9999.00-9999.00-9999.00-9999.00-9999.00-9999.00-9999.00-9999.00-9999.00-9999.00-9999.00-9999.00-9999.00-9999.00-9999.00-9999.00-9999.00-9999.00-9999.00-9999.00-9999.00-9999.00-9999.00-9999.00-9999.00-9999.00-9999.00-9999.00-9999.00-9999.00-9999.00-9999.00-9999.00 80.63 88.08 97.10 81.99 203.94 80.63 80.29 315.52 90.93 80.88 89.32 79.11 118.48 377.89 0.00 173.67 79.10 80.19 82.39 122.94 145.32 89.43-9999.00-9999.00-9999.00-9999.00-9999.00-9999.00-9999.00-9999.00-9999.00-9999.00-9999.00-9999.00 -9999.00-9999.00-9999.00-9999.00-9999.00-9999.00-9999.00-9999.00-9999.00 94.84 376.58 102.99 135.35 376.86 102.99 379.17 0.00 84.43 376.04 221.36 91.72 81.24-9999.00-9999.00-9999.00-9999.00-9999.00-9999.00-9999.00-9999.00-9999.00-9999.00-9999.00-9999.00-9999.00-9999.00-9999.00-9999.00-9999.00-9999.00-9999.00-9999.00-9999.00-9999.00-9999.00-9999.00-9999.00-9999.00-9999.00-9999.00-9999.00-9999.00-9999.00-9999.00-9999.00-9999.00-9999.00-9999.00-9999.00-9999.00-9999.00-9999.00-9999.00-9999.00-9999.00-9999.00-9999.00-9999.00-9999.00-9999.00-9999.00-9999.00-9999.00-9999.00-9999.00-9999.00-9999.00-9999.00-9999.00-9999.00-9999.00-9999.00-9999.00-9999.00-9999.00-9999.00-9999.00-9999.00-9999.00-9999.00-9999.00-9999.00-9999.00-9999.00-9999.00-9999.00-9999.00-9999.00-9999.00-9999.00-9999.00-9999.00-9999.00-9999.00-9999.00-9999.00-9999.00-9999.00-9999.00-9999.00 83.54 177.22 118.56 88.81 119.66
377.43 394.50 326.51 85.29 94.99-9999.00-9999.00-9999.00-9999.00-9999.00-9999.00-9999.00 83.54 88.91 81.47 88.15 87.52 379.25 163.02 378.42 82.19 142.43 377.65 93.57 98.26 376.74 94.68 382.37 79.47 83.80 374.25 80.75 79.18 79.93 79.33 79.93 319.27 0.00 376.01 146.17 80.40 120.94 79.52 369.05 161.74 224.98 83.05 88.46 121.91 376.53 375.46 376.76 0.00 82.19 90.34 0.00 103.78 100.92 86.72 84.36 93.57 375.34 93.39-9999.00-9999.00-9999.00 -9999.00-9999.00-9999.00-9999.00-9999.00-9999.00-9999.00-9999.00-9999.00-9999.00-9999.00-9999.00-9999.00-9999.00 87.90 86.81 129.12 91.80
89.32 199.34 81.47 182.92 88.85 368.41 84.66 214.49 383.10 81.31 382.43 81.81 380.52 175.17 79.77 96.72 90.33 80.75 80.75 383.15 96.36 85.98 0.00 132.08 90.34 91.27 82.19 91.10 79.85 381.25 80.40 154.98 87.83 96.72 88.63 89.11 83.54 79.25 378.95 122.49 80.63 87.95 90.62 122.90 140.30 87.14 79.25 316.73 81.47 81.02 80.01 0.00 375.51 87.11 129.72 123.14 124.13 81.16 182.44 120.76 125.30
0.00 0.00 0.00 0.00 146.64 156.08 79.52 90.19 99.80 81.47 92.20 79.37 378.20 0.00 376.72 0.00 99.61 97.73 208.87 117.31 101.90 378.17 81.47 254.95 351.35 91.46-9999.00-9999.00-9999.00-9999.00-9999.00-9999.00 -9999.00-9999.00-9999.00-9999.00-9999.00-9999.00-9999.00-9999.00-9999.00-9999.00-9999.00-9999.00 100.18 100.60 84.43 91.72 89.87 79.08 120.74 0.00 78.49 79.23 78.78 0.00 78.43 79.59 338.14 88.52 80.90 383.11 377.79 196.15 80.43-9999.00-9999.00-9999.00 84.43 87.48 292.04 92.17 83.82 155.43 389.17 100.49 93.08 148.14 119.66 377.44 377.30
87.90 82.26 90.20 88.52 80.58 87.39 100.18 88.41 98.71 380.67 85.10 325.77 381.21 88.41 379.57 83.25 167.74 79.59 379.23 79.59 330.70 128.57 0.00 378.99 84.66 100.17 165.74 101.38 159.92 129.12 296.64 95.31 79.37 301.73 0.00 80.88 98.26 132.60 0.00 379.72 119.45 82.60 80.75 376.75 83.29 86.72 119.73 377.56 379.14 97.73 0.00 79.58 94.39 90.19 151.91 131.21 79.47 123.33 0.00 376.51 278.67
91.95 88.41 87.04 375.33 315.61 83.53 85.83 166.47 86.22 0.00 373.73 141.16 81.02 93.32 137.03 79.14 376.42 375.82 79.58 80.88 379.88 0.00 79.47 79.05 372.53 0.00 117.74 90.89 90.78 162.66 90.19 79.29 378.00 124.17 81.16 234.19 133.47 0.00 119.56 82.60 79.77 120.11 0.00 80.10 91.10 93.57 317.79 81.02 92.41 81.81 84.66 144.53 222.42 385.29 236.37 167.18 85.98 92.41 89.01 87.11 89.32
82.99 88.64 83.82 89.14 144.07 327.05 89.42 84.76 0.00 117.46 137.94 82.26 83.82 384.35 82.04 94.35 80.19 124.16 382.34 154.10 136.02 79.70 206.95 0.00 0.00 125.67 79.10 79.47 79.25 160.86 379.11 79.93 79.29 118.49 368.96 376.32 86.34 0.00 79.19 91.81 79.70 0.00 277.09 79.42 80.88 376.23 146.42 81.02 85.63 152.99 279.16 378.96 219.00 0.00 385.68 379.14 378.34 383.66 141.95 91.46 81.81
376.17 378.87 79.69 89.57 79.92 0.00 91.80 80.73 381.62 381.97 200.73 80.16 90.20 101.51 83.82 78.95 168.27 81.81 123.98 90.33 93.83 87.11 119.44 0.00 381.92 80.10 91.62 146.08 91.10 88.81 88.08 79.93 118.81 163.55 222.03 0.00 79.47 84.97 0.00 190.05 119.30 81.16 83.29 92.70 94.99 92.62 138.95 79.29 123.14 213.67 376.37 0.00 79.33 122.82 88.81 89.21 88.46 90.89 197.93 90.47 87.10
86.42 86.62 82.60 379.44 379.85 0.00 377.12 375.58 379.90 375.37 79.85 87.11 340.27 79.37 269.39 81.02 205.25 81.99 0.00 356.89 80.51 177.82 89.55 378.67 79.85 93.32 81.47 143.97 348.17 377.79 80.75 123.93 89.21 81.99 124.59 0.00 80.01 83.80 201.21 79.33 95.65 376.37 126.38 81.64 281.08 100.49 0.00 119.21 79.52 91.81 79.58 127.22 0.00 137.10 93.83 79.25 81.81 263.10 0.00 93.39 89.92
92.00 124.55 80.01 140.54 187.46 97.10 81.99 124.99 0.00 135.48 123.49 90.62 91.62 202.71 138.24 0.00 330.79 123.39 83.80 241.39 88.02 89.11 79.42 240.23 377.86 380.37 180.16 82.60 144.84 0.00 0.00 0.00 356.15 267.64 80.63 175.65 79.64 141.00 376.85 0.00 391.35 387.24 145.99 86.63 248.23 122.58 79.52 88.54 88.38 129.48 371.42 248.16 81.02 366.10 369.44 376.09 81.47-9999.00-9999.00-9999.00-9999.00-9999.00-9999.00-9999.00-9999.00 -9999.00-9999.00-9999.00-9999.00-9999.00-9999.00-9999.00-9999.00-9999.00-9999.00 90.37 93.74 78.39
376.59 379.08 386.28 114.26 95.31 90.89 383.78 0.00 111.23 0.00 375.31 214.97 381.00 184.99 0.00 0.00 319.79 83.54 83.05 0.00 131.52 79.70 88.30 99.04 81.99 96.00 89.92 83.29 92.84-9999.00-9999.00-9999.00-9999.00-9999.00-9999.00-9999.00-9999.00-9999.00 -9999.00-9999.00-9999.00-9999.00-9999.00-9999.00-9999.00-9999.00-9999.00-9999.00 78.65 160.76 0.00 316.86 78.47 201.02 83.53 80.04 370.21 0.00 138.79 79.49 78.89 156.62 209.12 0.00 374.16 243.46 172.46 134.80 86.22 81.83 381.33 131.94 83.82 98.08 104.74 85.46 79.08 375.75 80.43
0.00 78.47 86.93 83.82 0.00 80.16 90.20 82.49 79.59 79.32 169.24 0.00 0.00 79.08 273.04 80.90 95.35 84.76 385.71 375.80 378.52 80.16 79.16 82.26 380.29 78.51 87.63 79.80 0.00 118.89 82.04 93.74 86.58 192.32 91.72 89.57 377.71 79.23 378.38 78.53 154.60 241.17 84.76 0.00 79.02 91.51 89.87 80.04 147.90 92.91 194.69 80.01 133.51 408.93 80.88 0.00 379.63 203.31 127.78 89.82 81.18
79.40 116.89 0.00 129.14 79.23 91.30 97.26 78.49 82.26 272.37 378.73 79.40 307.23 0.00 88.39 362.65 93.57 378.29 93.21 95.82 376.07 198.05 0.00 81.99 89.01 79.77 382.09 87.95 299.73 83.80 87.52 377.85 80.75 79.16 0.00 130.24 283.06 0.00 367.44 85.29 85.98 84.97 375.69 85.63 87.77 80.51 383.52 87.11 93.57 102.41 116.80 384.40 110.10 104.84 98.68 387.56 241.86 376.22 377.70 370.44 0.00
81.81 366.30 85.98 391.34 90.89 121.91 81.31 81.81 357.35 377.53 0.00 375.60 176.15 0.00 0.00 0.00 83.52 102.68 97.49 0.00 368.27 99.61 0.00 378.04 379.78 80.40 95.31 140.36 83.54 340.56 89.33-9999.00-9999.00-9999.00-9999.00-9999.00-9999.00-9999.00-9999.00-9999.00-9999.00-9999.00-9999.00-9999.00-9999.00 -9999.00-9999.00-9999.00-9999.00-9999.00-9999.00-9999.00-9999.00-9999.00-9999.00-9999.00 87.04 192.78 95.00 83.53 89.98 377.44 80.16 380.44 78.41 153.57 373.76 0.00 165.27 172.61 118.76 87.39 87.90 87.39 79.32 82.99 144.94 0.00 0.00 82.99 79.23 213.54 87.99 78.57 0.00
78.57 166.72 80.43 86.42 82.04 0.00 165.29 111.59 135.64 297.11 79.40 78.57 166.69 79.92 83.53 78.45 0.00 222.80 78.47 90.37 181.27 88.30 93.45 80.43 194.60 87.81 312.86 134.40 376.62 79.59 256.68 93.39 0.00 423.10 392.06 394.77 386.41 384.67 114.68 377.42 370.15 84.36 91.62 81.99 83.05 101.68 91.46 415.29 398.54 379.22 365.62 89.33 377.17 79.70 87.95 79.14 80.51 88.08 87.77 79.47 79.52
137.73 377.92 376.74 124.94 85.63 97.10-9999.00-9999.00-9999.00-9999.00-9999.00-9999.00-9999.00-9999.00-9999.00-9999.00-9999.00-9999.00-9999.00-9999.00-9999.00-9999.00-9999.00-9999.00 -9999.00-9999.00-9999.00-9999.00-9999.00-9999.00-9999.00-9999.00-9999.00-9999.00-9999.00-9999.00-9999.00-9999.00-9999.00-9999.00-9999.00 87.94 384.43 376.68 366.00 81.62 79.02 80.04 82.26 0.00 209.99 84.76 88.52 82.74 87.55 207.99 263.07 79.02 377.94 363.47 0.00 0.00 0.00 131.18 82.04 87.11 82.04 84.76 0.00 156.70 79.16 154.01 124.35 78.78 88.30 82.99 139.15 291.55 376.62 378.12 0.00 365.56 123.97 170.85 88.91 85.46 80.90 203.12 364.12 377.60 376.11 0.00 0.00 377.96 376.40
141.05 376.66 0.00 135.89 92.06 112.03 306.58 90.89 384.70 379.85 380.78 80.29 79.16 86.95 87.57 87.10 87.40 87.23 96.72-9999.00-9999.00-9999.00-9999.00-9999.00-9999.00-9999.00-9999.00-9999.00-9999.00-9999.00-9999.00-9999.00-9999.00-9999.00-9999.00-9999.00-9999.00-9999.00 -9999.00-9999.00-9999.00-9999.00-9999.00-9999.00-9999.00-9999.00-9999.00-9999.00-9999.00-9999.00-9999.00-9999.00-9999.00-9999.00-9999.00-9999.00 91.80 87.04 95.35 97.26 86.62 79.69 0.00 149.11 83.82 83.82 98.08 86.93 151.76 171.04 151.63 80.29 81.43 128.95 86.26 78.40 0.00 100.68 215.15 190.04 125.60 85.10 95.83 80.90 132.78 383.07 380.13 82.99 91.95 93.18 78.47 96.08 87.90 124.89 375.96 376.33 0.00
243.31 0.00 380.37 121.17 79.70 88.08 88.63 329.27 141.10 118.40 79.85 90.62 89.55 83.54-9999.00-9999.00-9999.00-9999.00-9999.00-9999.00-9999.00-9999.00-9999.00-9999.00-9999.00-9999.00-9999.00-9999.00-9999.00-9999.00-9999.00-9999.00-9999.00-9999.00-9999.00 -9999.00-9999.00-9999.00-9999.00-9999.00-9999.00-9999.00-9999.00-9999.00-9999.00-9999.00-9999.00-9999.00-9999.00-9999.00-9999.00-9999.00-9999.00-9999.00 87.48 137.79 380.98 416.60 338.91 156.32 95.71 359.68 96.47 356.31 117.22 86.50 80.43 116.91 369.85 379.52 0.00 246.61 79.69 86.30 90.72 81.83 124.11 0.00 130.10 79.92 79.49 217.54 135.16 230.33 158.97 97.67 378.50 79.92 81.62 375.30 145.22 100.68 376.62 135.49 0.00 354.12 80.29 79.75 91.10 111.74
381.22 380.20 370.80 79.25 204.99 84.66-9999.00-9999.00-9999.00-9999.00-9999.00-9999.00-9999.00-9999.00-9999.00-9999.00-9999.00-9999.00-9999.00-9999.00-9999.00-9999.00-9999.00 -9999.00-9999.00-9999.00-9999.00-9999.00-9999.00-9999.00-9999.00-9999.00-9999.00-9999.00-9999.00-9999.00-9999.00-9999.00-9999.00-9999.00-9999.00-9999.00-9999.00-9999.00-9999.00-9999.00-9999.00-9999.00 88.91 292.29 81.62 286.16 82.99 85.10 383.08 130.33 141.38 164.63 79.32 135.02 0.00 0.00 0.00 0.00 0.00 346.24 91.16 79.16 92.49 378.98 0.00 0.00 376.77 306.76 362.15 361.66 273.41 309.41 378.80 311.40 98.71 348.25 124.82 84.94 100.45 90.24 85.10 87.04 377.20 127.23 81.83 206.89 376.91 401.78 86.62 360.14 84.76 84.23 0.00 376.85 179.80 382.70
0.00 0.00 379.02 133.45 153.95 165.00 99.34 319.92 380.18 89.98 378.51 90.56 102.99 101.51 97.26 99.69 0.00 0.00 144.90 0.00 292.59 375.46 98.18 91.32 137.11 102.35 377.27 385.20 98.71 174.84 93.18 85.46 345.55 111.59 81.83 83.82 195.62 159.78 376.93 0.00 179.80 376.98 308.23 222.27 288.60 190.08 355.15 376.09 379.13 226.00 87.52 84.66 363.57 79.85 82.39 89.33 378.55 367.74 79.52 88.23 170.11
103.18 316.05 377.46 380.10 385.47 120.27 284.58 342.37 94.00 113.68 141.32 97.71 352.33 0.00 179.80 375.67 376.60 375.33 82.74 98.71 242.11 93.21 97.67 270.01 94.00 84.76 134.32 338.10 378.08 144.94 0.00 376.39 246.81 375.92 356.82 242.19 359.56 388.14 242.25 384.91 114.40 118.50 91.80 0.00 103.78 82.39 95.65 92.00 89.82 188.96 81.81 98.68 342.87 368.57 80.51 89.43 377.24 87.83 80.51 0.00 0.00
261.45 355.60 104.67 180.26 101.73 376.57 375.46 268.48 213.60 0.00 382.14 83.53 82.04 94.84 378.55 244.59 369.36 160.42 180.45 107.00 380.87 376.17 226.70 209.16 0.00 375.45 222.27 375.17 319.43 0.00 0.00 268.51 0.00 391.98 376.96 230.68 123.54 141.32 80.73 88.39 252.97 84.97 108.61 278.43 382.82 87.52 255.29 0.00 376.48 165.29 85.98 175.38 134.45 375.29 122.90 79.05 142.21 377.73 80.19 93.08 94.68
80.10 152.79 380.71 0.00 84.97 92.84 160.66 89.24 88.15 86.34 122.93 119.25 383.78 369.18 377.15 320.17 267.72 81.64 252.56 133.57 282.43 92.00 121.44 79.42 369.51 83.05-9999.00-9999.00-9999.00-9999.00-9999.00-9999.00-9999.00-9999.00-9999.00-9999.00-9999.00-9999.00-9999.00-9999.00-9999.00-9999.00-9999.00-9999.00-9999.00-9999.00-9999.00-9999.00 -9999.00-9999.00-9999.00-9999.00-9999.00-9999.00-9999.00-9999.00-9999.00-9999.00-9999.00-9999.00-9999.00-9999.00-9999.00-9999.00-9999.00-9999.00-9999.00-9999.00-9999.00-9999.00-9999.00-9999.00-9999.00-9999.00-9999.00-9999.00-9999.00 88.91 87.48 178.67 377.61 375.57 80.16 378.47 379.67 179.80 351.06 375.86 383.19 0.00 328.22 378.54 375.56 125.92 209.24 329.23 0.00 222.27 309.30 125.36 376.95 106.30 95.87 91.02 101.68 99.34 92.91 95.38 97.80 106.30 87.48
375.39 297.23 353.67 254.73 336.26 375.04 0.00 229.86 0.00 324.28 318.39 376.83 318.39 0.00 376.99 365.76 254.73 338.25 375.41 196.15 378.09 382.37 378.68 127.52 139.79 96.07 382.29 106.38 375.47 141.31 94.38 179.20 125.39 79.56 81.66 80.95 88.42 87.14 88.81 82.19 79.29 118.11 118.47 79.22 173.08 90.05 334.54 92.49 96.00 375.27 375.38 111.91-9999.00-9999.00-9999.00-9999.00-9999.00-9999.00-9999.00-9999.00-9999.00-9999.00-9999.00-9999.00-9999.00-9999.00-9999.00-9999.00-9999.00-9999.00-9999.00-9999.00-9999.00 -9999.00-9999.00-9999.00-9999.00-9999.00-9999.00-9999.00-9999.00-9999.00-9999.00-9999.00-9999.00-9999.00-9999.00-9999.00-9999.00-9999.00-9999.00-9999.00-9999.00-9999.00-9999.00-9999.00-9999.00-9999.00-9999.00-9999.00-9999.00-9999.00-9999.00-9999.00 144.94 94.00 94.84 255.46 371.04 380.37 258.45 370.55
384.00 259.81 300.52 388.08 399.51 375.22 112.21 277.45 395.53 331.85 122.96 112.89 377.47 380.90 102.42 378.46 382.20 88.51 153.65 135.33 375.42 109.31 375.34 128.28 375.47 0.00 375.69 375.52 379.72 85.91 109.12 200.29 376.01 375.47 114.68 112.00 134.01 95.06 96.33 383.10 405.29 124.58 91.07 82.75 127.04 378.98 79.86 376.41 162.56 109.12 99.96 90.51 386.37 379.48 324.70 81.35 85.73 277.00 378.64 87.22 91.07
89.24 81.66 90.80 106.00 92.93 378.66 87.63 370.82 86.82 132.14 252.72 102.42 84.48 96.60 336.22 369.69 130.51 91.82 141.64 88.20 82.79 375.28 81.73 88.48-9999.00-9999.00-9999.00-9999.00-9999.00-9999.00-9999.00-9999.00-9999.00-9999.00-9999.00-9999.00-9999.00-9999.00-9999.00-9999.00-9999.00-9999.00-9999.00-9999.00 -9999.00-9999.00-9999.00-9999.00-9999.00-9999.00-9999.00-9999.00-9999.00-9999.00-9999.00-9999.00-9999.00-9999.00-9999.00-9999.00-9999.00-9999.00-9999.00-9999.00-9999.00-9999.00-9999.00-9999.00-9999.00-9999.00-9999.00-9999.00-9999.00-9999.00-9999.00-9999.00-9999.00-9999.00-9999.00-9999.00-9999.00-9999.00-9999.00-9999.00-9999.00-9999.00-9999.00-9999.00-9999.00-9999.00 375.28 375.12 0.00 297.23 375.91 319.04 310.17 375.13 254.73 0.00 375.01 297.23 375.41 297.23 375.01 375.00 377.20 375.01 0.00 254.73 297.23 377.29 297.23 376.24 377.97 377.48 377.48 379.97 259.81 300.52 377.72 0.00 0.00 375.21 375.21 375.58
85.54 118.22 99.09 100.89 108.28 376.30 317.38 86.71 90.35 155.99 90.51 101.29 0.00 85.08 214.04 90.51 96.98 379.00 84.77 168.53 79.65 92.63 141.57 384.35 96.07 382.18 364.12 388.78 223.39 99.10 380.33 102.04 130.75 83.57 377.61 241.07 85.36-9999.00-9999.00-9999.00-9999.00-9999.00-9999.00-9999.00-9999.00-9999.00-9999.00-9999.00-9999.00-9999.00-9999.00-9999.00-9999.00-9999.00-9999.00 -9999.00-9999.00-9999.00-9999.00-9999.00-9999.00-9999.00-9999.00-9999.00-9999.00-9999.00-9999.00-9999.00-9999.00-9999.00-9999.00-9999.00-9999.00-9999.00-9999.00-9999.00-9999.00-9999.00-9999.00-9999.00-9999.00-9999.00-9999.00-9999.00-9999.00-9999.00-9999.00-9999.00-9999.00-9999.00-9999.00-9999.00-9999.00-9999.00-9999.00-9999.00-9999.00-9999.00-9999.00-9999.00-9999.00-9999.00-9999.00-9999.00-9999.00-9999.00-9999.00 375.32 254.73 0.00 377.06 297.23 320.66 326.30 279.11 234.66 0.00 382.29 297.23 0.00 375.89 297.23 0.00 0.00 297.23 297.23 375.31 297.23 375.54 375.20
