蒙特卡罗+CDRMV3/输出数据/2D水深分布/WaterDepthGIS_0138.ASC
ncols         539            
nrows         744            
xllcorner     602630.84259341
yllcorner     3914823.670891 
cellsize      50             
NODATA_value  -9999.00       
[rows 0 to 26 of 32, columns 244 to 304 of 539]
0.00 87.60 90.23 96.77 84.71 84.13 86.68-9999.00-9999.00-9999.00-9999.00-9999.00-9999.00-9999.00-9999.00-9999.00-9999.00-9999.00-9999.00-9999.00 -9999.00-9999.00-9999.00-9999.00-9999.00-9999.00-9999.00-9999.00-9999.00 102.22 95.46 376.05 358.58 90.11 382.97 440.41 88.79 95.42 361.32 161.36 93.10-9999.00-9999.00-9999.00-9999.00-9999.00-9999.00-9999.00-9999.00-9999.00-9999.00-9999.00-9999.00-9999.00-9999.00-9999.00-9999.00-9999.00-9999.00-9999.00-9999.00-9999.00-9999.00-9999.00-9999.00-9999.00-9999.00-9999.00-9999.00-9999.00-9999.00-9999.00-9999.00-9999.00-9999.00-9999.00-9999.00-9999.00-9999.00-9999.00-9999.00-9999.00-9999.00-9999.00-9999.00-9999.00-9999.00-9999.00-9999.00-9999.00-9999.00-9999.00-9999.00-9999.00-9999.00-9999.00-9999.00-9999.00-9999.00-9999.00-9999.00-9999.00-9999.00-9999.00-9999.00-9999.00-9999.00-9999.00-9999.00-9999.00-9999.00-9999.00-9999.00-9999.00-9999.00-9999.00-9999.00-9999.00-9999.00-9999.00-9999.00-9999.00-9999.00-9999.00-9999.00-9999.00-9999.00-9999.00-9999.00-9999.00-9999.00 82.93 90.36 99.43 84.32 214.13 82.93 82.59 320.35 93.21 83.19 91.59 81.38 121.21 378.02 0.00 176.49 81.37 82.49 84.71 125.69 149.09 91.70-9999.00-9999.00-9999.00-9999.00-9999.00-9999.00-9999.00-9999.00-9999.00-9999.00-9999.00-9999.00 -9999.00-9999.00-9999.00-9999.00-9999.00-9999.00-9999.00-9999.00-9999.00 97.11 376.71 105.29 140.82 377.13 105.29 379.24 0.00 86.63 376.05 223.23 93.93 83.44-9999.00-9999.00-9999.00-9999.00-9999.00-9999.00-9999.00-9999.00-9999.00-9999.00-9999.00-9999.00-9999.00-9999.00-9999.00-9999.00-9999.00-9999.00-9999.00-9999.00-9999.00-9999.00-9999.00-9999.00-9999.00-9999.00-9999.00-9999.00-9999.00-9999.00-9999.00-9999.00-9999.00-9999.00-9999.00-9999.00-9999.00-9999.00-9999.00-9999.00-9999.00-9999.00-9999.00-9999.00-9999.00-9999.00-9999.00-9999.00-9999.00-9999.00-9999.00-9999.00-9999.00-9999.00-9999.00-9999.00-9999.00-9999.00-9999.00-9999.00-9999.00-9999.00-9999.00-9999.00-9999.00-9999.00-9999.00-9999.00-9999.00-9999.00-9999.00-9999.00-9999.00-9999.00-9999.00-9999.00-9999.00-9999.00-9999.00-9999.00-9999.00-9999.00-9999.00-9999.00-9999.00-9999.00-9999.00-9999.00 85.86 181.95 121.52 91.08 124.20
377.52 394.81 333.11 87.60 97.39-9999.00-9999.00-9999.00-9999.00-9999.00-9999.00-9999.00 85.86 91.17 83.79 90.42 89.80 379.42 167.76 378.49 84.51 145.00 377.75 95.93 100.49 377.06 97.07 382.68 81.74 86.12 375.50 83.06 81.45 82.22 81.60 82.22 328.34 0.00 376.03 149.37 82.70 123.71 81.80 372.08 170.24 235.61 85.37 90.73 124.47 376.75 375.80 377.00 0.00 84.51 92.61 0.00 106.37 102.99 89.01 86.68 95.93 375.83 95.75-9999.00-9999.00-9999.00 -9999.00-9999.00-9999.00-9999.00-9999.00-9999.00-9999.00-9999.00-9999.00-9999.00-9999.00-9999.00-9999.00-9999.00 90.07 88.99 131.61 94.01
91.59 204.50 83.79 192.46 91.11 371.28 86.97 225.69 383.32 83.63 382.61 84.13 380.87 178.70 82.06 99.07 92.60 83.06 83.06 383.43 98.72 88.28 0.00 137.23 92.61 93.55 84.51 93.38 82.14 381.43 82.70 157.72 90.10 99.07 90.90 91.37 85.86 81.53 379.22 126.97 82.93 90.23 92.89 125.69 142.29 89.43 81.53 325.32 83.79 83.33 82.30 0.00 376.21 89.40 133.15 125.96 127.02 83.47 189.78 123.52 128.30
0.00 0.00 0.00 0.00 150.15 163.81 81.80 92.46 101.89 83.79 94.51 81.65 378.44 0.00 376.75 0.00 101.71 100.01 218.65 120.82 106.03 378.30 83.79 262.46 355.11 93.75-9999.00-9999.00-9999.00-9999.00-9999.00-9999.00 -9999.00-9999.00-9999.00-9999.00-9999.00-9999.00-9999.00-9999.00-9999.00-9999.00-9999.00-9999.00 102.22 102.65 86.63 93.93 92.05 81.26 123.33 0.00 80.66 81.42 80.96 0.00 80.60 81.78 342.43 90.69 83.10 383.58 378.10 199.99 82.63-9999.00-9999.00-9999.00 86.63 89.65 296.88 94.39 86.01 158.52 389.71 102.55 95.42 153.69 124.20 377.47 377.29
90.07 84.46 92.38 90.69 82.78 89.56 102.22 90.58 100.81 380.76 87.29 329.31 381.46 90.58 379.78 85.45 171.54 81.78 379.50 81.78 335.37 132.85 0.00 379.30 86.97 102.24 170.29 103.49 167.28 134.70 304.49 97.71 81.65 307.24 0.00 83.19 100.49 140.87 0.00 379.78 122.09 84.92 83.06 376.97 85.61 89.01 122.19 377.60 379.26 100.01 0.00 81.86 96.77 92.46 158.14 133.83 81.75 125.88 0.00 376.86 286.01
94.16 90.58 89.21 375.54 321.83 85.73 88.01 170.56 88.39 0.00 374.53 142.76 83.33 95.67 139.26 81.41 376.66 376.19 81.86 83.19 380.08 0.00 81.74 81.32 375.30 0.00 120.07 93.16 93.05 168.32 92.46 81.56 378.08 127.05 83.47 243.93 136.13 0.00 122.20 84.92 82.06 122.86 0.00 82.39 93.38 95.93 323.91 83.33 94.73 84.13 86.97 149.53 226.08 385.40 250.48 170.47 88.28 94.73 91.27 89.40 91.59
85.19 90.81 86.01 91.32 147.15 331.81 91.59 86.95 0.00 119.75 139.99 84.46 86.01 384.83 84.24 96.61 82.49 127.05 382.68 161.22 138.57 81.99 213.91 0.00 0.00 128.70 81.37 81.74 81.53 168.43 379.37 82.22 81.56 121.22 371.48 376.41 88.63 0.00 81.46 94.11 81.99 0.00 283.63 81.69 83.19 376.52 149.50 83.33 87.93 156.94 293.53 379.00 225.75 0.00 385.90 379.30 378.48 383.89 147.18 93.75 84.13
376.28 379.04 81.88 91.74 82.11 0.00 94.01 82.93 381.71 382.06 203.04 82.36 92.38 103.61 86.01 81.13 171.49 84.13 126.64 92.60 96.20 89.40 121.89 0.00 382.20 82.39 93.92 151.90 93.38 91.08 90.36 82.22 121.55 170.13 234.47 0.00 81.74 87.28 0.00 195.72 122.01 83.47 85.61 95.03 97.39 94.95 141.45 81.56 125.96 226.56 376.62 0.00 81.60 125.41 91.08 91.48 90.73 93.16 208.17 92.74 89.38
88.60 88.79 84.92 379.59 379.97 0.00 377.42 376.09 380.24 375.51 82.14 89.40 343.79 81.65 272.70 83.33 214.28 84.32 0.00 359.75 82.81 185.09 91.82 378.85 82.14 95.67 83.79 145.95 354.50 377.94 83.06 126.57 91.48 84.32 127.49 0.00 82.30 86.12 210.73 81.60 98.04 376.48 129.43 83.96 289.64 102.55 0.00 121.96 81.80 94.11 81.86 130.41 0.00 142.72 96.20 81.53 84.13 268.79 0.00 95.75 92.19
94.31 127.36 82.30 146.38 188.56 99.43 84.32 127.93 0.00 140.06 127.85 92.89 93.92 215.72 143.51 0.00 338.55 125.96 86.12 253.07 90.29 91.37 81.69 252.66 377.97 380.57 189.49 84.92 147.80 0.00 0.00 0.00 362.17 274.03 82.93 184.96 81.92 144.31 376.93 0.00 391.64 387.45 151.14 88.81 259.46 125.38 81.80 90.81 90.65 132.56 373.28 258.73 83.33 371.08 374.21 376.51 83.79-9999.00-9999.00-9999.00-9999.00-9999.00-9999.00-9999.00-9999.00 -9999.00-9999.00-9999.00-9999.00-9999.00-9999.00-9999.00-9999.00-9999.00-9999.00 92.55 95.99 80.56
376.70 379.21 386.57 118.41 97.71 93.16 384.02 0.00 115.08 0.00 375.32 218.18 381.06 189.04 0.00 0.00 324.76 85.86 85.37 0.00 134.96 81.99 90.57 101.19 84.32 98.38 92.19 85.61 95.18-9999.00-9999.00-9999.00-9999.00-9999.00-9999.00-9999.00-9999.00-9999.00 -9999.00-9999.00-9999.00-9999.00-9999.00-9999.00-9999.00-9999.00-9999.00-9999.00 80.82 164.61 0.00 322.16 80.64 210.21 85.73 82.23 373.01 0.00 140.98 81.68 81.07 160.03 223.96 0.00 374.55 246.30 181.94 137.18 88.39 84.03 382.12 134.46 86.01 100.23 107.34 87.64 81.26 375.89 82.63
0.00 80.63 89.10 86.01 0.00 82.36 92.38 84.70 81.78 81.50 178.20 0.00 0.00 81.26 282.16 83.10 97.61 86.95 386.55 375.97 378.62 82.36 81.34 84.46 380.36 80.68 89.80 81.99 0.00 121.40 84.24 95.99 88.75 194.11 93.93 91.74 378.26 81.42 378.45 80.70 157.53 256.35 86.95 0.00 81.19 93.71 92.05 82.23 152.48 95.15 199.96 82.30 136.84 410.29 83.19 0.00 379.76 213.40 130.39 92.09 83.40
81.59 119.43 0.00 132.26 81.42 93.50 99.46 80.66 84.46 282.44 378.78 81.59 308.45 0.00 90.66 369.84 95.93 378.32 95.49 100.43 376.35 207.22 0.00 84.32 91.27 82.06 382.25 90.22 303.71 86.12 89.80 378.15 83.06 81.43 0.00 135.13 289.40 0.00 369.67 87.60 88.28 87.28 376.27 87.93 90.05 82.81 383.77 89.40 95.93 104.69 121.15 384.71 113.80 107.66 100.88 387.93 244.31 376.23 377.70 370.66 0.00
84.13 369.26 88.28 392.01 93.16 124.60 83.63 84.13 360.12 377.58 0.00 375.62 183.27 0.00 0.00 0.00 85.73 106.84 101.50 0.00 370.91 101.71 0.00 378.11 379.84 82.70 97.71 142.40 85.86 345.78 91.59-9999.00-9999.00-9999.00-9999.00-9999.00-9999.00-9999.00-9999.00-9999.00-9999.00-9999.00-9999.00-9999.00-9999.00 -9999.00-9999.00-9999.00-9999.00-9999.00-9999.00-9999.00-9999.00-9999.00-9999.00-9999.00 89.21 201.68 97.27 85.73 92.16 377.72 82.36 380.55 80.58 156.50 374.43 0.00 174.32 176.01 121.12 89.56 90.07 89.56 81.50 85.19 149.20 0.00 0.00 85.19 81.42 219.51 90.16 80.75 0.00
80.75 168.06 82.63 88.60 84.24 0.00 167.08 115.10 140.78 301.47 81.59 80.75 168.31 82.11 85.73 80.61 0.00 229.10 80.63 92.55 184.31 90.47 95.70 82.63 202.71 89.98 320.58 137.54 376.74 81.78 265.43 95.75 0.00 427.58 393.07 395.78 386.93 385.08 118.50 377.57 373.30 86.68 93.92 84.32 85.37 105.81 93.75 419.54 399.71 379.43 369.97 91.59 377.37 81.99 90.22 81.41 82.81 90.36 90.05 81.74 81.80
140.64 378.24 377.03 127.76 87.93 99.43-9999.00-9999.00-9999.00-9999.00-9999.00-9999.00-9999.00-9999.00-9999.00-9999.00-9999.00-9999.00-9999.00-9999.00-9999.00-9999.00-9999.00-9999.00 -9999.00-9999.00-9999.00-9999.00-9999.00-9999.00-9999.00-9999.00-9999.00-9999.00-9999.00-9999.00-9999.00-9999.00-9999.00-9999.00-9999.00 90.11 384.99 376.89 371.31 83.82 81.19 82.23 84.46 0.00 212.30 86.95 90.69 84.94 89.72 219.96 271.78 81.19 378.14 367.22 0.00 0.00 0.00 133.98 84.24 89.28 84.24 86.95 0.00 162.40 81.34 159.02 126.89 80.96 90.47 85.19 142.04 302.44 376.69 378.18 0.00 367.91 126.53 176.56 91.08 87.64 83.10 209.68 367.47 377.65 376.36 0.00 0.00 378.13 376.57
144.15 376.83 0.00 140.20 94.37 115.97 312.09 93.16 385.02 380.05 380.98 82.59 81.44 89.24 89.84 89.38 89.67 89.51 99.07-9999.00-9999.00-9999.00-9999.00-9999.00-9999.00-9999.00-9999.00-9999.00-9999.00-9999.00-9999.00-9999.00-9999.00-9999.00-9999.00-9999.00-9999.00-9999.00 -9999.00-9999.00-9999.00-9999.00-9999.00-9999.00-9999.00-9999.00-9999.00-9999.00-9999.00-9999.00-9999.00-9999.00-9999.00-9999.00-9999.00-9999.00 94.01 89.21 97.61 99.46 88.79 81.88 0.00 154.16 86.01 86.01 100.23 89.10 157.69 175.03 154.48 82.49 83.63 132.69 88.44 80.57 0.00 102.73 214.69 199.16 128.33 87.29 99.28 83.10 136.26 383.23 380.25 85.19 94.16 95.42 80.63 98.33 90.07 127.69 376.45 376.78 0.00
249.90 0.00 380.47 123.93 81.99 90.36 90.90 338.01 143.67 121.13 82.14 92.89 91.82 85.86-9999.00-9999.00-9999.00-9999.00-9999.00-9999.00-9999.00-9999.00-9999.00-9999.00-9999.00-9999.00-9999.00-9999.00-9999.00-9999.00-9999.00-9999.00-9999.00-9999.00-9999.00 -9999.00-9999.00-9999.00-9999.00-9999.00-9999.00-9999.00-9999.00-9999.00-9999.00-9999.00-9999.00-9999.00-9999.00-9999.00-9999.00-9999.00-9999.00-9999.00 89.65 140.86 381.33 418.65 344.35 160.38 97.97 365.03 98.70 359.44 119.75 88.67 82.63 119.45 368.72 379.58 0.00 251.18 81.88 88.47 92.91 84.03 126.84 0.00 133.18 82.11 81.68 226.68 137.82 240.16 166.83 99.85 378.56 82.11 83.82 375.36 148.52 102.73 376.84 139.81 0.00 356.93 82.49 81.86 93.30 115.62
381.54 380.48 373.16 81.53 215.71 86.97-9999.00-9999.00-9999.00-9999.00-9999.00-9999.00-9999.00-9999.00-9999.00-9999.00-9999.00-9999.00-9999.00-9999.00-9999.00-9999.00-9999.00 -9999.00-9999.00-9999.00-9999.00-9999.00-9999.00-9999.00-9999.00-9999.00-9999.00-9999.00-9999.00-9999.00-9999.00-9999.00-9999.00-9999.00-9999.00-9999.00-9999.00-9999.00-9999.00-9999.00-9999.00-9999.00 91.08 299.89 83.82 291.59 85.19 87.29 384.60 133.05 142.97 167.35 81.50 139.53 0.00 0.00 0.00 0.00 0.00 350.72 93.36 81.34 94.71 379.11 0.00 0.00 376.89 310.95 363.72 363.57 274.62 310.03 378.81 314.91 100.81 351.78 129.12 87.03 102.47 92.36 87.29 89.21 377.38 131.50 84.03 216.38 377.14 408.90 88.79 363.75 86.95 86.32 0.00 376.85 183.29 384.04
0.00 0.00 379.43 139.58 160.14 167.49 101.41 323.66 380.23 92.16 378.59 92.74 105.29 103.61 99.46 101.75 0.00 0.00 150.99 0.00 293.98 375.48 102.75 94.81 141.62 106.27 377.27 385.69 100.81 180.54 95.42 87.64 348.57 115.10 84.03 86.01 205.49 166.22 377.05 0.00 183.29 376.99 309.18 224.46 290.20 193.11 358.36 376.12 379.36 239.87 89.80 86.97 367.03 82.14 84.71 91.59 378.62 370.77 81.80 90.50 175.71
105.52 321.97 377.49 380.12 385.61 124.34 290.19 345.50 96.26 117.37 147.41 99.88 354.61 0.00 183.29 375.72 376.81 375.36 84.94 100.81 248.63 95.46 99.85 277.26 96.26 86.95 136.60 343.36 378.10 149.20 0.00 376.38 248.54 375.97 357.26 243.87 360.52 388.34 243.93 385.66 117.99 121.99 94.01 0.00 106.37 84.71 98.04 94.31 92.09 198.36 84.13 100.88 348.24 373.29 82.81 91.70 377.35 90.10 82.81 0.00 0.00
264.89 358.11 107.26 183.74 103.85 376.63 375.46 269.67 216.02 0.00 382.23 85.73 84.24 97.11 378.57 252.39 373.21 167.05 186.03 109.96 381.00 376.34 228.95 211.87 0.00 375.69 224.46 375.58 320.52 0.00 0.00 269.69 0.00 392.53 377.02 238.14 127.98 147.41 82.93 90.66 263.16 87.28 112.11 289.81 382.81 89.80 262.66 0.00 376.69 173.34 88.28 180.11 138.46 375.33 126.96 81.32 144.14 377.74 82.49 95.42 97.07
82.39 159.59 380.82 0.00 87.28 95.18 163.26 92.61 90.42 88.63 125.70 121.99 383.85 371.57 377.15 335.04 272.36 83.96 255.66 136.80 296.03 94.31 124.01 81.69 372.82 85.37-9999.00-9999.00-9999.00-9999.00-9999.00-9999.00-9999.00-9999.00-9999.00-9999.00-9999.00-9999.00-9999.00-9999.00-9999.00-9999.00-9999.00-9999.00-9999.00-9999.00-9999.00-9999.00 -9999.00-9999.00-9999.00-9999.00-9999.00-9999.00-9999.00-9999.00-9999.00-9999.00-9999.00-9999.00-9999.00-9999.00-9999.00-9999.00-9999.00-9999.00-9999.00-9999.00-9999.00-9999.00-9999.00-9999.00-9999.00-9999.00-9999.00-9999.00-9999.00 91.08 89.65 184.80 377.78 375.87 82.36 378.69 380.05 183.29 350.90 375.86 383.26 0.00 329.05 378.71 375.56 130.59 214.52 334.94 0.00 224.46 309.59 129.48 377.27 111.35 98.00 93.16 106.57 101.41 95.15 99.74 102.33 111.35 89.65
375.40 297.79 354.13 255.83 336.31 375.12 0.00 231.41 0.00 325.04 319.50 376.86 319.50 0.00 377.08 365.98 255.83 338.75 375.43 198.54 378.22 382.60 378.85 131.44 143.69 98.49 382.56 111.62 375.49 146.96 98.23 187.22 128.27 81.83 83.95 83.24 90.71 89.43 91.08 84.51 81.56 120.47 121.20 81.49 177.96 92.32 344.00 97.05 98.38 375.33 375.47 117.40-9999.00-9999.00-9999.00-9999.00-9999.00-9999.00-9999.00-9999.00-9999.00-9999.00-9999.00-9999.00-9999.00-9999.00-9999.00-9999.00-9999.00-9999.00-9999.00-9999.00-9999.00 -9999.00-9999.00-9999.00-9999.00-9999.00-9999.00-9999.00-9999.00-9999.00-9999.00-9999.00-9999.00-9999.00-9999.00-9999.00-9999.00-9999.00-9999.00-9999.00-9999.00-9999.00-9999.00-9999.00-9999.00-9999.00-9999.00-9999.00-9999.00-9999.00-9999.00-9999.00 149.20 96.26 97.11 262.03 368.40 380.41 262.63 371.27
384.32 260.94 301.11 390.83 406.60 375.24 115.49 281.74 395.84 337.65 127.88 118.26 377.66 381.12 104.68 378.62 382.43 90.80 159.58 140.50 375.45 114.60 375.39 132.76 375.48 0.00 375.73 375.55 379.99 88.11 112.08 202.76 376.03 375.48 118.09 115.23 139.00 97.37 98.64 384.57 408.36 127.32 93.36 85.06 129.94 379.19 82.14 376.48 167.54 112.08 102.29 92.80 386.63 379.70 327.95 83.65 88.04 286.06 378.74 89.51 93.36
91.53 83.95 93.09 108.58 95.26 378.81 89.92 372.71 89.12 136.09 257.29 104.68 86.79 99.02 343.64 373.32 134.45 94.13 145.01 90.49 84.71 375.60 83.65 90.46-9999.00-9999.00-9999.00-9999.00-9999.00-9999.00-9999.00-9999.00-9999.00-9999.00-9999.00-9999.00-9999.00-9999.00-9999.00-9999.00-9999.00-9999.00-9999.00-9999.00 -9999.00-9999.00-9999.00-9999.00-9999.00-9999.00-9999.00-9999.00-9999.00-9999.00-9999.00-9999.00-9999.00-9999.00-9999.00-9999.00-9999.00-9999.00-9999.00-9999.00-9999.00-9999.00-9999.00-9999.00-9999.00-9999.00-9999.00-9999.00-9999.00-9999.00-9999.00-9999.00-9999.00-9999.00-9999.00-9999.00-9999.00-9999.00-9999.00-9999.00-9999.00-9999.00-9999.00-9999.00-9999.00-9999.00 375.29 375.12 0.00 297.79 375.91 319.99 311.42 375.25 255.83 0.00 375.02 297.80 375.41 297.79 375.02 375.01 378.15 375.03 0.00 255.83 297.79 377.52 297.79 376.29 378.30 377.76 377.74 380.42 260.94 301.11 378.75 0.00 0.00 375.22 375.21 375.58
87.74 121.81 101.31 103.17 113.55 376.34 320.36 88.90 92.64 161.45 92.80 103.56 0.00 87.39 221.30 92.80 99.40 379.00 87.08 176.26 81.92 94.95 144.26 384.59 98.49 383.25 367.18 389.00 229.29 101.46 380.85 104.53 133.01 85.49 377.73 246.13 87.29-9999.00-9999.00-9999.00-9999.00-9999.00-9999.00-9999.00-9999.00-9999.00-9999.00-9999.00-9999.00-9999.00-9999.00-9999.00-9999.00-9999.00-9999.00 -9999.00-9999.00-9999.00-9999.00-9999.00-9999.00-9999.00-9999.00-9999.00-9999.00-9999.00-9999.00-9999.00-9999.00-9999.00-9999.00-9999.00-9999.00-9999.00-9999.00-9999.00-9999.00-9999.00-9999.00-9999.00-9999.00-9999.00-9999.00-9999.00-9999.00-9999.00-9999.00-9999.00-9999.00-9999.00-9999.00-9999.00-9999.00-9999.00-9999.00-9999.00-9999.00-9999.00-9999.00-9999.00-9999.00-9999.00-9999.00-9999.00-9999.00-9999.00-9999.00 375.32 255.83 0.00 377.33 297.79 320.92 327.10 280.03 236.25 0.00 388.20 297.79 0.00 376.18 297.79 0.00 0.00 297.79 297.80 375.31 297.79 375.82 375.20
