蒙特卡罗+CDRMV3/输出数据/2D水深分布/WaterDepthGIS_0157.ASC
ncols         539            
nrows         744            
xllcorner     602630.84259341
yllcorner     3914823.670891 
cellsize      50             
NODATA_value  -9999.00       
[rows 0 to 26 of 32, columns 122 to 182 of 539]
79.14 380.75 132.74 74.40 158.90 84.30-9999.00-9999.00-9999.00-9999.00-9999.00-9999.00-9999.00-9999.00-9999.00-9999.00-9999.00-9999.00-9999.00-9999.00 -9999.00-9999.00-9999.00-9999.00-9999.00-9999.00-9999.00-9999.00-9999.00-9999.00-9999.00-9999.00-9999.00-9999.00-9999.00-9999.00-9999.00-9999.00-9999.00-9999.00-9999.00-9999.00-9999.00-9999.00-9999.00-9999.00-9999.00-9999.00-9999.00-9999.00-9999.00-9999.00-9999.00-9999.00-9999.00-9999.00-9999.00-9999.00-9999.00-9999.00-9999.00-9999.00-9999.00-9999.00-9999.00-9999.00-9999.00-9999.00-9999.00-9999.00-9999.00-9999.00-9999.00-9999.00-9999.00-9999.00-9999.00-9999.00-9999.00-9999.00-9999.00-9999.00-9999.00-9999.00-9999.00-9999.00-9999.00-9999.00-9999.00-9999.00-9999.00-9999.00-9999.00-9999.00-9999.00-9999.00-9999.00-9999.00-9999.00-9999.00-9999.00-9999.00-9999.00-9999.00-9999.00-9999.00-9999.00-9999.00-9999.00-9999.00-9999.00-9999.00-9999.00-9999.00-9999.00-9999.00-9999.00-9999.00-9999.00-9999.00-9999.00-9999.00-9999.00-9999.00-9999.00-9999.00-9999.00-9999.00-9999.00-9999.00-9999.00-9999.00-9999.00-9999.00-9999.00-9999.00 73.57 168.71 74.79 126.95 73.40 372.46 386.20 73.41 184.43 0.00 130.92 74.23 352.35 74.23 75.87-9999.00-9999.00-9999.00-9999.00-9999.00-9999.00-9999.00-9999.00-9999.00-9999.00-9999.00-9999.00-9999.00-9999.00 -9999.00-9999.00-9999.00-9999.00-9999.00-9999.00-9999.00-9999.00-9999.00-9999.00-9999.00-9999.00 87.21 78.03 90.17 90.62 78.72 88.08-9999.00-9999.00-9999.00-9999.00-9999.00-9999.00-9999.00-9999.00-9999.00-9999.00-9999.00-9999.00-9999.00-9999.00-9999.00-9999.00-9999.00-9999.00-9999.00-9999.00-9999.00-9999.00-9999.00-9999.00-9999.00-9999.00-9999.00-9999.00-9999.00-9999.00-9999.00-9999.00-9999.00-9999.00-9999.00-9999.00-9999.00-9999.00-9999.00-9999.00-9999.00-9999.00-9999.00-9999.00-9999.00-9999.00-9999.00-9999.00-9999.00-9999.00-9999.00-9999.00-9999.00-9999.00-9999.00-9999.00-9999.00-9999.00-9999.00-9999.00-9999.00-9999.00-9999.00-9999.00-9999.00-9999.00-9999.00-9999.00-9999.00-9999.00-9999.00-9999.00-9999.00-9999.00-9999.00-9999.00-9999.00-9999.00-9999.00-9999.00-9999.00-9999.00-9999.00-9999.00-9999.00-9999.00-9999.00-9999.00-9999.00-9999.00-9999.00-9999.00-9999.00-9999.00-9999.00-9999.00-9999.00 74.08 111.20 152.55 376.01 74.90 287.78 384.51 79.82 80.80 74.23 0.00 77.47 328.11 75.41 81.21 132.97 82.18-9999.00-9999.00-9999.00-9999.00-9999.00-9999.00-9999.00-9999.00-9999.00-9999.00-9999.00-9999.00-9999.00 -9999.00-9999.00-9999.00-9999.00-9999.00-9999.00-9999.00-9999.00-9999.00-9999.00-9999.00 78.03 141.13 179.66 91.46 180.55 296.03 76.06-9999.00-9999.00-9999.00-9999.00-9999.00-9999.00-9999.00-9999.00-9999.00-9999.00-9999.00-9999.00-9999.00-9999.00-9999.00-9999.00-9999.00-9999.00-9999.00-9999.00-9999.00-9999.00-9999.00-9999.00-9999.00-9999.00-9999.00-9999.00-9999.00-9999.00-9999.00-9999.00-9999.00-9999.00-9999.00-9999.00-9999.00-9999.00-9999.00-9999.00-9999.00-9999.00-9999.00-9999.00-9999.00-9999.00-9999.00-9999.00-9999.00-9999.00-9999.00-9999.00-9999.00-9999.00-9999.00-9999.00-9999.00-9999.00-9999.00-9999.00-9999.00-9999.00-9999.00-9999.00-9999.00-9999.00-9999.00-9999.00-9999.00-9999.00-9999.00-9999.00-9999.00-9999.00-9999.00-9999.00-9999.00-9999.00-9999.00-9999.00-9999.00-9999.00-9999.00-9999.00-9999.00-9999.00-9999.00-9999.00-9999.00-9999.00-9999.00-9999.00-9999.00-9999.00-9999.00-9999.00-9999.00 81.33 81.95 85.07 74.68 378.82 384.54 78.83
113.26 83.24 218.69 74.49 81.63 84.43 82.02 74.79 86.79 85.98 74.08 86.66 128.00 77.97 81.37 0.00 172.86 74.01 76.59 237.75 378.95 384.04 381.98 74.79 73.73 203.72 120.32 84.30-9999.00-9999.00 -9999.00-9999.00-9999.00-9999.00-9999.00-9999.00-9999.00-9999.00-9999.00-9999.00-9999.00-9999.00-9999.00-9999.00-9999.00 72.71 124.36 348.07 73.41 72.14 0.00 86.67 89.41 134.12 82.22-9999.00-9999.00-9999.00-9999.00-9999.00-9999.00-9999.00-9999.00-9999.00-9999.00-9999.00-9999.00-9999.00-9999.00-9999.00-9999.00-9999.00-9999.00-9999.00-9999.00-9999.00-9999.00-9999.00-9999.00-9999.00-9999.00-9999.00-9999.00-9999.00-9999.00-9999.00-9999.00-9999.00-9999.00-9999.00-9999.00-9999.00-9999.00-9999.00-9999.00-9999.00 80.96 96.56-9999.00-9999.00-9999.00-9999.00-9999.00-9999.00 84.14 83.24 117.96 83.47 80.56 380.54 77.23 84.91 328.49 171.29-9999.00-9999.00-9999.00-9999.00-9999.00-9999.00-9999.00-9999.00 74.58 114.94 137.80 384.80 284.79 84.28 369.29 84.91 77.97 377.98
73.64 175.37 134.29 372.35 0.00 133.47 117.21 73.64 72.64 399.63 234.13 86.42 170.17 93.44 91.46 97.53-9999.00-9999.00-9999.00-9999.00-9999.00-9999.00-9999.00-9999.00-9999.00-9999.00-9999.00-9999.00-9999.00-9999.00-9999.00-9999.00-9999.00-9999.00-9999.00-9999.00-9999.00-9999.00-9999.00-9999.00-9999.00-9999.00 77.23 98.87 85.44 96.56 79.47 86.79 87.23 204.56 88.19 377.95 82.52 376.93 84.14 81.75 87.70 87.23 75.02 132.81 377.75 86.79 76.04 0.00 0.00 363.54 77.47 76.79 117.86 381.05 76.79 82.52 78.83 84.43 82.52 74.40 165.11 74.79 81.75 73.64 379.45 116.99 82.70 80.18 74.49 75.41 74.68
131.12 172.63 0.00 0.00 288.26 76.21 77.47 81.82 92.20 81.88 77.23 0.00 149.35 0.00 149.35 378.69 179.70 81.37 87.44 417.89 377.93 376.67 82.27 90.24-9999.00-9999.00-9999.00-9999.00-9999.00-9999.00 -9999.00-9999.00-9999.00-9999.00-9999.00-9999.00-9999.00-9999.00-9999.00-9999.00-9999.00-9999.00 211.82 86.45 77.70 75.60 109.17 169.03 342.14 0.00 144.71 73.41 72.32 0.00 377.61 73.64 72.14 232.04 73.89 377.90 82.75 134.68 81.82-9999.00-9999.00-9999.00-9999.00 89.78 91.01 73.52 170.25 378.86 77.01 381.22 76.04 82.27 196.96 86.04 182.45 80.56 358.80 86.58
124.52 136.20 77.40 91.46 316.75 85.93 80.31 378.20 85.77 379.23 136.16 92.86 85.25 77.40 80.45 74.03 387.34 378.09 88.45 382.32 151.21 86.66 98.87 95.61 83.86 79.14 86.38 77.97 363.27 0.00 88.45 380.57 73.68 0.00 75.71 126.29 80.56 86.79 89.44 104.99 74.23 302.80 134.55 75.15 79.82 0.00 73.78 83.47 82.91 77.97 79.14 84.14 304.78 78.83 0.00 118.45 74.31 148.73 83.01 113.88 306.31
86.66 92.65 77.47 130.96 111.82 76.21 78.53 380.85 73.43 0.00 80.96 82.70 73.37 0.00 73.60 88.45 85.79 375.83 80.96 83.24 376.60 74.49 136.31 82.43 74.40 0.00 112.70 74.40 74.68 158.38 0.00 189.11 122.74 299.24 95.61 192.95 126.90 74.79 83.01 151.12 95.12 380.10 337.05 74.79 87.01 75.41 133.50 395.88 380.18 73.83 381.19 131.27 78.24 74.23 376.52 172.98 87.01 347.24 73.95 225.70 86.58
80.31 91.46 88.45 111.07 377.88 75.71 379.12 378.66 0.00 0.00 74.15 123.75 0.00 111.11 73.95 87.23 80.96 381.71 73.68 74.08 153.70 83.35 74.90 74.68 0.00 112.45 74.58 80.99 121.34 0.00 78.53 263.28 75.87 125.44 84.14 88.99 116.04 242.92 98.37 378.95 385.45 311.22 237.84 89.59 332.35 209.46 74.49 90.59 81.21 73.64 0.00 81.81 85.24 125.92 82.80 82.91 84.00 74.58 197.84 76.04 83.01
293.40 275.86 91.69 332.59 85.70 88.72 79.14 81.81 74.79 123.14 129.07 80.56 0.00 78.83 385.31 376.00 313.31 198.07 75.15 74.90 122.87 81.58 82.52 76.21 0.00 73.89 84.59 123.60 0.00 74.08 73.95 115.91 82.43 81.75 86.58 79.47 73.83 115.67 182.08 94.54 0.00 111.28 73.95 83.01 74.58 84.74 82.34 76.79 258.23 111.44 0.00 84.86 84.91 83.12 82.02 78.24 111.69 380.50 112.15 82.52 76.40
74.49 73.37 84.91 264.16 77.23 83.24 142.94 75.02 113.70 376.11 377.59 82.74 0.00 77.01 383.73 379.38 382.57 76.04 76.21 82.91 90.96 151.57 376.21 76.59 82.27 95.12 82.26 81.81 0.00 333.87 134.74 74.08 82.26 220.00 117.17 76.21 89.90 214.89 369.86 0.00 168.04 74.31 93.36 128.70 385.09 374.95 84.43 90.96 73.41 255.33 87.94 79.14 0.00 112.29 79.82 82.18 82.91 81.01 76.79 378.29 0.00
152.23 0.00 0.00 84.28 87.23 92.65 141.95 88.45 138.93 122.47 0.00 84.86 351.77 131.39 125.17 81.52 82.80 82.34 75.02 142.95 378.64 0.00 0.00 136.40 79.82 0.00 84.30 134.28 133.67 75.56 81.82 123.25 80.56 378.44 0.00 100.24 381.37 381.02 117.51 77.01 84.59 83.73 82.18 76.79 76.59 94.61 89.90 175.17 78.24 140.96 91.76-9999.00-9999.00-9999.00-9999.00-9999.00-9999.00-9999.00-9999.00 -9999.00-9999.00-9999.00-9999.00-9999.00-9999.00-9999.00-9999.00-9999.00-9999.00 80.03 113.03 114.56 0.00 377.52 72.86 76.30 82.07 83.04
0.00 375.53 76.55 0.00 387.91 381.50 313.73 0.00 375.68 369.52 242.86 85.55 85.24 81.81 386.50 75.71 76.79 75.02 74.90 87.70 88.45 354.23 134.16 82.74-9999.00-9999.00-9999.00-9999.00-9999.00-9999.00-9999.00-9999.00 -9999.00-9999.00-9999.00-9999.00-9999.00-9999.00-9999.00-9999.00-9999.00-9999.00 83.52 122.83 111.33 0.00 187.63 83.69 90.86 79.54 72.17 82.75 392.83 72.24 80.67 81.00 72.30 0.00 142.03 72.78 90.58 78.03 126.56 72.52 180.76 380.20 204.81 115.49 77.10 73.21 215.03 382.50 85.93 81.71 387.52 73.76 85.47 83.31
0.00 76.30 86.67 79.48 127.79 120.76 75.00 0.00 279.45 261.88 111.99 82.75 86.17 378.90 87.49 128.42 341.56 76.55 84.24 376.59 81.09 72.52 162.63 0.00 82.74 88.71 83.04 79.84 72.00 81.49 84.83 376.00 79.80 266.59 79.32 81.00 71.98 311.51 0.00 152.62 124.93 72.10 79.62 78.72 298.00 76.04 143.81 375.30 375.12 73.60 143.65 0.00 129.29 74.08 83.73 85.42 74.90 136.97 0.00 118.03 82.27
0.00 119.23 74.82 175.05 89.64 72.02 139.51 323.58 378.61 151.68 85.04 77.47 0.00 379.94 77.97 397.68 75.87 102.22 83.76 126.84 0.00 138.76 76.40 74.79 381.13 80.18 78.83 166.06 88.19 375.95 87.46 73.37 386.64 96.77 75.15 85.44 0.00 376.42 326.01 80.56 78.24 376.44 73.40 83.12 75.41 380.06 76.59 318.50 376.95 384.36 86.66 92.23 165.75 382.22 233.86 376.37 257.18 257.18 0.00 375.42 376.06
84.86 76.21 81.37 269.05 0.00 0.00 260.09 376.71 378.93 257.25 0.00 0.00 0.00 102.16 170.43 214.11 0.00 0.00 0.00 78.46 0.00 0.00 380.87 92.65 76.40 344.71 377.02 112.32 74.40 75.56 86.79-9999.00-9999.00-9999.00-9999.00-9999.00-9999.00-9999.00-9999.00-9999.00-9999.00-9999.00-9999.00-9999.00-9999.00 -9999.00-9999.00-9999.00-9999.00-9999.00-9999.00-9999.00-9999.00-9999.00-9999.00 88.75 166.89 206.21 83.20 153.27 142.35 358.00 82.60 83.20 324.63 374.55 0.00 77.70 72.03 72.36 80.82 81.82 81.71 187.68 75.82 116.15 0.00 299.18 0.00 130.66 111.75 110.65 80.45 73.11
0.00 111.57 72.46 86.63 0.00 145.83 110.54 81.19 79.80 76.55 0.00 72.94 176.26 74.03 86.17 143.40 82.07 79.76 72.78 81.39 72.27 0.00 0.00 114.03 72.27 308.44 122.04 80.52 86.67 75.39 359.59 82.89 123.99 342.12 140.42 114.75 73.95 379.37 0.00 376.76 376.05 369.25 83.24 98.81 84.74 85.00 74.68 77.01 335.97 293.31 81.63 381.38 113.44 75.87 75.41 167.28 82.34 116.12 76.21 368.00 200.70
232.36 204.12 0.00 130.47 72.67 75.35 83.12 384.56 377.18 376.49 73.57 84.28 73.43 114.42 83.24 84.28 75.15-9999.00-9999.00-9999.00-9999.00-9999.00-9999.00-9999.00-9999.00-9999.00-9999.00-9999.00-9999.00-9999.00-9999.00-9999.00-9999.00 -9999.00-9999.00-9999.00-9999.00-9999.00-9999.00-9999.00-9999.00-9999.00-9999.00-9999.00-9999.00-9999.00-9999.00-9999.00-9999.00-9999.00 97.57 85.11 78.72 76.06 83.20 73.89 72.09 117.09 0.00 72.36 84.05 73.76 212.07 72.05 162.94 379.14 72.36 386.98 0.00 113.30 74.82 72.94 0.00 79.48 80.20 72.58 164.94 376.24 0.00 382.37 381.54 377.85 305.90 158.83 74.17 79.43 112.14 167.00 364.69 0.00 79.09 81.09 81.71
90.96 379.09 75.87 132.04 82.91 75.02 74.23 381.41 76.40 82.02 75.28 73.35 111.34 0.00 117.58 85.44 88.19 95.12 219.77 78.79 87.67 76.40 88.19 168.27 115.71 74.40 86.79 282.96 157.44 122.94 86.66-9999.00-9999.00-9999.00-9999.00-9999.00-9999.00-9999.00-9999.00-9999.00-9999.00-9999.00-9999.00-9999.00-9999.00-9999.00-9999.00-9999.00-9999.00-9999.00 -9999.00-9999.00-9999.00-9999.00-9999.00-9999.00-9999.00-9999.00-9999.00-9999.00-9999.00-9999.00-9999.00-9999.00-9999.00-9999.00-9999.00 76.82 257.47 135.96 77.70 170.82 360.63 73.11 0.00 137.55 75.82 83.89 86.94 85.25 83.87 74.03 75.82 83.20 87.78 75.39 109.19 147.11 0.00 92.86 378.91 72.20 84.83 75.60 92.43 85.04
177.41 75.56 115.48 162.24 81.33 81.75 74.31 84.14 81.42 74.58 73.41 114.63 166.77 382.40 404.68 379.94 0.00 0.00 83.24 377.15 376.39 376.73 231.48 138.54 111.00 73.78 77.47 136.21 83.47 88.19-9999.00-9999.00-9999.00-9999.00-9999.00-9999.00-9999.00-9999.00-9999.00-9999.00-9999.00-9999.00-9999.00-9999.00-9999.00-9999.00-9999.00-9999.00-9999.00-9999.00-9999.00 -9999.00-9999.00-9999.00-9999.00-9999.00-9999.00-9999.00-9999.00-9999.00-9999.00-9999.00-9999.00-9999.00-9999.00-9999.00-9999.00-9999.00-9999.00-9999.00 89.64 376.93 139.10 85.77 382.37 81.71 87.78 144.03 89.05 353.95 74.48 78.36 198.30 248.40 121.27 111.25 377.18 0.00 150.64 109.79 84.49 75.39 114.71 0.00 297.23 115.56 73.02 72.27 74.03 111.94
376.71 83.73 74.49 364.33 0.00 0.00 0.00 0.00 78.24 76.21 94.20 0.00 0.00 0.00 80.56 74.40 115.26 376.83 73.38 73.40 122.34 235.51 73.64 84.74-9999.00-9999.00-9999.00-9999.00-9999.00-9999.00-9999.00-9999.00-9999.00-9999.00-9999.00-9999.00-9999.00-9999.00-9999.00-9999.00-9999.00 -9999.00-9999.00-9999.00-9999.00-9999.00-9999.00-9999.00-9999.00-9999.00-9999.00-9999.00-9999.00-9999.00-9999.00-9999.00-9999.00-9999.00-9999.00-9999.00-9999.00-9999.00-9999.00-9999.00-9999.00-9999.00 173.05 265.26 377.76 375.56 379.70 389.25 379.79 0.00 0.00 0.00 0.00 0.00 363.73 76.06 77.10 159.77 86.45 0.00 0.00 0.00 0.00 0.00 328.38 103.53 0.00 0.00 377.03 279.97 365.93 378.95 268.96 376.05 87.93 88.89 82.20 88.68
381.46 112.23 74.79-9999.00-9999.00-9999.00-9999.00-9999.00-9999.00-9999.00-9999.00-9999.00-9999.00-9999.00-9999.00-9999.00-9999.00-9999.00-9999.00-9999.00-9999.00 -9999.00-9999.00-9999.00-9999.00-9999.00-9999.00-9999.00-9999.00-9999.00-9999.00-9999.00-9999.00-9999.00-9999.00-9999.00-9999.00-9999.00-9999.00-9999.00-9999.00-9999.00-9999.00-9999.00-9999.00 101.57 83.69 81.60 74.32 379.94 78.72 81.49 79.65 80.92 121.32 110.21 111.31 89.41 78.72 76.06 78.72 0.00 379.23 351.74 149.20 86.45 92.93 87.17 287.44 377.83 381.52 201.18 82.22 285.39 86.45 366.82 167.05 0.00 265.82 97.91 269.02 182.28 79.89 80.76 77.10 308.53 82.22 383.17 377.82 80.31 87.17 228.14 377.79 380.20 82.22 91.46 77.40 299.30 0.00 0.00 0.00 0.00
0.00 79.89 81.19 73.89 113.71 355.04 0.00 379.20 96.37 145.69 73.70 110.94 85.31 371.49 130.03 86.67 76.06 89.64 320.67 96.37 418.11 316.95 108.71 94.05 75.82 307.51 377.44 0.00 0.00 106.44 87.54 82.22 82.22 88.08 102.90 114.69 375.73 190.26 83.31 107.61 76.55 123.82 312.89 378.35 378.60 240.41 0.00 240.41 375.79 248.78 264.15 371.42 385.00 375.55 227.24 383.51 181.72 87.93 83.31 0.00 374.30
377.53 0.00 376.65 383.63 299.05 377.26 375.53 108.57 160.74 107.91 81.23 359.05 83.31 338.12 215.08 85.01 115.68 403.13 160.58 336.89 98.88 84.49 388.52 404.46 0.00 0.00 358.50 325.01 384.82 100.75 91.01 264.71 82.22 226.67 77.10 76.82 377.24 213.13 345.95 130.03 0.00 378.39 0.00 375.20 371.49 376.63 290.20 375.54 0.00 214.18 377.29 238.43 83.78 109.35 89.24 74.32 76.21 90.24 88.72 93.61 87.01
0.00 376.76 0.00 304.34 375.52 375.62 380.83 326.77 326.79 376.81 0.00 376.24 0.00 375.29 380.18 96.66 107.50 375.88 93.25 318.63 89.64 76.48 349.69 126.25 79.48 74.90 112.03 363.41 260.93 0.00 377.53 236.27 93.35 135.74 82.80 112.52 140.79 385.14 111.57 375.73 325.46 131.15 129.87 75.71 225.13 248.34 316.69 74.08 135.12 377.58 74.68 156.90-9999.00-9999.00-9999.00-9999.00-9999.00-9999.00-9999.00-9999.00-9999.00-9999.00-9999.00-9999.00-9999.00-9999.00-9999.00-9999.00-9999.00-9999.00-9999.00-9999.00-9999.00-9999.00 -9999.00-9999.00-9999.00-9999.00-9999.00-9999.00-9999.00-9999.00-9999.00-9999.00-9999.00-9999.00-9999.00-9999.00-9999.00-9999.00-9999.00-9999.00-9999.00-9999.00-9999.00-9999.00-9999.00-9999.00-9999.00-9999.00-9999.00-9999.00 87.93 128.02 95.51 91.46 86.45 74.82 376.53 84.49
376.82 375.74 119.16 347.60 0.00 164.09 95.19 234.58 308.45 323.89 378.11 379.95 248.59 97.53 86.45 375.34 319.07 252.50 376.95 379.84 381.31 0.00 0.00 0.00 0.00 0.00 376.70 186.98 295.09 112.91 186.98 336.11 0.00 295.09 375.41 0.00 377.55 375.18 295.09 377.11 295.09 0.00 0.00 0.00 0.00 0.00 0.00 0.00 377.12 162.04 93.64 88.60 376.72 390.85 378.95 79.77 89.72 345.09 109.90 73.32 76.10
380.46 81.37 93.36 383.04 86.22-9999.00-9999.00-9999.00-9999.00-9999.00-9999.00-9999.00-9999.00-9999.00-9999.00-9999.00-9999.00-9999.00-9999.00-9999.00-9999.00-9999.00-9999.00-9999.00-9999.00-9999.00 -9999.00-9999.00-9999.00-9999.00-9999.00-9999.00-9999.00-9999.00-9999.00-9999.00-9999.00-9999.00-9999.00-9999.00-9999.00-9999.00-9999.00-9999.00-9999.00-9999.00-9999.00-9999.00-9999.00-9999.00-9999.00-9999.00-9999.00-9999.00-9999.00-9999.00-9999.00-9999.00-9999.00 348.38 377.53 379.14 157.93 385.61 382.80 376.37 377.26 270.49 295.09 295.09 295.09 270.49 270.49 0.00 375.23 375.14 378.51 375.38 377.71 379.45 378.78 378.47 379.00 393.31 83.30 80.83 379.08 384.87 250.52 397.33 388.39 394.55 358.23 90.43 95.58 97.09 83.30 376.40 376.53 375.48 376.36 260.88 91.33 90.33 377.35 87.88 375.88 382.26 0.00 376.00 375.16 294.84 82.10 106.81
295.09 295.09 392.49 295.09 375.13 223.96 0.00 375.90 275.63 379.07 240.80 377.62 378.98 162.04 359.94 320.58 391.11 388.44 381.08 255.51 275.63 381.69 377.92 377.26 0.00 378.89 375.67 375.66 0.00 0.00 0.00 0.00 0.00 375.60 348.24 278.83 361.81 117.49 79.99 142.03 0.00 207.70 111.15 80.84 218.41 72.77 90.10 95.38 87.82 232.81 79.23 382.64 375.53 76.10 79.23 95.38 90.87 143.77 75.14 84.26 90.10
380.05 79.71 85.39 379.92 80.23-9999.00-9999.00-9999.00-9999.00-9999.00-9999.00-9999.00-9999.00-9999.00-9999.00-9999.00-9999.00-9999.00-9999.00-9999.00-9999.00-9999.00-9999.00 -9999.00-9999.00-9999.00-9999.00-9999.00-9999.00-9999.00-9999.00-9999.00-9999.00-9999.00-9999.00-9999.00-9999.00-9999.00-9999.00-9999.00-9999.00-9999.00-9999.00-9999.00-9999.00-9999.00-9999.00-9999.00-9999.00-9999.00-9999.00-9999.00-9999.00-9999.00-9999.00-9999.00-9999.00-9999.00-9999.00-9999.00-9999.00-9999.00-9999.00-9999.00-9999.00-9999.00-9999.00-9999.00-9999.00-9999.00-9999.00-9999.00-9999.00-9999.00 295.09 0.00 250.52 295.09 375.62 375.08 0.00 0.00 0.00 378.48 228.60 317.29 364.70 0.00 314.14 375.12 0.00 295.09 295.09 0.00 375.00 375.00 295.09 375.68 375.41 295.09 295.09 0.00 375.00 295.09 376.45 0.00 223.96 270.49 314.13 224.02 375.58 375.40 375.39 163.85 78.97 187.13 93.82 390.90 379.20 379.84 382.46 72.98 82.02 83.00 95.94 77.90 384.97 153.17 84.46
