蒙特卡罗+CDRMV3/输出数据/2D水深分布/WaterDepthGIS_0146.ASC
ncols         539            
nrows         744            
xllcorner     602630.84259341
yllcorner     3914823.670891 
cellsize      50             
NODATA_value  -9999.00       
[rows 0 to 26 of 32, columns 427 to 487 of 539]
79.70 77.64 166.26 0.00 81.15 380.73 78.21 85.72 86.53 82.83 375.98 94.53-9999.00-9999.00 100.39 96.94-9999.00-9999.00-9999.00-9999.00-9999.00 -9999.00-9999.00-9999.00-9999.00-9999.00-9999.00-9999.00-9999.00-9999.00-9999.00-9999.00-9999.00-9999.00-9999.00-9999.00 79.60 142.06 371.18 82.09 127.56 0.00 155.93 85.47 112.49-9999.00-9999.00-9999.00-9999.00-9999.00-9999.00-9999.00-9999.00-9999.00-9999.00-9999.00-9999.00-9999.00-9999.00-9999.00-9999.00-9999.00-9999.00-9999.00-9999.00-9999.00-9999.00-9999.00-9999.00-9999.00-9999.00-9999.00-9999.00-9999.00-9999.00-9999.00-9999.00-9999.00-9999.00-9999.00-9999.00-9999.00-9999.00-9999.00-9999.00-9999.00-9999.00-9999.00-9999.00-9999.00-9999.00-9999.00-9999.00-9999.00-9999.00-9999.00-9999.00-9999.00-9999.00-9999.00 89.90 80.47 363.99 78.92-9999.00-9999.00-9999.00-9999.00-9999.00-9999.00-9999.00-9999.00-9999.00-9999.00-9999.00 82.52-9999.00-9999.00-9999.00-9999.00-9999.00-9999.00-9999.00-9999.00-9999.00-9999.00-9999.00-9999.00-9999.00 94.12 78.21 375.85 77.71 380.85 88.69 215.60 132.87 79.36 85.41 151.09 315.47 89.01 224.76 196.44 86.62 80.47 85.32 87.58 88.80 0.00 91.96 375.73 147.52 78.12 77.27 78.66 377.97 83.84 91.25 378.51 219.37
77.41 0.00 0.00 180.73 191.79 82.22 0.00 263.02 383.87 278.59 77.27 99.37 216.04 83.84 375.73 78.42 78.42 267.77 378.16 394.53 378.99 0.00 78.54 77.01 354.55 89.35 79.06 376.43 305.46 371.64 77.57 78.79 89.53 87.73 86.28 0.00 88.80 0.00 248.18 84.99 378.68 298.98 78.42 87.96 100.39-9999.00-9999.00-9999.00-9999.00 -9999.00-9999.00-9999.00-9999.00-9999.00-9999.00-9999.00-9999.00-9999.00-9999.00-9999.00-9999.00-9999.00 91.12 90.37 77.03 115.81 377.33 0.00 154.52 76.91 87.28 112.49 121.94 160.35 83.81 92.89-9999.00-9999.00-9999.00-9999.00-9999.00-9999.00-9999.00-9999.00-9999.00-9999.00-9999.00-9999.00-9999.00-9999.00-9999.00-9999.00-9999.00-9999.00-9999.00-9999.00-9999.00-9999.00-9999.00-9999.00-9999.00-9999.00-9999.00-9999.00-9999.00-9999.00-9999.00-9999.00-9999.00-9999.00-9999.00 82.22
78.79 77.14 143.98 84.59 0.00 83.15 361.42 0.00 387.28 382.40 383.24 376.43 392.87 127.19 81.40 377.80 81.66-9999.00-9999.00-9999.00-9999.00-9999.00-9999.00 -9999.00-9999.00-9999.00-9999.00-9999.00-9999.00-9999.00-9999.00-9999.00-9999.00-9999.00 81.22 116.39 226.75 379.98 86.19 84.52 82.73 0.00 295.61 116.14 78.57 84.25 378.42 87.28 381.61 247.02 177.19 92.89 82.09 256.58 85.54 136.98-9999.00-9999.00-9999.00-9999.00-9999.00 90.14 79.22 148.26 94.87 209.32 91.96 379.30 222.64-9999.00-9999.00-9999.00-9999.00-9999.00 88.25 280.23 370.12 91.25 83.49 407.91 78.54 92.48 82.52 377.11 85.41 84.59 187.57
358.44 81.66 358.66 88.80 375.91 230.43 80.91 77.11 351.70 80.68 152.61 0.00 192.79 79.88 89.90 85.66 191.81 0.00 0.00 375.94 292.68 289.12 92.74 80.47 150.00 377.61 325.86 383.62 79.52 98.53 0.00 138.43 77.31 91.42 78.32 376.83 80.91 0.00 321.61 139.21 77.03 85.50 95.27 79.21 92.78 87.73 120.98 362.53 375.49 403.82 380.72 78.66 108.52 77.31 252.32 333.59 380.42 381.52 88.80 251.82 0.00
174.49 376.53 0.00 77.86 140.92 188.07 80.91 78.54 133.58 382.13 78.92 89.01 121.90 87.46 87.23 191.77 120.95 79.06 116.48 381.11 90.72 87.01 84.21 156.12 386.03 140.89 79.21 123.00 376.86 196.49 378.99 77.57 142.10 84.21 193.88 304.02 100.19 87.83 85.98 117.01 94.87 87.96 77.31 84.90 80.68 412.17 0.00 86.28 227.13 137.59 97.56 93.54 378.40 98.53 134.15 102.41 370.84 82.22-9999.00-9999.00-9999.00-9999.00-9999.00-9999.00-9999.00-9999.00-9999.00 -9999.00-9999.00-9999.00-9999.00-9999.00 190.93 79.22
85.55 145.61 121.95 86.75 386.47 256.43 78.21 94.49 95.68 77.00 87.83 85.84 134.67 292.94 0.00 77.94 89.18 89.90 83.15 354.15 79.70 77.27 84.94 78.02 90.30 82.52 86.62 174.11 77.94 239.34 379.38 376.67 78.79 77.64 81.93 378.50 78.42 79.36 304.16 0.00 359.22 375.80 226.67 103.16 0.00 385.22 386.08 382.08 381.73 249.89 80.26 84.21 99.77-9999.00-9999.00-9999.00-9999.00-9999.00-9999.00-9999.00-9999.00-9999.00 -9999.00-9999.00 77.70 375.95 376.14 79.05 377.26 353.93 173.73
79.21 166.85 244.47 376.02 382.22 0.00 127.12 96.52 377.94 378.59 218.38 89.96 261.81 376.36 93.76 115.47 0.00 82.52 140.13 79.06 89.18 84.21 81.93 377.19 78.12 80.68 116.55 378.59 77.20 77.11 192.06 85.55 80.26 85.28 87.58 85.28 88.10 140.51 0.00 113.88 0.00 0.00 0.00 388.90 254.24 263.02 125.49 120.17 125.91 190.47 98.81 95.68 160.62 134.43 81.15 376.24 78.92-9999.00-9999.00-9999.00-9999.00-9999.00-9999.00 -9999.00-9999.00-9999.00-9999.00-9999.00 90.61 85.89 77.33
0.00 79.88 240.37 118.85 161.92 78.92 78.79 87.73 134.54 78.92 116.33 0.00 363.43 116.57 81.15 84.21 140.57 380.85 78.66 283.88 93.09 80.26 131.46 81.66 389.35 85.84 166.81 77.27 77.23 141.25 81.66 375.67 0.00 128.17 387.88 383.34 383.69 385.62 381.93 383.86 388.05 380.77 259.92 265.13 92.63 98.47 79.21 79.21 377.56 82.83 96.52-9999.00-9999.00-9999.00-9999.00-9999.00-9999.00-9999.00 -9999.00-9999.00-9999.00-9999.00-9999.00-9999.00-9999.00-9999.00 76.67 116.33 0.00 298.08 139.88 77.50 76.98 385.54 0.00
121.78 89.35 81.40 0.00 378.50 289.21 119.76 87.73 85.78 85.50 80.47 127.88 0.00 382.39 377.68 376.58 174.88 126.61 77.31 87.70 85.84 86.28 375.83 128.44 78.79 77.01 93.42 101.73-9999.00-9999.00-9999.00-9999.00-9999.00-9999.00-9999.00-9999.00-9999.00 -9999.00-9999.00-9999.00-9999.00-9999.00-9999.00-9999.00-9999.00-9999.00 76.67 119.36 0.00 82.40 81.22 0.00 81.22 195.81 116.04 76.52 88.02 129.78 76.91 377.77 86.41 88.53 84.03 84.10 77.25 394.82 0.00 376.36 76.76 85.30 150.46 192.46 84.60 79.05 91.39 85.38 285.65 229.14
365.26 85.41-9999.00-9999.00-9999.00-9999.00-9999.00-9999.00-9999.00-9999.00 -9999.00-9999.00-9999.00-9999.00-9999.00-9999.00-9999.00-9999.00-9999.00-9999.00 77.91 134.73 134.69 0.00 179.74 77.41 81.78 90.37 77.60 170.23 380.07 87.01 90.61 86.08 84.19 139.45 0.00 149.73 362.67 78.72 131.19 80.01 80.95 83.43 395.72 158.82 80.46 85.03 81.22 79.80 187.47 277.34 89.09 358.55 96.45 197.66 90.61 94.34 87.98 100.56 140.66 279.95 87.14 84.20 77.32 375.51 378.70 0.00 77.17 94.87 376.26 364.77 78.21 168.87 110.51 84.82 85.28 79.36
81.50 165.67 88.19 76.85 378.54 0.00 78.57 372.49 200.55 93.63 80.23 375.34 364.27 85.54 205.87 85.38 78.57 309.15 376.41 80.46 0.00 378.50 230.56 191.17 121.74 91.96 87.12 78.79 240.93 77.71 132.10 78.02 258.84 0.00 341.55 153.78 79.36 84.59 147.08 385.85 293.93 376.09 118.94 82.52 97.77 79.06 366.91 378.39 324.17 86.53 84.21 77.09 119.17 376.98 87.23 0.00 376.48 287.14 130.15 78.21 77.51
177.93 375.25 145.28 79.14 90.72 78.02 375.88 0.00 77.51 79.36 376.13 324.41 137.70 86.75 88.39 122.15 77.17 77.00 395.02 79.06 88.24 78.02 0.00 161.49 120.78 77.04 86.81 121.43 87.34 82.83 381.50 84.21 77.00 220.63 351.20 412.27 81.66 379.63 101.73 338.70 377.58 379.17 377.89 376.48 380.51 0.00 379.00 377.78 312.18 384.79 377.03 343.59 82.06 87.47 145.65 147.20 78.42 376.40 392.37 214.43 78.42
378.15 0.00 375.87 380.91 375.57 378.96 104.68 209.38 84.60 107.04 188.13 118.48 351.76 99.37 381.82 384.11 373.46 124.27 77.17 91.67-9999.00-9999.00-9999.00-9999.00-9999.00-9999.00-9999.00-9999.00-9999.00-9999.00-9999.00-9999.00-9999.00-9999.00 -9999.00-9999.00-9999.00-9999.00-9999.00-9999.00-9999.00-9999.00-9999.00 79.05 194.20 86.41 88.36 366.57 376.63 105.63 377.82 102.40 89.75 89.49 91.91 0.00 83.81 89.52 377.05 78.42 87.14 76.63 142.65 101.73 0.00 87.01 87.56 381.00 86.88 85.80 95.58 80.95 115.02 0.00 81.22 136.54 76.67 77.03 84.37 79.05 0.00 81.50 405.96
140.19 76.97 80.70 127.58 79.40 0.00 377.02 376.68 325.84 123.39 79.40 84.85 84.69 76.97 263.71 0.00 87.98 78.03 0.00 178.62 76.42 76.40 84.10 86.19 77.28 364.90 83.81 188.78 118.75 94.87 189.77 377.22 89.01 144.43 376.88 0.00 380.55 247.69 88.17 100.23 106.20 379.67 95.53 377.91 95.56 113.83 388.83 376.23 134.16 88.36 99.99 86.71 87.34 77.57 379.45 109.04 95.68 88.84 85.41 91.93 78.02
87.96 94.12 99.44 0.00 103.16 0.00 378.66 198.49 376.11 376.18 375.12 204.04 115.95 77.78 93.42 89.01 81.15 378.75 83.15 249.62 86.71 174.57 140.09 96.10-9999.00-9999.00-9999.00-9999.00-9999.00-9999.00-9999.00-9999.00-9999.00-9999.00-9999.00-9999.00-9999.00-9999.00 -9999.00-9999.00-9999.00-9999.00-9999.00-9999.00-9999.00-9999.00-9999.00-9999.00-9999.00-9999.00-9999.00-9999.00-9999.00-9999.00-9999.00 100.94 373.01 380.57 379.15 76.80 141.47 239.20 376.21 0.00 78.42 85.80 80.95 377.79 88.38 77.70 118.10 207.00 0.00 111.18 322.06 77.41 76.67 140.09 0.00 121.50 77.91 88.53 116.71 0.00 79.40 86.63 376.49 90.14 185.50 80.46 77.17
383.51 375.73 138.53 84.59 87.34 123.60 90.09 83.15 0.00 0.00 0.00 0.00 381.63 381.65 212.99 86.28 88.39 92.78 90.94 78.92 137.41 375.53 409.33 383.34 154.64 85.24 77.51 77.64 0.00 109.04 259.17 141.69 380.78 375.44 85.79 90.74 85.32 85.41 86.27 81.66 86.12 89.53 120.26 192.86 82.83-9999.00-9999.00-9999.00-9999.00-9999.00-9999.00-9999.00-9999.00-9999.00-9999.00-9999.00-9999.00-9999.00-9999.00-9999.00-9999.00-9999.00-9999.00 -9999.00-9999.00-9999.00-9999.00-9999.00-9999.00-9999.00-9999.00-9999.00-9999.00-9999.00-9999.00-9999.00-9999.00-9999.00-9999.00-9999.00 358.72 102.45 87.98 93.23 82.09 377.86 378.83 0.00 141.73 350.16 143.78 77.17 85.03 333.42 128.27
225.10 94.74 79.22 125.79 387.36 84.21 0.00 101.55 128.17 342.60 381.57 269.43 0.00 82.83 92.20 77.78 85.98 101.15 372.69 121.86 78.42 78.92 77.57 92.48 86.28 124.43 155.61 80.47 77.41 121.12 320.20 377.14 77.27 88.39 79.36 131.40 0.00 186.47 264.33 384.54 78.79 214.75 119.45 85.41 80.06 367.17 261.80 87.96 133.61 134.23 90.09-9999.00-9999.00-9999.00-9999.00-9999.00-9999.00-9999.00-9999.00-9999.00-9999.00-9999.00-9999.00-9999.00-9999.00-9999.00-9999.00-9999.00-9999.00-9999.00-9999.00 -9999.00-9999.00-9999.00-9999.00-9999.00-9999.00-9999.00-9999.00-9999.00-9999.00-9999.00-9999.00-9999.00-9999.00-9999.00-9999.00-9999.00-9999.00-9999.00 232.55 130.13 85.47 177.06 351.61 389.76 97.73 103.28 183.68
361.02 118.11 98.93 119.35 95.56 125.70 241.33 86.28 230.31 77.86 89.01 87.73 404.96 77.09 85.84 78.54 132.20 79.52 91.25 253.29 314.24 79.36 90.09 78.66 116.13 379.41 78.02 77.51 354.04 0.00 246.68 91.96 0.00 330.42 248.92 310.02 77.20 131.19 274.50 116.00 78.32 117.08 244.63 80.06 84.21-9999.00-9999.00-9999.00-9999.00-9999.00-9999.00-9999.00-9999.00-9999.00-9999.00-9999.00-9999.00-9999.00-9999.00-9999.00-9999.00-9999.00-9999.00-9999.00 -9999.00-9999.00-9999.00-9999.00-9999.00-9999.00-9999.00-9999.00-9999.00-9999.00-9999.00-9999.00-9999.00-9999.00-9999.00-9999.00-9999.00-9999.00-9999.00-9999.00 107.22 230.21 82.40 96.45 87.98 90.14 80.95 87.71 85.62 76.80 385.79 133.31 84.80 84.37 87.28
142.21 78.21 109.04 182.69 378.44 189.32 78.92 78.12 115.84 0.00 376.14 357.40 143.78 80.91 103.13 258.46 220.04 0.00 116.40 131.68 189.32 118.74 78.21 77.78 376.83 380.71 77.09 78.66 165.06 80.91-9999.00-9999.00-9999.00-9999.00-9999.00-9999.00-9999.00-9999.00-9999.00-9999.00-9999.00-9999.00-9999.00-9999.00-9999.00-9999.00-9999.00-9999.00 -9999.00-9999.00-9999.00-9999.00-9999.00-9999.00-9999.00-9999.00-9999.00-9999.00-9999.00-9999.00-9999.00-9999.00-9999.00-9999.00-9999.00-9999.00-9999.00-9999.00-9999.00-9999.00-9999.00-9999.00-9999.00 94.59 224.77 377.74 76.40 383.31 124.71 88.19 92.25 141.80 79.80 147.63 89.29 85.47 361.53 78.16 0.00 202.83 80.01 190.60 241.22 198.88 88.55 377.90 266.28 89.78 85.03 83.07 384.28 382.60 377.54
0.00 376.69 378.06 365.27 127.28 77.14 139.48 82.52 130.36 137.65-9999.00-9999.00-9999.00-9999.00-9999.00-9999.00-9999.00-9999.00-9999.00-9999.00-9999.00-9999.00-9999.00-9999.00-9999.00-9999.00-9999.00-9999.00-9999.00 -9999.00-9999.00-9999.00-9999.00-9999.00-9999.00-9999.00-9999.00-9999.00-9999.00-9999.00-9999.00-9999.00-9999.00-9999.00-9999.00-9999.00-9999.00-9999.00-9999.00-9999.00 81.78 83.81 350.94 98.76 82.73 83.81 96.90 79.05 82.73 164.23 203.06 0.00 182.15 83.07 79.40 0.00 375.34 116.46 370.72 127.32 79.22 96.45 99.13 82.40 91.66 93.63 92.57 87.98 110.31 91.12 208.51 170.24 386.69 116.46 117.81 88.55 0.00 324.53 0.00 0.00 0.00 0.00 0.00 379.87 377.63 376.26 89.78 141.59 97.35 88.55
99.37-9999.00-9999.00-9999.00-9999.00-9999.00-9999.00-9999.00-9999.00-9999.00-9999.00-9999.00-9999.00-9999.00-9999.00-9999.00-9999.00-9999.00-9999.00-9999.00-9999.00-9999.00-9999.00 -9999.00-9999.00-9999.00-9999.00-9999.00-9999.00-9999.00-9999.00-9999.00-9999.00-9999.00-9999.00-9999.00-9999.00-9999.00-9999.00-9999.00 336.92 79.80 79.22 288.59 91.15 108.42 87.87 101.73 89.49 77.10 0.00 78.72 79.05 78.42 86.08 78.29 88.55 191.00 378.15 176.33 377.38 0.00 203.14 230.21 375.10 375.84 376.73 316.56 88.55 345.05 82.40 89.15 123.16 98.76 162.13 82.73 278.63 270.25 372.07 123.16 385.86 386.23 0.00 377.27 114.96 298.33 87.43 103.28 228.29 82.40 377.23 257.79 249.50 95.58 82.09 92.57 108.42 100.94 93.63
94.59 336.49 376.10 116.46 377.11 290.24 0.00 387.88 252.64 376.58 376.19 377.22 257.50 376.01 187.46 380.10 378.86 385.66 377.28 242.94 219.80 90.45 91.15 375.97 206.66 224.45 380.70 300.55 95.62 113.00 376.81 0.00 0.00 0.00 0.00 0.00 0.00 308.84 386.54 272.17 376.68 377.20 0.00 0.00 224.33 206.45 376.05 375.28 0.00 359.46 375.00 240.49 0.00 148.91 375.67 83.79 173.11 387.16 382.52 375.54 78.29
154.04 148.66 86.55 77.86 296.19 347.81 383.19 0.00 86.28 193.11 88.10 102.45 383.58 137.15 77.36 86.44 85.10 77.00 115.85 303.59 375.67 77.23 87.58 98.18 279.96 84.59 97.77 98.18 81.40 94.12 92.78-9999.00-9999.00-9999.00-9999.00-9999.00-9999.00-9999.00-9999.00-9999.00-9999.00-9999.00-9999.00-9999.00-9999.00-9999.00-9999.00-9999.00-9999.00-9999.00-9999.00-9999.00-9999.00 -9999.00-9999.00-9999.00-9999.00-9999.00-9999.00-9999.00-9999.00-9999.00-9999.00-9999.00-9999.00-9999.00-9999.00-9999.00-9999.00-9999.00-9999.00-9999.00-9999.00-9999.00-9999.00-9999.00-9999.00-9999.00-9999.00-9999.00-9999.00-9999.00-9999.00-9999.00 81.50 377.18 377.04 108.42 140.78 206.66 206.66 215.27 240.49 324.53 371.30 358.16 0.00 327.64 378.62 356.54 98.80 99.06 98.80 0.00 220.08 391.87 375.59 376.44 141.73 83.43 139.64 229.24 81.22
141.23 375.24 375.66 320.41 90.60 107.94 390.09 417.39 420.25 302.14 268.94 0.00 253.62 376.33 0.00 167.27 228.36 375.27 375.40 386.51 329.71 375.16 156.11 375.50 119.96 345.45 375.77 120.03 151.94 81.85 382.30 375.43 87.67 81.28 90.30 382.88 347.69 343.68 78.08 371.39 87.86 173.89 293.30 377.20 94.71 364.35 92.48 369.25 131.48 97.77 377.51 97.77 379.08 95.27 325.86-9999.00-9999.00-9999.00-9999.00-9999.00-9999.00-9999.00-9999.00-9999.00-9999.00-9999.00-9999.00-9999.00-9999.00-9999.00-9999.00-9999.00-9999.00-9999.00-9999.00-9999.00 -9999.00-9999.00-9999.00-9999.00-9999.00-9999.00-9999.00-9999.00-9999.00-9999.00-9999.00-9999.00-9999.00-9999.00-9999.00-9999.00-9999.00-9999.00-9999.00-9999.00-9999.00-9999.00-9999.00-9999.00-9999.00-9999.00-9999.00-9999.00-9999.00-9999.00-9999.00-9999.00-9999.00 96.40 251.63 378.37 203.27 376.54
116.28 142.69 158.70 92.44 140.20 118.97 148.71 306.39 91.66 78.75 89.35 89.90 90.80 88.25 375.29 0.00 375.62 378.70 111.51 87.01 378.59 0.00 378.48 375.14 340.33 201.10 130.95 375.70 375.65 206.83 135.65 79.12 81.81 79.56 78.43 85.55 259.05 81.31 101.24 0.00 0.00 117.75 248.50 179.17 84.31 85.09 0.00 0.00 0.00 86.39 88.40 93.83 95.92 152.36-9999.00-9999.00-9999.00-9999.00-9999.00-9999.00-9999.00-9999.00-9999.00-9999.00-9999.00-9999.00-9999.00-9999.00-9999.00-9999.00-9999.00-9999.00-9999.00-9999.00-9999.00-9999.00-9999.00 -9999.00-9999.00-9999.00-9999.00-9999.00-9999.00-9999.00-9999.00-9999.00-9999.00-9999.00-9999.00-9999.00-9999.00-9999.00-9999.00-9999.00-9999.00-9999.00-9999.00-9999.00-9999.00-9999.00-9999.00-9999.00-9999.00-9999.00-9999.00-9999.00-9999.00-9999.00-9999.00-9999.00-9999.00-9999.00-9999.00-9999.00-9999.00-9999.00 228.36 273.00 273.00 209.49 375.26 375.29
90.46 100.72-9999.00-9999.00-9999.00-9999.00-9999.00-9999.00-9999.00-9999.00-9999.00-9999.00-9999.00-9999.00-9999.00-9999.00-9999.00-9999.00-9999.00-9999.00 -9999.00-9999.00-9999.00-9999.00-9999.00-9999.00-9999.00-9999.00-9999.00-9999.00-9999.00-9999.00-9999.00-9999.00-9999.00-9999.00-9999.00-9999.00-9999.00-9999.00-9999.00-9999.00-9999.00-9999.00-9999.00-9999.00-9999.00-9999.00-9999.00-9999.00-9999.00-9999.00-9999.00-9999.00-9999.00-9999.00-9999.00-9999.00-9999.00-9999.00-9999.00-9999.00-9999.00-9999.00-9999.00-9999.00-9999.00-9999.00 375.47 375.00 0.00 296.67 375.11 375.64 330.46 0.00 375.02 273.00 353.15 378.88 325.82 375.36 296.66 377.73 0.00 296.66 375.00 296.66 0.00 296.66 375.00 296.66 0.00 296.66 375.16 375.00 296.66 330.47 375.51 317.27 360.45 0.00 330.46 376.43 285.92 375.63 375.27 0.00 0.00 0.00 0.00 375.27 111.51 142.11 379.22 375.30 336.70 363.16 83.60 377.65 378.44 125.35 90.10 82.95 369.85 382.72
379.02 84.58 88.85 102.90 104.24-9999.00-9999.00-9999.00-9999.00-9999.00-9999.00-9999.00-9999.00-9999.00-9999.00-9999.00-9999.00-9999.00-9999.00-9999.00-9999.00-9999.00-9999.00 -9999.00-9999.00-9999.00-9999.00-9999.00-9999.00-9999.00-9999.00-9999.00-9999.00-9999.00-9999.00-9999.00-9999.00-9999.00-9999.00-9999.00-9999.00-9999.00-9999.00-9999.00-9999.00-9999.00-9999.00-9999.00-9999.00-9999.00-9999.00-9999.00-9999.00-9999.00-9999.00-9999.00-9999.00-9999.00-9999.00-9999.00-9999.00-9999.00-9999.00-9999.00-9999.00-9999.00-9999.00-9999.00-9999.00-9999.00-9999.00-9999.00-9999.00-9999.00-9999.00-9999.00-9999.00 0.00 353.17 323.52 376.03 375.20 325.73 376.02 334.77 296.66 0.00 0.00 375.38 0.00 296.66 375.34 296.67 375.00 296.67 375.71 296.67 375.32 325.73 375.00 0.00 375.19 375.00 0.00 296.67 375.97 228.30 375.52 193.57 375.38 257.69 92.09 137.76 375.74 91.32 80.25 77.37 87.71 80.64 376.88 376.03 142.45 78.53 0.00 328.84 79.26 80.06 88.40 375.65 85.09 94.71 381.97
