蒙特卡罗+CDRMV3/输出数据/2D水深分布/WaterDepthGIS_0159.ASC
ncols         539            
nrows         744            
xllcorner     602630.84259341
yllcorner     3914823.670891 
cellsize      50             
NODATA_value  -9999.00       
[rows 0 to 26 of 32, columns 183 to 243 of 539]
84.03 73.42 224.83 0.00 380.74 377.10 378.09 308.89 248.80 77.64-9999.00-9999.00-9999.00-9999.00-9999.00-9999.00-9999.00-9999.00-9999.00-9999.00-9999.00-9999.00-9999.00 -9999.00-9999.00-9999.00-9999.00-9999.00-9999.00-9999.00-9999.00-9999.00-9999.00-9999.00 80.55 182.46 378.31 83.68 379.34 76.91 83.15 87.72 78.88-9999.00-9999.00-9999.00-9999.00-9999.00-9999.00-9999.00-9999.00-9999.00-9999.00-9999.00-9999.00-9999.00-9999.00-9999.00-9999.00-9999.00-9999.00-9999.00-9999.00-9999.00-9999.00-9999.00-9999.00-9999.00-9999.00-9999.00-9999.00-9999.00-9999.00-9999.00-9999.00-9999.00-9999.00-9999.00-9999.00-9999.00-9999.00-9999.00-9999.00-9999.00-9999.00-9999.00-9999.00-9999.00-9999.00-9999.00-9999.00-9999.00-9999.00-9999.00-9999.00-9999.00-9999.00-9999.00-9999.00-9999.00-9999.00-9999.00-9999.00-9999.00-9999.00-9999.00-9999.00-9999.00-9999.00-9999.00-9999.00-9999.00-9999.00-9999.00-9999.00-9999.00-9999.00-9999.00-9999.00-9999.00-9999.00-9999.00-9999.00-9999.00-9999.00-9999.00-9999.00-9999.00-9999.00-9999.00-9999.00-9999.00-9999.00-9999.00-9999.00-9999.00-9999.00 75.37 118.31 198.42 377.64 379.36 286.28 73.42 82.32 73.35 175.07 84.76 0.00 81.27 180.14 79.05 182.67 80.08 84.97-9999.00-9999.00-9999.00-9999.00-9999.00-9999.00-9999.00-9999.00-9999.00-9999.00-9999.00-9999.00-9999.00 -9999.00-9999.00-9999.00-9999.00-9999.00-9999.00-9999.00-9999.00-9999.00-9999.00 207.96 129.75 76.37 380.95 96.18 378.65 288.28 73.87 130.72 206.31 105.67-9999.00-9999.00-9999.00-9999.00-9999.00-9999.00-9999.00-9999.00-9999.00-9999.00-9999.00-9999.00-9999.00-9999.00-9999.00-9999.00-9999.00-9999.00-9999.00-9999.00-9999.00-9999.00-9999.00-9999.00-9999.00-9999.00-9999.00-9999.00-9999.00-9999.00-9999.00-9999.00-9999.00-9999.00-9999.00-9999.00-9999.00-9999.00-9999.00-9999.00-9999.00-9999.00-9999.00-9999.00-9999.00-9999.00-9999.00-9999.00-9999.00-9999.00-9999.00-9999.00-9999.00-9999.00-9999.00-9999.00-9999.00-9999.00-9999.00-9999.00-9999.00-9999.00-9999.00-9999.00-9999.00-9999.00-9999.00-9999.00-9999.00-9999.00-9999.00-9999.00-9999.00-9999.00-9999.00-9999.00-9999.00-9999.00-9999.00-9999.00-9999.00-9999.00-9999.00-9999.00-9999.00-9999.00-9999.00-9999.00-9999.00-9999.00-9999.00-9999.00-9999.00 74.36 117.83 366.91 75.82 76.16 155.95 82.50 73.35 129.18 193.84 336.85
168.13 375.69 146.33 88.36 378.38 73.65 82.41 111.08 83.75 82.90 83.89 73.70 143.08 0.00 223.60 73.37 148.27 82.07 73.50 122.96 128.75 74.45 73.37 84.48 83.25 81.58 75.23 73.40 0.00 197.47 75.11 79.05 377.09 0.00 263.08 228.73 378.36 364.77 73.50 85.15-9999.00-9999.00-9999.00 -9999.00-9999.00-9999.00-9999.00-9999.00-9999.00-9999.00-9999.00-9999.00-9999.00-9999.00-9999.00-9999.00-9999.00-9999.00 80.38 72.87 238.48 375.65 72.37 0.00 323.37 363.64 130.20 77.83-9999.00-9999.00-9999.00-9999.00-9999.00-9999.00-9999.00-9999.00-9999.00-9999.00-9999.00-9999.00-9999.00-9999.00-9999.00-9999.00-9999.00-9999.00-9999.00-9999.00-9999.00-9999.00-9999.00-9999.00-9999.00-9999.00-9999.00-9999.00-9999.00-9999.00-9999.00-9999.00-9999.00-9999.00-9999.00-9999.00-9999.00-9999.00-9999.00-9999.00 114.20 168.35 89.79 83.65-9999.00-9999.00-9999.00-9999.00 75.37 119.15 365.27 377.46 82.63 381.44
126.71 74.86 76.16 86.49 85.95 0.00 0.00 0.00 0.00 0.00 349.75 126.40 88.59 0.00 0.00 0.00 203.00 115.19 73.86 74.75 0.00 80.46 73.86 76.53 105.13 0.00 75.99 87.61 80.46 0.00 376.66 162.13 114.20 376.32 229.56 114.39 75.99 85.51 97.43-9999.00-9999.00-9999.00-9999.00-9999.00 -9999.00-9999.00-9999.00-9999.00-9999.00-9999.00-9999.00-9999.00-9999.00-9999.00-9999.00-9999.00 72.31 141.79 353.05 72.09 240.37 0.00 76.91 79.87 80.05 83.15 74.48 380.55 121.03 76.63 257.74 178.75 81.50 209.56 181.67-9999.00-9999.00-9999.00-9999.00-9999.00-9999.00-9999.00-9999.00-9999.00-9999.00-9999.00-9999.00-9999.00-9999.00-9999.00-9999.00-9999.00-9999.00-9999.00-9999.00-9999.00-9999.00 75.51 98.82
74.98 197.54 380.80 419.01 76.34 92.49 133.54 75.99 172.73 377.29 84.33 117.84 0.00 114.76 84.81 95.50 334.45 85.15 82.63 328.40 375.68 73.92 119.97 0.00 77.64 84.03 85.33 85.70 152.74 83.89 77.90 0.00 361.89 73.98 142.30 301.72 73.50 93.96 88.59 74.75 128.86 74.20 113.67 376.29 376.66 359.59 202.50 84.03 74.36 74.65 75.66 76.34 86.71 78.74 74.28 116.87 82.90 121.13 0.00 0.00 0.00
213.49 74.45 81.99 74.12 92.04 84.18 81.10 115.09 385.10 76.73 82.23 74.86 82.41 80.85 383.13 375.66 92.49 75.66 75.66 380.55 221.51 81.53 89.19 85.70 77.90 377.94 127.77 81.27 80.71 73.70 138.05 75.11 115.86 385.38 346.93 135.64 212.48 0.00 376.04 331.76 182.64 95.48 394.98 333.47 146.21 81.70-9999.00-9999.00-9999.00-9999.00-9999.00-9999.00-9999.00-9999.00-9999.00-9999.00 -9999.00-9999.00-9999.00-9999.00-9999.00-9999.00-9999.00-9999.00-9999.00 375.74 83.68 254.06 81.50 81.85 78.16 134.66 73.73 120.66 112.04 0.00 74.48 73.15 79.11
310.81 134.79 83.75 86.08 89.19 81.22 150.75 111.41 73.51 134.66 342.64 76.94 376.08 88.59 0.00 376.97 125.05 0.00 376.50 376.14 80.54 79.38 282.64 77.90 81.27 375.78 77.17 87.61-9999.00-9999.00-9999.00-9999.00-9999.00-9999.00-9999.00-9999.00-9999.00 -9999.00-9999.00-9999.00 82.01 344.58 389.88 377.66 74.48 80.46 73.37 403.09 119.31 127.80 82.54 82.54 378.26 74.65 72.15 116.32 147.45 0.00 380.81 378.51 341.47 73.26 77.83 82.83 78.16 380.62 82.54 80.24 376.89 82.11 82.68 381.00
161.12 113.02 82.32 84.03 74.75 73.42 150.98 355.01 376.78 73.86 73.40 111.22 386.93 384.38 0.00 87.22 102.93 113.86 102.93 170.43 115.64 379.54 378.06 340.10 76.53 381.83 404.96 77.64 82.63 205.79-9999.00-9999.00-9999.00-9999.00-9999.00-9999.00-9999.00 -9999.00-9999.00-9999.00-9999.00 163.94 371.45 88.83 81.39 380.47 74.65 380.77 85.57 72.56 112.18 87.28 72.17 121.00 389.41 71.87 0.00 116.90 85.57 376.09 114.04 74.65 313.74 73.26 80.10 77.83 110.23 127.49 0.00 129.06 90.37
111.16 226.95 80.85 385.05 77.90 83.25 75.66 134.90 270.45 74.12 113.29 390.64 0.00 214.84 82.16 257.01 96.92 90.16 105.58 379.02 245.97 221.77 382.68 380.52 385.53 132.39 75.99 90.83 78.45 74.20-9999.00-9999.00-9999.00-9999.00-9999.00-9999.00-9999.00 -9999.00-9999.00-9999.00-9999.00-9999.00-9999.00 90.37 223.83 79.87 73.37 0.00 71.97 81.39 79.48 72.02 378.10 80.88 114.66 0.00 72.21 79.15 72.26 134.09 71.92 79.72 86.47 72.87 123.11 276.96 80.70 109.82 0.00 113.87 76.91 81.50 74.16
262.39 95.59 380.64 100.03 204.15 86.50 96.11 85.66 372.29 74.65 84.97 379.37 257.71 117.10 79.72 82.63-9999.00-9999.00-9999.00-9999.00-9999.00-9999.00-9999.00-9999.00 -9999.00-9999.00-9999.00-9999.00-9999.00-9999.00-9999.00-9999.00-9999.00 80.88 72.70 0.00 73.87 72.21 143.71 0.00 135.10 110.01 175.14 111.81 74.65 72.63 376.47 184.49 83.68 72.02 151.53 147.85 75.87 87.28 378.58 0.00 376.42 195.18 79.38 82.39 73.73 192.75 72.49 0.00 114.81 0.00 91.20 384.10 110.70 81.50 72.43 378.49 375.73 81.01 85.27 81.73 80.11
128.85 386.49 73.48 80.54 75.43 198.86 82.39 72.21 0.00 139.37 125.15 71.87 378.99 218.54 374.76 110.69 76.37 82.39 83.84 116.46 81.98 84.28 89.93 79.27 77.83 84.91 242.60 86.25 378.77 75.87 93.18 85.57 135.75 183.42 223.45 156.47 72.43 79.59 76.16 0.00 73.32 74.45 378.64 371.75 73.70 89.79 81.36 122.01 111.88 280.19 378.83 0.00 245.94 360.90 132.55 90.16 84.81 80.85 84.19 108.46 93.45
94.25 392.95 82.01 89.93 77.20 169.99 80.70 71.85 320.44 376.22 0.00 87.72 83.49 139.93 74.03 228.46 327.70 82.63 76.73 73.75 113.63 133.62 280.79 0.00 73.92 89.19 131.80 86.57 74.45 377.53 391.64 378.05 376.56 244.64 78.45 330.43 81.70 84.64 73.54 82.50 87.15 81.22 73.54 209.91 75.23 0.00 173.75 75.66 77.17 84.33 378.06 207.94 123.41 73.65 82.70 199.37 85.15 82.23 74.05 138.15 186.70
75.82 150.69 135.83 92.96 81.47 73.54 350.53 382.37 114.39 83.13 74.98 118.69 379.46 0.00 239.43 164.02 120.96 73.32 82.50 75.99 167.43 241.36 81.99 84.48 84.18 378.56 85.89 321.21 80.85 310.84 81.70 370.06 82.16 139.43 379.90 378.19 0.00 0.00 375.23 107.19 190.45 384.48 77.73 95.48 91.65 87.66 88.67 109.16 352.14 86.14 377.58 73.42 88.11 113.47 328.45 244.88 79.72-9999.00-9999.00-9999.00-9999.00-9999.00-9999.00-9999.00-9999.00-9999.00-9999.00 -9999.00-9999.00-9999.00-9999.00-9999.00-9999.00-9999.00-9999.00-9999.00 72.21 113.30 387.29
100.96 354.00 119.40 379.51 164.46 74.65 83.78 94.47 210.83 74.65 73.34 73.37 73.34 83.01 326.22 176.77 75.99-9999.00-9999.00-9999.00-9999.00-9999.00-9999.00-9999.00-9999.00-9999.00-9999.00-9999.00-9999.00-9999.00 -9999.00-9999.00-9999.00-9999.00-9999.00-9999.00-9999.00-9999.00-9999.00 82.01 326.59 369.66 73.48 73.05 378.90 117.49 76.91 380.09 383.63 0.00 338.04 79.68 0.00 72.87 224.01 127.19 94.26 84.83 72.21 0.00 148.34 83.15 82.39 116.04 382.92 133.62 127.38 74.83 72.02 138.11 0.00 72.43 80.62 80.10 156.08 376.30 81.85 389.92 81.85 74.31 380.41 75.87
0.00 269.19 128.24 71.90 84.28 225.94 379.18 73.48 0.00 75.64 82.68 82.25 85.50 71.84 122.04 72.49 124.24 0.00 74.65 72.78 147.51 0.00 134.42 73.05 145.59 73.48 191.51 73.26 81.56 79.38 85.15 85.51 73.98 143.03 84.64 84.64 79.38 0.00 374.41 376.48 0.00 74.75 77.17 387.53 286.07 380.72 193.91 0.00 231.64 83.65 367.63 86.71 98.43 73.92 82.90 75.66 379.51 88.90 82.16 77.17 372.04
376.85 76.16 73.86 338.15 370.86 79.72 380.90 74.20 83.37 86.08 74.55 377.57 378.22 380.86 0.00 375.94 378.11 197.97 134.05 84.16 128.96 76.16 84.18 158.09 87.22 73.37 383.00 74.36 376.14 73.86 73.65 375.73 247.36 83.65-9999.00-9999.00-9999.00-9999.00-9999.00-9999.00-9999.00-9999.00-9999.00-9999.00-9999.00-9999.00-9999.00-9999.00 -9999.00-9999.00-9999.00-9999.00-9999.00-9999.00-9999.00-9999.00-9999.00-9999.00-9999.00-9999.00-9999.00-9999.00-9999.00 350.17 87.28 88.53 94.25 78.88 377.27 83.84 81.07 71.84 0.00 82.45 111.95 116.72 366.65 380.86 110.01 77.83 79.11 72.50 378.85 0.00 74.83 79.14 71.97 217.61 0.00
86.47 77.20 135.33 377.25 377.68 72.31 383.12 75.43 92.59 0.00 72.21 79.77 80.62 81.17 159.86 147.00 99.56 218.98 119.06 344.21 96.09 208.62 379.78 377.58 132.38 83.65 223.09 74.65 78.17 313.10 80.85 180.16 83.37 82.63 393.16 79.05 190.93 92.04 376.23 75.99 77.40 76.94 86.49 73.86 142.29 236.83 203.37 0.00 130.16 86.08 76.34 304.59 212.48 0.00 382.44 375.22 263.60 141.15 75.99 73.32 80.77
87.57 123.41 77.83 379.75 75.87 146.42 72.63 116.78 156.04 393.98 75.87 129.08 0.00 84.84 375.71 82.68 72.78 93.81 377.11 0.00 125.84 79.51 74.58 86.55 207.94 73.26 142.66 131.73 74.01 77.51 125.43 239.62 381.24 90.12 76.16 390.63 177.92 84.76 85.34 376.37 339.03 379.44 0.00 79.72 82.23 88.63 89.48 75.82 86.49 220.55 242.99 83.13 84.76 77.17 376.43 380.85 119.53 83.75 81.27 75.66 113.95
73.15 90.33 378.47 73.48 72.78 248.33 74.48 145.13 89.40 128.73 0.00 257.40 72.43 78.62 305.66 76.11 82.54 75.64 149.89 380.90 119.57 384.99 79.68 378.54 97.94 129.66 75.64 368.28 76.37 0.00 112.27 138.92 82.16 84.19 394.32 398.27 85.34 116.37 83.78 270.93 77.17 379.64 74.75 102.93 86.49 76.73 378.87 398.20 230.85 133.90 73.65 226.05 74.05 133.14 375.46 88.90 77.64 120.24 376.94 82.16 83.65
86.83 76.27 77.52 364.38 217.47 97.94 84.03 87.00 93.81 198.66 101.12 78.16 375.37 377.60 0.00 198.44 207.96 394.83 379.83 143.41 390.46 378.30 377.62 233.25 371.46 88.59 239.00 161.83 303.89 0.00 0.00 84.19 0.00 126.51 204.08 80.85 198.22 73.61 78.45 74.28 372.91 376.92 416.16 387.05 73.54 172.69 379.12 0.00 84.19 377.16 83.13 0.00 375.52 86.50 73.61 73.32 82.15 0.00 0.00 377.58 78.45
0.00 0.00 248.61 96.47 241.14 87.78 91.65 95.50 99.36 79.05 87.86 85.34 79.05 73.45 76.73 126.47 80.46 93.45 87.86 74.86 81.84 165.52 74.98 73.92 111.68 193.21 0.00 377.51 358.45 133.50 84.57 177.92 80.46 74.55 176.68 0.00 192.82 160.68 113.57 81.27 85.89 79.72 118.34 337.10 85.89-9999.00-9999.00-9999.00-9999.00-9999.00-9999.00-9999.00-9999.00-9999.00-9999.00-9999.00-9999.00-9999.00-9999.00-9999.00-9999.00-9999.00-9999.00-9999.00 -9999.00-9999.00-9999.00-9999.00-9999.00-9999.00-9999.00-9999.00-9999.00-9999.00-9999.00-9999.00-9999.00-9999.00-9999.00-9999.00-9999.00-9999.00-9999.00-9999.00-9999.00-9999.00-9999.00 83.51 95.95 148.22 376.03 380.53 78.88 87.00 81.39 72.96 158.63 131.70 269.06 221.40 84.91 343.82
129.43 76.16 357.76 79.72 81.70 90.12 75.51 186.17 80.46 378.09 74.98 83.25 80.70 116.48 377.00 0.00 143.44 73.32 81.04 375.28 72.98 82.07 81.22 89.48 0.00 117.49 208.11 123.73 74.36 363.99 162.43 114.21 92.08-9999.00-9999.00-9999.00-9999.00-9999.00-9999.00-9999.00-9999.00-9999.00-9999.00-9999.00-9999.00-9999.00-9999.00-9999.00-9999.00-9999.00-9999.00-9999.00-9999.00 -9999.00-9999.00-9999.00-9999.00-9999.00-9999.00-9999.00-9999.00-9999.00-9999.00-9999.00-9999.00-9999.00-9999.00-9999.00-9999.00-9999.00-9999.00 102.94-9999.00 87.86 81.50 272.55 75.64 73.87 384.79 390.35 90.33 75.64 376.43 0.00 378.85 89.54 73.37 76.11 115.84 362.17 0.00 379.25 373.95 89.40 98.36 310.24 302.98 377.93 82.01
79.38 378.30 382.05 344.59 0.00 0.00 383.19 377.12 285.00 86.08 91.50 206.66 378.05 160.45 116.46 258.41 76.16 84.64 0.00 80.97 250.93 196.82 80.46-9999.00-9999.00-9999.00-9999.00-9999.00-9999.00-9999.00-9999.00-9999.00-9999.00-9999.00-9999.00-9999.00-9999.00-9999.00-9999.00-9999.00-9999.00-9999.00-9999.00-9999.00-9999.00-9999.00-9999.00 -9999.00-9999.00-9999.00-9999.00-9999.00-9999.00-9999.00-9999.00-9999.00-9999.00-9999.00-9999.00-9999.00-9999.00-9999.00-9999.00-9999.00 85.27 87.28 77.51 388.50 384.77 86.25 389.34 385.96 387.97 93.81 94.78 87.00 162.93 89.18 72.96 386.42 128.77 88.83 82.01 0.00 377.92 0.00 235.68 377.54 377.10 280.32 280.82 375.84 114.67 375.41 141.52 375.74 376.25 106.79 92.59 379.45 92.59
238.53 382.30 240.12 0.00 0.00 380.81 310.89 124.92 261.26 216.81 319.51 372.74 0.00 213.77 326.82 86.99 89.73 97.20 83.77 84.78 375.28 86.25 87.72 375.38 375.89 187.60 100.32 386.14 152.06 197.81 171.26 124.92 382.26 264.07 374.10 375.73 0.00 327.60 327.60 382.24 382.12 327.66 378.07 310.39 378.59 0.00 0.00 377.17 379.57 385.75 376.11 375.58 84.84 222.24 82.01 89.54 81.50 377.69 81.01 86.47 72.43
111.88 171.42 377.01 285.05 147.15 130.74 76.16 84.19 73.98 83.75 112.43 133.82 128.04 88.86 370.56 74.65 135.73 137.84-9999.00-9999.00-9999.00-9999.00-9999.00-9999.00-9999.00-9999.00-9999.00-9999.00-9999.00-9999.00-9999.00-9999.00-9999.00-9999.00-9999.00-9999.00-9999.00-9999.00-9999.00 -9999.00-9999.00-9999.00-9999.00-9999.00-9999.00-9999.00-9999.00-9999.00-9999.00-9999.00-9999.00-9999.00-9999.00-9999.00-9999.00-9999.00-9999.00-9999.00-9999.00-9999.00-9999.00-9999.00-9999.00-9999.00-9999.00-9999.00-9999.00-9999.00-9999.00 75.02 379.72 379.81 86.97 378.41 100.36 362.70 377.40 368.65 377.56 377.59 376.87 376.92 0.00 264.07 0.00 327.60 377.68 178.00 0.00 417.00 415.60 385.22 389.79 388.91 388.85 73.47 90.00 76.53 82.47 88.55 79.58 83.04 80.00 111.43 185.78 223.17 107.00 106.56 375.73 170.79 170.79
313.55 143.74 115.43 146.14 325.28 90.19 84.22 258.20 262.60 80.45 76.26 74.90 127.21 80.45 78.78 73.01 376.34 112.96 341.69 86.26 92.81 91.78 379.68 94.48 379.12 74.90 85.03 74.03 87.61 384.13 94.01 379.65 85.34 384.54 76.73-9999.00-9999.00-9999.00-9999.00-9999.00-9999.00-9999.00-9999.00-9999.00-9999.00-9999.00-9999.00-9999.00-9999.00-9999.00-9999.00-9999.00-9999.00-9999.00-9999.00-9999.00-9999.00 -9999.00-9999.00-9999.00-9999.00-9999.00-9999.00-9999.00-9999.00-9999.00-9999.00-9999.00-9999.00-9999.00-9999.00-9999.00-9999.00-9999.00-9999.00-9999.00-9999.00-9999.00-9999.00-9999.00-9999.00-9999.00-9999.00-9999.00-9999.00-9999.00-9999.00-9999.00-9999.00-9999.00 248.08 229.37 183.82 357.09 376.93 377.31 376.72 375.66 376.63 377.28 375.00 375.00 351.58 375.30 0.00 324.08 378.88 328.97 375.80 376.90 254.93 378.98 381.30 377.27 328.96
77.40 90.00 88.63 125.53-9999.00-9999.00-9999.00-9999.00-9999.00-9999.00-9999.00-9999.00-9999.00-9999.00-9999.00-9999.00-9999.00-9999.00-9999.00-9999.00-9999.00-9999.00-9999.00-9999.00-9999.00-9999.00 -9999.00-9999.00-9999.00-9999.00-9999.00-9999.00-9999.00-9999.00-9999.00-9999.00-9999.00-9999.00-9999.00-9999.00-9999.00-9999.00-9999.00-9999.00-9999.00-9999.00-9999.00-9999.00-9999.00-9999.00-9999.00-9999.00-9999.00-9999.00-9999.00-9999.00-9999.00-9999.00-9999.00-9999.00-9999.00-9999.00-9999.00-9999.00-9999.00-9999.00-9999.00-9999.00-9999.00-9999.00-9999.00 375.28 373.89 375.12 0.00 294.81 375.34 324.06 375.83 223.17 0.00 376.16 375.00 294.81 375.34 328.97 294.81 377.07 375.00 0.00 284.15 315.79 375.63 377.90 249.96 380.11 320.97 375.97 227.79 387.32 375.15 375.04 298.10 382.65 254.93 0.00 0.00 0.00 379.15 227.79 275.17 0.00 375.31 372.47 375.09 285.20 189.59 0.00 0.00 0.00 0.00 0.00 0.00 0.00 118.66 81.41 79.28
96.22 376.84 271.98 78.78 379.77 137.97 74.90 384.05 158.38 78.41 378.23 378.44 244.29 81.41 83.16 385.00 89.51 196.92 380.42 363.14 78.03-9999.00-9999.00-9999.00-9999.00-9999.00-9999.00-9999.00-9999.00-9999.00-9999.00-9999.00-9999.00-9999.00-9999.00-9999.00-9999.00-9999.00-9999.00 -9999.00-9999.00-9999.00-9999.00-9999.00-9999.00-9999.00-9999.00-9999.00-9999.00-9999.00-9999.00-9999.00-9999.00-9999.00-9999.00-9999.00-9999.00-9999.00-9999.00-9999.00-9999.00-9999.00-9999.00-9999.00-9999.00-9999.00-9999.00-9999.00-9999.00-9999.00-9999.00-9999.00-9999.00-9999.00-9999.00-9999.00-9999.00-9999.00-9999.00-9999.00-9999.00-9999.00-9999.00-9999.00-9999.00-9999.00-9999.00-9999.00-9999.00-9999.00 270.03 249.96 0.00 294.81 375.66 324.06 378.08 360.53 227.79 0.00 254.93 380.87 329.07 0.00 376.21 375.24 0.00 294.80 0.00 375.00 294.80 294.81 375.47 328.97 375.31 294.80 0.00 294.81 375.00 324.08 0.00 249.96 373.89 378.04 377.18 376.89 383.46 376.61 209.12
