蒙特卡罗+CDRMV3/输出数据/2D水深分布/WaterDepthGIS_0135.ASC
ncols         539            
nrows         744            
xllcorner     602630.84259341
yllcorner     3914823.670891 
cellsize      50             
NODATA_value  -9999.00       
[rows 0 to 26 of 32, columns 366 to 426 of 539]
166.73 207.52 168.32 99.39-9999.00-9999.00-9999.00-9999.00-9999.00-9999.00-9999.00-9999.00-9999.00-9999.00-9999.00-9999.00-9999.00-9999.00-9999.00-9999.00-9999.00-9999.00-9999.00-9999.00-9999.00-9999.00-9999.00-9999.00-9999.00-9999.00-9999.00-9999.00-9999.00-9999.00-9999.00-9999.00-9999.00-9999.00-9999.00-9999.00-9999.00-9999.00-9999.00-9999.00-9999.00-9999.00-9999.00-9999.00-9999.00-9999.00-9999.00-9999.00-9999.00-9999.00-9999.00-9999.00-9999.00-9999.00-9999.00-9999.00-9999.00 105.15 92.95 101.55-9999.00-9999.00-9999.00-9999.00-9999.00-9999.00-9999.00-9999.00-9999.00-9999.00-9999.00-9999.00-9999.00-9999.00-9999.00-9999.00-9999.00-9999.00-9999.00-9999.00-9999.00-9999.00-9999.00-9999.00-9999.00-9999.00 83.79 375.65 97.57 377.66 125.55 91.77 83.56 92.00 84.09 127.31 152.02 378.06 378.41 383.21 387.90 387.41 89.14 0.00 130.37 93.01 378.86 151.69 87.49 84.18 330.48 87.49-9999.00-9999.00-9999.00-9999.00-9999.00-9999.00-9999.00-9999.00-9999.00-9999.00 -9999.00-9999.00-9999.00-9999.00-9999.00-9999.00-9999.00-9999.00-9999.00-9999.00-9999.00-9999.00-9999.00-9999.00 90.96 95.08 92.68 96.43 317.05 0.00 0.00 125.84 93.21-9999.00-9999.00-9999.00-9999.00-9999.00-9999.00-9999.00-9999.00-9999.00-9999.00-9999.00-9999.00-9999.00-9999.00-9999.00-9999.00-9999.00-9999.00-9999.00-9999.00-9999.00-9999.00-9999.00-9999.00-9999.00-9999.00-9999.00-9999.00-9999.00-9999.00-9999.00-9999.00-9999.00-9999.00-9999.00-9999.00-9999.00-9999.00-9999.00-9999.00-9999.00-9999.00-9999.00-9999.00-9999.00-9999.00-9999.00-9999.00-9999.00-9999.00-9999.00-9999.00-9999.00-9999.00-9999.00-9999.00-9999.00 103.36 379.37 87.99-9999.00-9999.00-9999.00-9999.00-9999.00-9999.00-9999.00-9999.00-9999.00-9999.00-9999.00-9999.00-9999.00-9999.00-9999.00-9999.00-9999.00-9999.00-9999.00-9999.00-9999.00-9999.00-9999.00-9999.00-9999.00-9999.00 93.31 267.87 94.30 377.76 287.95 83.47 323.00 85.07 97.84 83.67 126.31 376.91 376.22 385.17 89.78
322.71 164.74 92.12 95.98 89.78 89.78 137.13 0.00 93.93 95.02 0.00 379.12 323.41 370.71 189.23 103.61 149.83 98.97-9999.00-9999.00-9999.00 -9999.00-9999.00-9999.00-9999.00-9999.00-9999.00-9999.00-9999.00-9999.00-9999.00-9999.00-9999.00-9999.00-9999.00 83.36 142.67 349.42 85.60 86.02 0.00 147.61 83.46 96.43 93.98 102.64 115.82-9999.00-9999.00-9999.00-9999.00-9999.00-9999.00-9999.00-9999.00-9999.00-9999.00-9999.00-9999.00-9999.00-9999.00-9999.00-9999.00-9999.00-9999.00-9999.00-9999.00-9999.00-9999.00-9999.00-9999.00-9999.00-9999.00-9999.00-9999.00-9999.00-9999.00-9999.00-9999.00-9999.00-9999.00-9999.00-9999.00-9999.00 97.32 86.02 374.72 100.56 89.45 90.48 376.28-9999.00 94.30 125.58 135.89 87.02 356.18 331.26 0.00 100.08 305.40 93.93 377.62 92.05 87.99 90.48 377.46 86.39-9999.00-9999.00 91.47 92.00 84.69 354.75 326.16 142.01 124.31
99.91 100.89 131.25 360.45 386.20 385.77 333.98 139.69 88.83 89.14 150.43 209.05 86.39 169.10 384.72 0.00 92.95 172.17 101.55 83.73 219.79 83.79 85.07 382.62 86.02 375.93 124.98 97.08 83.73 123.69 377.01 377.41 84.09 93.65 103.53 83.25 323.84 378.45 84.47 84.58 394.64 386.66 0.00 0.00 0.00 134.50 84.18 160.05 83.19 83.39 83.79 93.21 87.49 83.51 84.01 83.47 91.34 85.36 83.86 0.00 149.63
85.67 273.73 380.89 90.85 211.03 84.81 283.80 83.47 127.93 88.54 189.27 370.10 372.56 85.07 92.12 90.48 0.00 0.00 105.24 105.69 95.02 97.27 115.36 98.68 290.16 99.28 87.73-9999.00-9999.00-9999.00-9999.00-9999.00-9999.00-9999.00-9999.00 -9999.00-9999.00-9999.00-9999.00-9999.00-9999.00-9999.00-9999.00-9999.00-9999.00-9999.00-9999.00 99.77 285.60 185.45 82.84 121.94 84.56 83.04 0.00 84.41 124.15 86.24 0.00 101.53 306.67 401.84 83.89 386.12 89.76 87.49 94.32 95.50 108.43 102.27 89.39 213.29 271.31 112.26 100.67 96.43 95.29 149.82 386.11 87.02
91.64 83.66 127.17 0.00 322.71 141.69 83.56 96.95 84.27 92.22 96.95 88.07 88.38 216.76 101.56 383.84 91.64 379.98 94.88 84.13 384.91 172.65 88.07 97.80 98.90 342.60 87.49 363.05 0.00 362.39 90.12 219.84 111.31 119.20 84.01 377.08 376.15 99.59 83.51 143.61 0.00 83.93 94.16 147.37 0.00 132.01 264.13 88.54 84.47 378.24 95.61 85.84 143.09 95.07 91.29 377.28 0.00 83.56 95.24 138.97 122.25
91.24 91.82 360.99 136.37 91.86 82.63 368.48 383.69 83.36 384.22 85.60 82.59 0.00 134.77 378.75 381.69 86.24 82.84 90.85 93.66 82.97 0.00 148.87 84.41 279.42 85.60 84.69 376.81 103.19 86.20 128.23 380.66 391.77 0.00 87.99 93.42 91.20 85.51 0.00 122.43 93.43 85.21 378.81 87.49 84.47 124.34 380.96 382.08 85.51 0.00 98.97 92.33 87.73 139.92 85.67 0.00 153.94 141.55 84.58 83.79 93.21
376.16 95.95 378.32 312.43 173.74 84.01 124.09 92.12 82.63 121.47 0.00 204.39 90.14 94.32 96.95 131.02 94.50 378.58 101.16 93.21 0.00 157.30 82.48 93.50 109.53 102.27 344.60 102.64 95.80 84.18 190.59 376.18 85.67 86.59 151.39 83.30 0.00 150.96 83.61 91.10 124.85 253.99 380.58 136.34 86.02 84.81 139.09 91.73 95.79 0.00 96.62 92.56 98.39 125.36 0.00 96.25 382.70 376.82 356.75 126.09 84.58
92.12 83.19 380.56 92.68 129.51 0.00 82.97 82.35 83.36 234.23 387.15 85.60 141.89 91.47 86.71 0.00 89.76 388.11 82.90 85.41 82.90 90.97 98.41 89.04 95.08 82.84 126.44 375.71 230.72 93.21 149.86 88.26 127.45 0.00 83.24 319.99 300.04 84.18 95.42 100.23 91.68 145.59 85.36 133.00 153.58 0.00 83.56 103.36 0.00 83.30 91.83 84.09 84.58 246.97 83.86 89.45 370.25 85.07 126.08 358.57 369.73
246.89 84.87 95.08 83.27 154.93 258.36 373.53 379.19 380.19 380.30 378.79 0.00 162.46 86.39 196.01 97.32 92.06 384.96 90.85 83.28 123.83 335.14 378.22 338.73 0.00 367.54 126.45 87.73 97.08 338.56 378.01 96.25 92.05 151.53 285.68 384.63 160.45 387.46 84.37 86.59 83.56 0.00 376.84 376.76 128.94 83.61 83.43 256.74 377.01 93.01 84.69 376.10 0.00 161.50 123.12 90.12 91.51 83.79 0.00 131.69 84.94
108.89 99.91 267.80 196.34 194.44 84.37 95.79 89.45 111.43 259.68 91.94 85.07 83.51 379.00 93.93 0.00 377.89 90.12 91.23 379.54 0.00 372.75 99.28 92.40 93.90 128.69 91.29 89.45 141.07 141.59 84.94 376.09 86.02 131.99 356.54 153.63 96.93 0.00 0.00 87.25 262.71 96.19 91.37 85.84 0.00 0.00 380.86 203.73 379.66 375.45 374.15 337.51 316.81 135.18 85.07 377.99 84.37 97.84 84.69 379.80 87.49
132.18 93.77 94.30 97.57 94.03 95.07 89.45 97.65 89.45 139.51 367.88 220.59 246.27 0.00 0.00 125.94 376.99 334.53 381.70 378.97 259.79 0.00 102.56 0.00 92.05 88.83 137.51 127.17 93.42 216.05 375.47 187.77 144.90 96.93-9999.00-9999.00-9999.00-9999.00-9999.00-9999.00-9999.00-9999.00-9999.00 -9999.00-9999.00-9999.00-9999.00-9999.00-9999.00-9999.00-9999.00-9999.00-9999.00 83.04 271.33 0.00 83.66 90.35 87.49 90.68 84.56 0.00 122.84 93.66 84.56 138.65 91.82 84.71 0.00 82.68 335.78 130.97 88.38 88.71 387.60 139.22 88.38 98.10 258.78
116.88-9999.00-9999.00-9999.00-9999.00-9999.00-9999.00-9999.00-9999.00-9999.00-9999.00 -9999.00-9999.00-9999.00-9999.00-9999.00-9999.00-9999.00-9999.00-9999.00 84.01 123.45 403.85 0.00 84.56 84.71 0.00 87.49 92.56 85.60 131.70 128.38 82.78 123.10 376.30 0.00 198.82 94.52 95.72 84.13 269.66 392.62 83.46 88.07 94.69 172.63 385.67 86.47 83.77 121.75 378.04 0.00 184.57 152.88 86.71 83.46 377.53 84.13 83.66 388.14 83.77 381.28 82.38 135.07 82.39 0.00 142.64 82.33 95.29 96.43 91.03 91.86 272.78 326.87 95.50 88.83 162.63 375.97 0.00
368.72 83.19 82.57 121.64 0.00 100.80 162.08 162.85 100.80 142.80 91.10 82.52 392.03 0.00 0.00 379.65 180.54 86.02 376.81 272.04 95.32 85.36 161.01 224.72 336.06 0.00 86.80 84.27 386.75 268.63 376.11 353.22 226.90 378.66 85.67 93.42 92.95 0.00 0.00 0.00 0.00 0.00 0.00 0.00 101.76 293.29 88.83 385.82 198.26 99.59 92.49 382.85 381.69 0.00 92.49 299.74 377.93 377.86 399.15 305.18 379.69
143.52 376.47 385.57 86.80 86.20 87.25 125.20 356.32 389.28 0.00 232.30 377.06 164.10 378.09 289.48 376.01 376.79 213.72 95.56 138.89 246.12 125.88 0.00 90.48 361.30 154.14 87.02 378.78 175.22 87.73-9999.00-9999.00-9999.00-9999.00-9999.00-9999.00-9999.00-9999.00-9999.00-9999.00-9999.00-9999.00-9999.00-9999.00 -9999.00-9999.00-9999.00-9999.00-9999.00-9999.00-9999.00-9999.00-9999.00-9999.00-9999.00 99.74 93.93 98.73 90.54 382.21 89.04 382.48 88.07 90.00 91.55 246.87 381.76 0.00 0.00 0.00 87.78 83.89 132.75 0.00 0.00 0.00 86.47 0.00 97.26 139.90 342.80 91.39 82.38 303.41 0.00
101.53 182.86 88.07 379.23 84.27 92.68 82.40 137.17 321.95 125.83 88.38 0.00 342.74 82.43 98.73 106.21 93.66 96.43 89.76 380.92 82.48 163.69 378.16 214.87 0.00 0.00 0.00 378.91 329.72 380.73 99.24 376.55 387.79 386.48 163.70 95.02 100.23 88.83 93.90 86.39 88.26 378.51 86.39 83.22 84.09 145.64 376.97 99.24 89.45 87.73 179.37 102.56 95.02 150.75 250.77 380.39 138.97 97.32 119.20 95.42 94.30
380.31 382.73 384.09 90.14 0.00 84.41 218.75 82.52 83.77 145.53 377.68 83.89 164.41 242.28 149.54 127.87 85.41 0.00 154.86 84.56 86.96 0.00 0.00 83.89 92.56 361.27 84.87 102.64 93.07 87.49 93.81 90.97 92.22 83.66 379.46 0.00 396.53 354.21 84.41 89.39 225.10 93.81 95.14 223.53 429.29 0.00 90.54 378.03 130.67 147.34 94.50 378.87 83.19 83.56 100.56 93.65 89.78 89.45 99.59 90.12 85.84
377.20 377.38 375.82 235.41 127.09-9999.00-9999.00-9999.00-9999.00-9999.00-9999.00-9999.00-9999.00-9999.00-9999.00-9999.00-9999.00-9999.00-9999.00-9999.00-9999.00-9999.00-9999.00-9999.00-9999.00 -9999.00-9999.00-9999.00-9999.00-9999.00-9999.00-9999.00-9999.00-9999.00-9999.00-9999.00-9999.00-9999.00-9999.00-9999.00-9999.00-9999.00-9999.00-9999.00 107.22 92.84 102.27 92.34 145.91 88.38 389.20 360.94 381.75 87.22 82.68 252.86 376.90 381.35 123.98 126.85 90.12 170.65 385.62 0.00 378.10 128.51 225.56 89.39 83.04 83.77 384.54 419.14 289.77 95.14 93.07 93.93 92.56 163.21 92.12 96.69 91.16 82.73 254.81 107.22 0.00 98.90 0.00 280.91 101.56 378.79 254.66 121.25 150.73 375.54 385.38 93.93 95.08 97.22 97.50
96.95 90.14 331.50 112.26 380.87 86.24 397.74 378.02 378.81 385.53 84.01 83.11 89.98 90.00 132.98 145.00 0.00 148.48 138.72 100.44 87.78 101.56 0.00 91.40 82.55 99.74 87.78 377.70 296.18 341.13 90.54 384.86 126.48 135.96 378.91 343.81 330.38 382.27 152.44 0.00 386.55 383.74 220.60 146.82 84.71 83.36 280.62 85.80 95.95 89.04 383.25 173.81 0.00 102.45 383.36 153.42 98.90 0.00 144.31 90.96 96.51
211.46 380.39 377.32 95.14 0.00 90.54 86.47 189.39 95.80 380.80 379.74 92.84 210.84 199.04 104.37 102.45 104.37 174.40 140.74 192.76 140.74 333.29 109.43 92.31 193.49 96.13 214.74 234.33 102.27 85.22 89.04 86.02 98.06 406.19 297.90 379.25 383.45 86.47 390.95 93.93 0.00 388.24 249.82 392.78 217.73 189.10 235.24 384.93 172.86 0.00 0.00 375.99 119.88 92.49 88.26 378.83 93.93 97.08 84.18 381.25 86.20
101.56 104.37 0.00 208.61 126.85 386.82 378.84 380.37 402.68 387.33 98.06 101.53 104.78 112.26 92.84 380.85 103.02 96.43 89.04 100.67 379.27 0.00 230.62 383.02 95.14 270.58 267.35 375.69 357.58 377.34 262.33 93.45 131.36 185.72 362.38 102.86 86.80 129.79 364.47 87.73 86.39 376.96 363.66 124.52 94.46 92.48 85.84 84.94 375.85 380.72 84.27 134.31 378.58 0.00 378.07 213.91 136.99 98.11 92.26 93.65 92.49
249.71 104.39 91.78 98.73 91.40 95.14 381.46 350.23 95.14 101.16 84.56 136.13 368.69 382.32 386.28 0.00 275.49 309.32 378.43 226.10 326.82 407.69 358.92 378.27 159.73 140.74 371.45 0.00 231.05 100.67 314.98 87.02 341.11 85.07 90.85 97.57 85.21 142.79 342.69 381.24 86.39 381.21 85.36 0.00 378.38 141.62 385.03 84.47 155.72 187.80 357.62 84.37 371.39 84.47 104.27 0.00 367.28 126.42 87.25 102.53 97.32
373.44 213.90 387.86 261.40 0.00 249.82 213.90 209.80 377.48 0.00 327.82 374.06 0.00 159.73 125.65 108.11 379.07 233.78 120.34 300.91 379.75 85.21 85.84 376.93 90.48 376.48 88.83 370.90 0.00 90.85 102.53 95.32 83.20 90.93 94.53 223.89 92.40 86.80 344.51 139.90 86.02 98.11 138.19 384.13 145.29 84.37 95.60 95.24-9999.00-9999.00-9999.00-9999.00-9999.00-9999.00-9999.00-9999.00-9999.00-9999.00-9999.00-9999.00-9999.00-9999.00-9999.00-9999.00-9999.00-9999.00-9999.00-9999.00-9999.00-9999.00-9999.00-9999.00 -9999.00-9999.00-9999.00-9999.00-9999.00-9999.00-9999.00-9999.00-9999.00-9999.00-9999.00-9999.00-9999.00-9999.00-9999.00-9999.00-9999.00-9999.00-9999.00-9999.00-9999.00 96.19 92.34 89.39 102.45 185.48 379.28 379.84 387.86 396.36 388.90 428.66 107.48
92.68 84.41 87.22 89.04 351.68 345.51 379.28 381.55 381.55 345.77 340.23 0.00 381.30 377.76 382.90 372.55 140.05 119.70 0.00 377.16 379.43 194.81 217.36 194.78 119.16 96.70 87.49 89.76 103.74 372.49 302.38 378.54 376.75 379.76 177.21 233.86 323.30 267.35 377.80 378.06 311.52 342.38 0.00 333.13 0.00 386.45 333.13 383.38 386.62 0.00 376.94 288.48 327.82 378.94 376.32 377.23 312.77 94.11 290.80 101.31 86.93
375.09 165.34 142.68 84.29 83.42 91.28 94.08 91.97 84.37 92.71 87.61 129.80 145.45 291.05 163.66 147.35 369.19 87.99 100.23 375.42 109.59 382.89 131.25 93.93-9999.00-9999.00-9999.00-9999.00-9999.00-9999.00-9999.00-9999.00-9999.00-9999.00-9999.00-9999.00-9999.00-9999.00-9999.00-9999.00-9999.00-9999.00-9999.00-9999.00-9999.00 -9999.00-9999.00-9999.00-9999.00-9999.00-9999.00-9999.00-9999.00-9999.00-9999.00-9999.00-9999.00-9999.00-9999.00-9999.00-9999.00-9999.00-9999.00-9999.00-9999.00-9999.00-9999.00-9999.00-9999.00-9999.00-9999.00-9999.00-9999.00-9999.00-9999.00-9999.00-9999.00-9999.00 107.13 253.69 379.80 208.61 386.23 381.38 376.36 376.73 377.44 214.98 375.29 298.22 0.00 329.00 0.00 375.21 375.21 111.86 107.28 130.94 116.81 97.15 109.90 125.45 151.80 107.28 384.16 376.88 161.07 95.82 364.57 96.47 376.47 368.97 102.49 137.03
376.34 384.25 376.62 381.26 86.34 88.65 382.29 385.35 410.79 381.47 83.48 92.80 110.70 102.46 84.66 92.64 390.90 96.47 235.66 89.89 377.87 266.15 428.19 98.68 0.00 0.00 390.44 102.32 165.85-9999.00-9999.00-9999.00-9999.00-9999.00-9999.00-9999.00-9999.00-9999.00-9999.00-9999.00-9999.00-9999.00-9999.00-9999.00-9999.00-9999.00-9999.00-9999.00-9999.00-9999.00-9999.00-9999.00 -9999.00-9999.00-9999.00-9999.00-9999.00-9999.00-9999.00-9999.00-9999.00-9999.00-9999.00-9999.00-9999.00-9999.00-9999.00-9999.00-9999.00-9999.00-9999.00-9999.00-9999.00-9999.00-9999.00-9999.00-9999.00-9999.00-9999.00-9999.00-9999.00-9999.00-9999.00-9999.00-9999.00-9999.00-9999.00-9999.00-9999.00 293.40 375.08 375.15 375.50 374.32 353.52 375.28 375.32 375.29 0.00 298.22 337.37 295.60 0.00 375.13 298.22 378.63 375.21 298.22 298.22 298.22 378.29 377.35 298.22 377.32 0.00 357.30 108.15 108.15 121.01 383.14
0.00 298.22 298.22 298.22 381.35 0.00 368.20 375.06 298.22 0.00 0.00 0.00 0.00 375.06 298.22 375.08 298.22 321.13 0.00 0.00 377.36 379.64 187.22 375.51 285.91 375.32 370.64 147.10 375.18 319.19 176.76 378.19 182.39 86.16 187.25 83.58 158.97 152.49 93.48 105.89 267.52 376.79 377.43 109.76 376.89 194.81 103.30 92.20 374.42 377.61 93.60 384.59 88.11 207.50 84.37 377.13 90.24 377.33 96.31 379.00 95.49
301.68 0.00 375.06 0.00 376.85 298.22 0.00 298.22 375.80 375.28 298.22 298.22 379.27 375.07 331.70 375.06 0.00 0.00 298.22 298.22 0.00 378.61 375.56 232.57 375.42 299.90 139.23 161.00 375.44 109.31 375.33 375.38 377.87 89.56 87.61 380.71 316.93 148.04 87.15 0.00 91.77 150.75 92.20 190.58 87.61 85.38 425.57 105.35 380.19 91.77 97.89 0.00 389.19 165.65 92.20 104.96 93.60 190.29 108.93 87.04 0.00
