蒙特卡罗+CDRMV3/输出数据/2D水深分布/WaterDepthGIS_0147.ASC
ncols         539            
nrows         744            
xllcorner     602630.84259341
yllcorner     3914823.670891 
cellsize      50             
NODATA_value  -9999.00       
[rows 0 to 26 of 32, columns 61 to 121 of 539]
76.69-9999.00-9999.00-9999.00-9999.00-9999.00-9999.00-9999.00-9999.00-9999.00-9999.00-9999.00-9999.00-9999.00-9999.00-9999.00-9999.00 -9999.00-9999.00-9999.00-9999.00-9999.00-9999.00-9999.00-9999.00-9999.00-9999.00-9999.00-9999.00-9999.00-9999.00-9999.00-9999.00-9999.00-9999.00-9999.00-9999.00-9999.00-9999.00-9999.00-9999.00-9999.00-9999.00-9999.00-9999.00-9999.00-9999.00-9999.00-9999.00-9999.00-9999.00-9999.00-9999.00-9999.00-9999.00-9999.00-9999.00-9999.00-9999.00-9999.00-9999.00-9999.00-9999.00-9999.00-9999.00-9999.00-9999.00-9999.00-9999.00-9999.00-9999.00-9999.00-9999.00-9999.00-9999.00-9999.00-9999.00-9999.00-9999.00-9999.00-9999.00-9999.00-9999.00-9999.00-9999.00-9999.00-9999.00-9999.00-9999.00-9999.00-9999.00-9999.00-9999.00-9999.00-9999.00-9999.00-9999.00-9999.00-9999.00-9999.00-9999.00-9999.00-9999.00-9999.00-9999.00-9999.00-9999.00-9999.00-9999.00-9999.00-9999.00-9999.00-9999.00-9999.00-9999.00-9999.00-9999.00-9999.00-9999.00-9999.00-9999.00-9999.00-9999.00-9999.00-9999.00-9999.00-9999.00-9999.00-9999.00-9999.00-9999.00-9999.00-9999.00-9999.00-9999.00-9999.00-9999.00 87.60 91.96 76.65 382.04 91.45 380.89 136.82 76.79 77.37 88.85-9999.00-9999.00-9999.00-9999.00-9999.00-9999.00-9999.00-9999.00-9999.00-9999.00-9999.00-9999.00-9999.00-9999.00-9999.00 -9999.00-9999.00-9999.00-9999.00-9999.00-9999.00-9999.00-9999.00-9999.00-9999.00-9999.00-9999.00-9999.00-9999.00-9999.00-9999.00-9999.00-9999.00-9999.00-9999.00-9999.00-9999.00-9999.00-9999.00-9999.00-9999.00-9999.00-9999.00-9999.00-9999.00-9999.00-9999.00-9999.00-9999.00-9999.00-9999.00-9999.00-9999.00-9999.00-9999.00-9999.00-9999.00-9999.00-9999.00-9999.00-9999.00-9999.00-9999.00-9999.00-9999.00-9999.00-9999.00-9999.00-9999.00-9999.00-9999.00-9999.00-9999.00-9999.00-9999.00-9999.00-9999.00-9999.00-9999.00-9999.00-9999.00-9999.00-9999.00-9999.00-9999.00-9999.00-9999.00-9999.00-9999.00-9999.00-9999.00-9999.00-9999.00-9999.00-9999.00-9999.00-9999.00-9999.00-9999.00-9999.00-9999.00-9999.00-9999.00-9999.00-9999.00-9999.00-9999.00-9999.00-9999.00-9999.00-9999.00-9999.00-9999.00-9999.00-9999.00-9999.00-9999.00-9999.00-9999.00-9999.00-9999.00-9999.00-9999.00-9999.00-9999.00-9999.00-9999.00-9999.00-9999.00-9999.00-9999.00-9999.00-9999.00-9999.00 84.33 76.92 88.68 77.07 385.58 380.02 88.35 100.17 80.64 163.01 164.27 98.98-9999.00-9999.00-9999.00-9999.00-9999.00-9999.00-9999.00-9999.00-9999.00-9999.00-9999.00-9999.00-9999.00-9999.00 -9999.00-9999.00-9999.00-9999.00-9999.00-9999.00-9999.00-9999.00-9999.00-9999.00-9999.00-9999.00-9999.00-9999.00-9999.00-9999.00-9999.00-9999.00-9999.00-9999.00-9999.00-9999.00-9999.00-9999.00-9999.00-9999.00-9999.00-9999.00-9999.00-9999.00-9999.00-9999.00-9999.00-9999.00-9999.00-9999.00-9999.00-9999.00-9999.00-9999.00-9999.00-9999.00-9999.00-9999.00-9999.00-9999.00-9999.00-9999.00-9999.00-9999.00-9999.00-9999.00-9999.00-9999.00-9999.00-9999.00-9999.00-9999.00-9999.00-9999.00-9999.00-9999.00-9999.00-9999.00-9999.00-9999.00-9999.00-9999.00-9999.00-9999.00-9999.00-9999.00-9999.00-9999.00-9999.00-9999.00-9999.00-9999.00-9999.00-9999.00-9999.00-9999.00-9999.00-9999.00-9999.00-9999.00-9999.00-9999.00-9999.00-9999.00-9999.00-9999.00-9999.00-9999.00-9999.00-9999.00-9999.00-9999.00-9999.00-9999.00-9999.00-9999.00-9999.00-9999.00-9999.00-9999.00-9999.00-9999.00-9999.00-9999.00-9999.00-9999.00-9999.00-9999.00-9999.00-9999.00-9999.00-9999.00-9999.00 76.52 195.48 77.83 131.28 77.72 0.00 76.92 79.20 379.62 276.28 116.20 94.99-9999.00-9999.00-9999.00-9999.00-9999.00-9999.00-9999.00-9999.00-9999.00-9999.00-9999.00-9999.00-9999.00-9999.00 -9999.00-9999.00-9999.00-9999.00-9999.00-9999.00-9999.00-9999.00-9999.00-9999.00-9999.00-9999.00-9999.00-9999.00-9999.00-9999.00-9999.00-9999.00-9999.00-9999.00-9999.00-9999.00-9999.00-9999.00-9999.00-9999.00-9999.00-9999.00-9999.00-9999.00-9999.00-9999.00-9999.00-9999.00-9999.00-9999.00-9999.00-9999.00-9999.00-9999.00-9999.00-9999.00-9999.00-9999.00-9999.00-9999.00-9999.00-9999.00-9999.00-9999.00-9999.00-9999.00-9999.00-9999.00-9999.00-9999.00-9999.00-9999.00-9999.00-9999.00-9999.00-9999.00-9999.00-9999.00-9999.00-9999.00-9999.00-9999.00-9999.00-9999.00-9999.00-9999.00-9999.00-9999.00-9999.00-9999.00-9999.00-9999.00-9999.00-9999.00-9999.00-9999.00-9999.00-9999.00-9999.00-9999.00-9999.00-9999.00-9999.00-9999.00-9999.00-9999.00-9999.00-9999.00-9999.00-9999.00-9999.00-9999.00-9999.00-9999.00-9999.00-9999.00-9999.00-9999.00-9999.00-9999.00-9999.00-9999.00-9999.00-9999.00-9999.00-9999.00-9999.00-9999.00-9999.00-9999.00-9999.00-9999.00 85.21 76.59 115.13 376.74 96.42 80.41 0.00 76.79 376.44 85.77 86.02 86.96 97.28-9999.00-9999.00-9999.00-9999.00-9999.00-9999.00-9999.00-9999.00-9999.00-9999.00-9999.00-9999.00-9999.00-9999.00 -9999.00-9999.00-9999.00-9999.00-9999.00-9999.00-9999.00-9999.00-9999.00-9999.00-9999.00-9999.00-9999.00-9999.00-9999.00-9999.00-9999.00-9999.00-9999.00-9999.00-9999.00-9999.00-9999.00-9999.00-9999.00-9999.00-9999.00-9999.00-9999.00-9999.00-9999.00-9999.00-9999.00-9999.00-9999.00-9999.00-9999.00-9999.00-9999.00-9999.00-9999.00-9999.00-9999.00-9999.00-9999.00-9999.00-9999.00-9999.00-9999.00-9999.00-9999.00-9999.00-9999.00-9999.00-9999.00-9999.00-9999.00-9999.00-9999.00-9999.00-9999.00-9999.00-9999.00-9999.00-9999.00-9999.00-9999.00-9999.00-9999.00-9999.00-9999.00-9999.00-9999.00-9999.00-9999.00-9999.00-9999.00-9999.00-9999.00-9999.00-9999.00-9999.00-9999.00-9999.00-9999.00-9999.00-9999.00-9999.00-9999.00-9999.00-9999.00-9999.00-9999.00-9999.00-9999.00-9999.00-9999.00-9999.00-9999.00-9999.00-9999.00-9999.00-9999.00-9999.00-9999.00-9999.00-9999.00-9999.00-9999.00-9999.00-9999.00-9999.00-9999.00-9999.00-9999.00-9999.00-9999.00 79.37 85.15 118.21 173.31 81.15 365.31 0.00 0.00
78.05 117.27 268.02 378.27 80.41 78.17 376.02 102.57 0.00 77.37 87.47 95.15 79.03 398.60 377.62 412.60 78.56 379.96 138.88 78.71-9999.00-9999.00-9999.00 -9999.00-9999.00-9999.00-9999.00-9999.00-9999.00-9999.00-9999.00-9999.00-9999.00-9999.00-9999.00-9999.00-9999.00-9999.00 78.24 260.39 86.43 79.98 114.41 0.00 326.50 175.16 78.74-9999.00-9999.00-9999.00-9999.00-9999.00-9999.00-9999.00-9999.00-9999.00-9999.00-9999.00-9999.00-9999.00-9999.00-9999.00-9999.00-9999.00-9999.00-9999.00-9999.00-9999.00-9999.00-9999.00-9999.00-9999.00-9999.00-9999.00-9999.00-9999.00-9999.00-9999.00-9999.00-9999.00-9999.00-9999.00-9999.00-9999.00-9999.00-9999.00-9999.00-9999.00-9999.00-9999.00-9999.00-9999.00-9999.00-9999.00-9999.00-9999.00-9999.00-9999.00-9999.00 82.01 82.01 377.35 378.41 92.26 89.21 90.74 80.41-9999.00-9999.00-9999.00-9999.00-9999.00-9999.00-9999.00-9999.00 77.09 132.54 376.06 298.08 83.70 356.54 124.28 80.41 378.70 292.33 78.71 224.33 119.65 87.33 203.72 281.13 78.17 82.01 77.37 131.28 120.13 118.21 0.00
111.89 89.59 81.15 379.67 149.53 81.42-9999.00 79.37 170.95 77.29 326.89 78.56 85.05 76.88 383.70 80.64 161.90 98.91 92.26 85.27 86.62 76.88 191.49 85.33 0.00 122.58 77.09 77.54 335.34 77.45 0.00 0.00 0.00 81.42 78.71 78.05 0.00 377.30 314.82 0.00 0.00 0.00 0.00 0.00 0.00 0.00 122.48 84.48 90.44 236.64 0.00 377.93 377.15 96.03 144.35 79.96 207.42 90.44 90.67-9999.00-9999.00-9999.00-9999.00-9999.00 -9999.00-9999.00-9999.00-9999.00-9999.00-9999.00-9999.00-9999.00-9999.00-9999.00-9999.00-9999.00 77.95 255.98
210.32 377.80 89.59 90.00 94.99 79.03 379.19 146.98 90.67 87.47 375.34 0.00 142.84 90.08 88.87 77.63 373.36 82.64 377.33 79.56 208.41 0.00 375.73 179.07 77.37 86.12 76.52 77.15 143.53 376.10 0.00 189.90 246.11 141.57 77.45 90.67 86.21 85.33 80.18 76.66 131.57 121.87 83.33 116.59 380.51 79.37 78.42 143.20 88.68 89.40 90.00 153.65 85.34 79.37 86.41 86.62 199.49 80.18 118.21 118.21 118.93
89.40 85.69 116.12 115.60 390.21 78.42 95.99 92.26 86.02 76.66 81.42 0.00 0.00 84.08 167.72 379.80 83.33 375.52 128.02 77.03 85.85 153.82 379.84 76.52 76.92 87.60 78.29 131.58 143.56 356.98 377.31 154.26 87.23 372.07 0.00 99.92 382.93 379.93 87.80 378.58 92.22 98.51-9999.00-9999.00-9999.00-9999.00-9999.00-9999.00-9999.00-9999.00-9999.00-9999.00-9999.00 -9999.00-9999.00-9999.00-9999.00-9999.00-9999.00-9999.00-9999.00-9999.00-9999.00 96.86 376.30 93.12 161.54 371.07 77.68 229.51 76.70 383.08 83.71 0.00 84.54 76.63 76.17 153.81 77.03 76.63 166.78
84.52 149.97 76.69 382.54 0.00 0.00 111.89 93.06 118.43 389.69 382.88 88.93 380.55 378.48 143.34 79.56 91.16-9999.00-9999.00-9999.00-9999.00-9999.00-9999.00-9999.00-9999.00-9999.00 -9999.00-9999.00-9999.00-9999.00 90.67 78.74 326.15 77.68 103.78 376.80 79.98 87.55 86.40 82.59 272.30 375.96 83.71 114.71 144.59 194.15 0.00 79.32 85.32 377.48 309.15 375.56 77.56 89.44 284.22 278.04 86.15 377.35 94.65 90.13 92.23 389.11 124.19 76.70 81.92 101.92 96.86 89.66 80.73 118.72 0.00 76.29 88.85
382.91 0.00 330.56 96.03 107.71 142.90 146.08 379.46 106.99 121.32 114.48 385.96 82.64 88.87 191.46 86.25-9999.00-9999.00-9999.00-9999.00-9999.00-9999.00-9999.00-9999.00 -9999.00-9999.00-9999.00 90.38 94.23 188.23 376.90 387.83 126.26 85.41 128.75 380.25 76.56 78.09 75.95 117.92 380.19 77.44 76.05 0.00 82.25 268.00 119.65 162.75 77.44 81.30 85.81 85.81 87.55 76.08 128.08 378.51 0.00 0.00 0.00 116.24 79.53 91.46 81.92 323.50 76.78 312.70 0.00 289.42 77.12 85.06 89.44
0.00 0.00 375.97 101.04 101.60 242.90 388.36 385.01 387.90 382.58 174.25 87.96 94.74 342.92 77.15 87.76 206.88 143.78 92.56-9999.00-9999.00-9999.00-9999.00-9999.00-9999.00 -9999.00-9999.00-9999.00-9999.00-9999.00-9999.00 145.90 76.25 254.99 0.00 85.93 138.91 77.12 79.98 127.75 184.74 87.71 77.03 0.00 170.08 76.01 172.66 87.23 168.87 173.37 82.59 77.03 378.55 79.53 85.92 76.03 0.00 143.44 76.34 88.61 76.39 377.00 82.25 378.64 76.86 76.78 0.00 153.67 76.13 79.12 277.50 382.50
380.49 380.24 378.69 78.05 84.90 87.60 77.22 195.53 80.18-9999.00-9999.00-9999.00-9999.00-9999.00-9999.00-9999.00 -9999.00-9999.00-9999.00-9999.00-9999.00-9999.00-9999.00-9999.00-9999.00 76.85 313.79 0.00 79.53 85.41 81.01 0.00 98.21 368.37 115.56 77.81 86.40 88.23 87.50 379.78 79.32 84.31 134.36 77.68 118.87 383.35 0.00 77.22 0.00 0.00 115.59 78.09 116.16 83.71 0.00 121.87 85.32 97.76 0.00 77.33 301.65 166.20 77.68 144.27 205.87 381.48 94.08 75.98 255.93 221.30 283.20 384.32 375.94 84.90 79.56 0.00
113.97 196.14 121.46 0.00 84.54 76.03 375.98 78.40 86.95 86.80 136.93 79.75 80.47 330.83 85.32 168.10 88.23 87.50 96.41 102.72 90.13 201.47 95.07 252.26 100.09 93.12 184.15 76.10 140.43 77.95 115.43 142.29 226.65 0.00 76.86 86.51 78.56 357.49 218.63 97.06 97.70 84.32 127.80 76.92 147.94 0.00 80.41 85.10 88.19 109.64 84.08 87.08 82.32 90.22 100.65 78.17 394.63 144.50 204.11 256.42 81.15
281.44 375.93 128.29 76.09 155.93 0.00 117.10 77.45 78.65 374.32 377.33 183.23 84.48 76.59 151.58 185.76 353.24 0.00 359.02 349.22 142.78 88.87 93.58 161.37 377.97 97.28 376.14 93.06 93.95 82.01 89.40 89.46 174.31 76.92 77.15 80.64 77.09 180.05 81.42 0.00 338.56 108.21 380.16 375.74 81.42 85.34 84.85 86.41 90.00 117.93 89.80 84.70 78.05 99.31 88.85 87.89 90.08 242.03 379.32 379.09 385.27
158.11 381.72 77.29 135.58 89.80 82.01 117.77 395.37 0.00 125.12 81.42 322.99 137.87 76.59 86.41 79.20 81.42 76.97 127.34 381.86 132.54 89.80 222.54 87.74 130.77 103.58 365.57 91.41 83.70 368.22 376.68 186.66 268.35 0.00 170.06 376.62 363.39 374.72 92.34 222.12 349.84 153.85 361.49 77.63 76.75 354.14 76.72 86.12 377.04 376.01 77.09 93.58-9999.00-9999.00-9999.00-9999.00-9999.00-9999.00-9999.00-9999.00-9999.00-9999.00 -9999.00-9999.00-9999.00-9999.00-9999.00-9999.00-9999.00-9999.00-9999.00 76.29 117.94 319.31 0.00 114.62 77.68 86.40 118.43
162.70 191.65 383.67 94.28 142.28 75.99 81.89 94.73 95.15 78.86 78.17 88.04 215.52 76.61 89.80 88.35-9999.00-9999.00-9999.00-9999.00-9999.00-9999.00-9999.00-9999.00-9999.00-9999.00-9999.00-9999.00-9999.00 -9999.00-9999.00-9999.00-9999.00-9999.00-9999.00-9999.00-9999.00-9999.00-9999.00 79.53 250.20 379.01 0.00 0.00 0.00 0.00 0.00 0.00 389.05 353.50 76.86 0.00 281.82 139.08 77.95 84.54 94.23 85.41 0.00 93.83 89.01 91.76 85.14 376.86 317.32 162.38 78.74 76.01 148.47 0.00 170.67 79.12 90.13 79.32 378.25 77.56 188.18 381.76 75.98 380.33 76.94 76.00 114.54
0.00 326.04 76.50 85.32 146.14 86.04 124.06 99.59 0.00 385.61 253.72 156.33 78.40 76.25 125.13 139.40 0.00 379.01 77.95 85.92 76.94 0.00 150.49 339.99 77.95 303.12 78.24 126.58 78.56 120.77 79.24 78.56 124.32 228.97 358.49 376.42 379.63 0.00 372.14 375.60 389.22 0.00 0.00 0.00 0.00 0.00 0.00 0.00 375.99 335.85 379.50 79.96 81.71 165.06 90.90 210.79 382.46 80.64 239.12 83.33 373.03
88.35 87.76 379.08 90.08 92.89 90.00 84.90 127.79 380.08 382.69 77.22 79.56 128.74 144.31 362.41 377.83 0.00 315.91 377.35 369.23 182.82 88.45 364.11 83.47 99.90 347.82 78.71 76.61 77.03 378.85 78.05 77.93 376.29 385.56 342.48 77.09 90.44-9999.00-9999.00-9999.00-9999.00-9999.00-9999.00-9999.00-9999.00-9999.00-9999.00-9999.00-9999.00-9999.00-9999.00 -9999.00-9999.00-9999.00-9999.00-9999.00-9999.00-9999.00-9999.00-9999.00-9999.00-9999.00-9999.00-9999.00 96.41 81.01 86.95 149.17 377.86 84.54 90.63 80.47 219.70 77.44 75.96 0.00 78.74 373.71 0.00 399.60 79.53 77.95 76.70 83.77 81.30 97.25 103.78
86.94 85.14 76.27 259.19 378.51 383.04 0.00 75.94 136.70 76.86 85.11 83.68 115.95 376.52 84.27 76.68 77.56 331.25 0.00 76.68 75.98 75.95 122.29 377.32 85.16 88.93 194.03 401.78 119.46 109.95 97.28 81.42 376.61 376.57 124.40 79.76 100.17 90.74 79.03 93.58 79.96 93.58 82.98 392.97 79.20 93.95 359.49 81.42 90.44 152.90 155.64 86.12 77.45 181.42 177.42 77.93 375.61 0.00 79.20 87.33 81.42
80.22 80.47 83.79 84.26 83.32 0.00 0.00 117.32 87.88 147.81 78.40 138.36 79.98 77.22 311.84 78.74 375.90 227.24 88.61 83.89 84.31 83.71 82.59 211.96 0.00 80.26 271.41 375.68 77.68 378.41 107.68 0.00 90.67 199.36 86.29 107.68 76.34 84.12 76.39 87.55 93.45 81.01 318.59 86.62 343.70 91.41 77.54 416.26 332.40 82.98 372.09 222.55 86.73 313.87 80.41 0.00 76.75 77.93 79.96 145.42 77.45
84.90 378.66 182.18 376.92 0.00 76.05 87.55 86.95 84.43 82.25 426.97 77.22 85.71 87.23 91.17 84.99 77.12 353.56 77.12 354.20 87.23 118.95 85.92 85.93 130.52 369.86 378.98 0.00 83.71 365.48 100.09 91.42 135.78 80.47 212.71 372.47 384.97 90.67 98.21 125.72 377.79 86.95 89.44 205.88 80.22 212.41 0.00 0.00 0.00 386.98 198.36 101.57 79.76 89.80 92.56 83.70 87.60 79.76 378.32 358.49 375.69
261.22 382.91 176.91 250.77 173.00 100.09 377.57 378.12 0.00 368.67 375.93 175.46 375.96 244.64 368.39 82.54 245.32 210.87 91.88 127.15 375.49 379.58 79.53 94.23 76.29 277.87 101.92 100.63 141.34 87.50 281.01 0.00 94.08 0.00 244.64 99.33 376.71 378.76 96.51 351.43 329.39 379.21 215.77 95.57 77.03 76.75 77.03 138.67 76.53 91.41 381.74 77.54 84.54 143.55 77.72 82.98 384.00 349.94 76.75 76.75 377.49
88.42 80.47 96.41 267.97 380.19 151.08 81.92 96.86 87.50 109.52 378.95 95.11 78.92 332.81 0.00 383.63 375.54 376.32 375.86 150.49 0.00 248.49 86.67 95.92 142.90 227.68 351.81 159.04 84.48 346.64 376.07 122.09 82.01 82.01 196.25 76.97 86.25 367.56 85.77 78.71 86.25 115.27 140.30 376.13 0.00 380.42 377.92 375.78 305.02 82.64 85.63 77.63 82.32 0.00 115.25 76.53 85.15 91.41 80.64 146.64 359.43
189.83 0.00 378.10 189.83 383.23 286.59 219.53 376.62 252.28 376.58 137.51 376.06 372.22 93.23 90.74 387.96 383.07 394.32 78.86 88.87 375.22 81.71 88.19 118.69 87.89 262.14 88.04 78.17 87.33 78.56 275.02 0.00 385.06 376.56 289.76 77.70 132.03 162.33 78.42 93.58 0.00 381.22 379.03 377.56 379.25 274.14 152.35 123.61 87.76-9999.00-9999.00-9999.00-9999.00-9999.00-9999.00-9999.00-9999.00-9999.00-9999.00-9999.00-9999.00-9999.00-9999.00-9999.00-9999.00-9999.00-9999.00-9999.00-9999.00 -9999.00-9999.00-9999.00-9999.00-9999.00-9999.00-9999.00-9999.00-9999.00-9999.00-9999.00-9999.00-9999.00-9999.00-9999.00-9999.00-9999.00-9999.00-9999.00-9999.00 86.43 196.33 364.16 378.71 382.71 352.45 78.40 90.90 370.79 125.28 81.92
320.44 377.04 375.01 375.23 0.00 256.62 384.36 85.45 86.95 381.84 386.96 378.36 362.67 170.30 79.76 87.23 289.20 86.51 89.46 119.17 381.47 249.45 0.00 378.58 376.21 376.82 265.12 375.87 244.53 362.67 203.75 87.60 90.91 77.54 0.00 378.20 264.75 84.90 236.14 81.71-9999.00-9999.00-9999.00-9999.00-9999.00-9999.00-9999.00-9999.00-9999.00-9999.00-9999.00-9999.00-9999.00-9999.00-9999.00-9999.00-9999.00-9999.00-9999.00-9999.00-9999.00-9999.00-9999.00 -9999.00-9999.00-9999.00-9999.00-9999.00-9999.00-9999.00-9999.00-9999.00-9999.00-9999.00-9999.00-9999.00-9999.00-9999.00-9999.00-9999.00 81.01 166.04 378.79 373.50 83.32 286.29 77.44 204.29 144.91 433.96 101.86 91.17 83.71 132.32 246.57 81.30 0.00 0.00 0.00 0.00
384.77 76.59 84.33 85.34 88.19 86.41 89.03 88.35 290.41 86.21 377.17 143.76 380.80 161.83 143.56-9999.00-9999.00-9999.00-9999.00-9999.00-9999.00-9999.00-9999.00-9999.00-9999.00-9999.00-9999.00-9999.00-9999.00-9999.00-9999.00-9999.00-9999.00-9999.00-9999.00-9999.00-9999.00-9999.00 -9999.00-9999.00-9999.00-9999.00-9999.00-9999.00-9999.00-9999.00-9999.00-9999.00-9999.00-9999.00-9999.00-9999.00-9999.00-9999.00-9999.00-9999.00-9999.00-9999.00-9999.00-9999.00-9999.00-9999.00-9999.00-9999.00 92.73 80.22 318.55 227.55 95.95 87.50 95.95 99.59 86.43 200.91 328.97 376.61 392.97 0.00 0.00 376.32 376.87 137.51 201.89 252.28 365.19 377.48 0.00 380.09 378.87 378.58 376.62 333.39 376.19 99.85 375.59 259.78 88.07 96.18 130.53 376.59 375.69 378.68 110.37 294.70 379.20 285.52 175.46 99.47 375.17
325.72 0.00 375.12 377.01 330.34 376.57 227.91 232.66 253.36 376.06 300.85 277.50 377.50 378.52 0.00 0.00 0.00 365.49 0.00 197.01 387.72 378.86 339.48 139.33 121.46 76.72 117.08 379.31 377.93 136.35 118.21 78.17 100.65 94.34 89.21 86.96 96.85 80.64 78.56 76.92 115.32 376.15 87.76 122.39 79.37-9999.00-9999.00-9999.00-9999.00-9999.00-9999.00-9999.00-9999.00-9999.00-9999.00-9999.00-9999.00-9999.00-9999.00-9999.00-9999.00-9999.00-9999.00-9999.00-9999.00-9999.00 -9999.00-9999.00-9999.00-9999.00-9999.00-9999.00-9999.00-9999.00-9999.00-9999.00-9999.00-9999.00-9999.00-9999.00-9999.00-9999.00-9999.00-9999.00-9999.00-9999.00-9999.00-9999.00-9999.00-9999.00-9999.00-9999.00-9999.00-9999.00-9999.00-9999.00 102.72 99.33 92.23 377.74 95.11 379.95 383.08 383.93 385.20 240.06 305.62 267.01 252.28 375.47 0.00
105.04 89.06 376.09 385.54 375.39 379.71 389.14 382.07 381.44 149.32 79.39 86.35 89.40 91.19 376.26 388.11 383.66 317.00 366.21 101.43 375.26 375.28 375.92 376.38 0.00 375.34 358.64 84.61 98.66 208.99 373.44 377.25 375.35 93.31 286.76 95.33 378.36 87.05 89.44 375.02 375.47 355.75 78.77 77.51 77.67 85.31 89.40 87.74 94.56 377.14 84.19 102.46 379.75 316.63 83.10 377.98 135.32 85.43 106.83 377.74 98.91
386.21 222.57 183.13 205.61 296.93 169.85 0.00 376.30 213.39 378.35 178.97 375.20 197.01 382.20 380.81 326.06 360.68 371.44 146.72 80.14 79.06 77.75 0.00 0.00 228.19 82.14 131.85 90.90 93.46 148.54 354.98 86.35 81.57 86.35 101.27 0.00 100.97 94.17 85.88 97.19 83.10 87.36 127.38 85.88 92.25-9999.00-9999.00-9999.00-9999.00-9999.00-9999.00-9999.00-9999.00-9999.00-9999.00-9999.00-9999.00-9999.00-9999.00-9999.00-9999.00-9999.00-9999.00-9999.00-9999.00-9999.00-9999.00-9999.00 -9999.00-9999.00-9999.00-9999.00-9999.00-9999.00-9999.00-9999.00-9999.00-9999.00-9999.00-9999.00-9999.00-9999.00-9999.00-9999.00-9999.00-9999.00-9999.00-9999.00-9999.00-9999.00-9999.00-9999.00-9999.00-9999.00-9999.00-9999.00-9999.00-9999.00-9999.00-9999.00-9999.00-9999.00-9999.00-9999.00-9999.00-9999.00-9999.00-9999.00-9999.00-9999.00-9999.00 227.91 375.36 272.77 272.77 375.52 0.00 375.41 296.52 320.35 296.52 0.00 253.34 376.30 296.52 375.42
375.52 296.52 299.81 0.00 320.35 375.00 375.00 0.00 296.52 296.52 0.00 375.37 375.07 375.30 296.53 375.60 375.00 316.99 0.00 296.53 376.42 272.77 0.00 0.00 0.00 375.20 375.24 301.17 145.13 172.91 85.06 367.70 0.00 379.03 378.66 88.19 83.01 375.53 325.76 145.10 86.85 87.20 382.07 247.10 80.57 82.44 380.10 305.85 91.39 92.46 102.27 360.71 382.85 86.85 131.06 92.46 85.88 400.05 83.81 376.98 165.51
