蒙特卡罗+CDRMV3/输出数据/2D水深分布/WaterDepthGIS_0143.ASC
ncols         539            
nrows         744            
xllcorner     602630.84259341
yllcorner     3914823.670891 
cellsize      50             
NODATA_value  -9999.00       
[rows 0 to 26 of 32, columns 244 to 304 of 539]
0.00 84.74 87.41 93.82 81.84 81.26 83.81-9999.00-9999.00-9999.00-9999.00-9999.00-9999.00-9999.00-9999.00-9999.00-9999.00-9999.00-9999.00-9999.00 -9999.00-9999.00-9999.00-9999.00-9999.00-9999.00-9999.00-9999.00-9999.00 99.68 92.68 375.88 352.97 87.42 382.47 437.70 86.10 92.65 355.29 156.45 90.39-9999.00-9999.00-9999.00-9999.00-9999.00-9999.00-9999.00-9999.00-9999.00-9999.00-9999.00-9999.00-9999.00-9999.00-9999.00-9999.00-9999.00-9999.00-9999.00-9999.00-9999.00-9999.00-9999.00-9999.00-9999.00-9999.00-9999.00-9999.00-9999.00-9999.00-9999.00-9999.00-9999.00-9999.00-9999.00-9999.00-9999.00-9999.00-9999.00-9999.00-9999.00-9999.00-9999.00-9999.00-9999.00-9999.00-9999.00-9999.00-9999.00-9999.00-9999.00-9999.00-9999.00-9999.00-9999.00-9999.00-9999.00-9999.00-9999.00-9999.00-9999.00-9999.00-9999.00-9999.00-9999.00-9999.00-9999.00-9999.00-9999.00-9999.00-9999.00-9999.00-9999.00-9999.00-9999.00-9999.00-9999.00-9999.00-9999.00-9999.00-9999.00-9999.00-9999.00-9999.00-9999.00-9999.00-9999.00-9999.00-9999.00-9999.00 80.09 87.54 96.53 81.45 201.58 80.09 79.75 314.31 90.40 80.34 88.78 78.58 117.83 377.85 0.00 173.12 78.57 79.66 81.84 122.28 144.57 88.90-9999.00-9999.00-9999.00-9999.00-9999.00-9999.00-9999.00-9999.00-9999.00-9999.00-9999.00-9999.00 -9999.00-9999.00-9999.00-9999.00-9999.00-9999.00-9999.00-9999.00-9999.00 94.30 376.55 102.46 134.06 376.79 102.46 379.15 0.00 83.91 376.04 220.98 91.20 80.72-9999.00-9999.00-9999.00-9999.00-9999.00-9999.00-9999.00-9999.00-9999.00-9999.00-9999.00-9999.00-9999.00-9999.00-9999.00-9999.00-9999.00-9999.00-9999.00-9999.00-9999.00-9999.00-9999.00-9999.00-9999.00-9999.00-9999.00-9999.00-9999.00-9999.00-9999.00-9999.00-9999.00-9999.00-9999.00-9999.00-9999.00-9999.00-9999.00-9999.00-9999.00-9999.00-9999.00-9999.00-9999.00-9999.00-9999.00-9999.00-9999.00-9999.00-9999.00-9999.00-9999.00-9999.00-9999.00-9999.00-9999.00-9999.00-9999.00-9999.00-9999.00-9999.00-9999.00-9999.00-9999.00-9999.00-9999.00-9999.00-9999.00-9999.00-9999.00-9999.00-9999.00-9999.00-9999.00-9999.00-9999.00-9999.00-9999.00-9999.00-9999.00-9999.00-9999.00-9999.00-9999.00-9999.00-9999.00-9999.00 82.99 176.31 117.94 88.27 118.58
377.41 394.41 324.87 84.74 94.42-9999.00-9999.00-9999.00-9999.00-9999.00-9999.00-9999.00 82.99 88.37 80.92 87.61 86.98 379.21 162.02 378.41 81.64 141.89 377.62 93.01 97.71 376.65 94.11 382.29 78.93 83.25 373.65 80.21 78.65 79.39 78.79 79.39 316.79 0.00 376.03 145.35 79.86 120.27 78.98 368.18 159.81 222.40 82.50 87.92 121.30 376.48 375.37 376.71 0.00 81.64 89.81 0.00 103.19 100.42 86.17 83.81 93.01 374.65 92.84-9999.00-9999.00-9999.00 -9999.00-9999.00-9999.00-9999.00-9999.00-9999.00-9999.00-9999.00-9999.00-9999.00-9999.00-9999.00-9999.00-9999.00 87.38 86.30 128.50 91.28
88.78 197.97 80.92 180.62 88.31 367.71 84.11 211.81 383.04 80.77 382.40 81.26 380.45 174.50 79.24 96.15 89.79 80.21 80.21 383.08 95.78 85.43 0.00 130.92 89.81 90.73 81.64 90.56 79.31 381.19 79.86 154.24 87.29 96.15 88.09 88.57 82.99 78.72 378.88 121.52 80.09 87.41 90.08 122.23 139.74 86.60 78.72 314.53 80.92 80.47 79.47 0.00 374.34 86.57 128.90 122.46 123.45 80.62 180.92 120.09 124.60
0.00 0.00 0.00 0.00 146.02 154.35 78.98 89.65 99.28 80.92 91.66 78.84 378.15 0.00 376.71 0.00 99.09 97.17 206.51 116.45 100.93 378.13 80.92 253.09 350.37 90.92-9999.00-9999.00-9999.00-9999.00-9999.00-9999.00 -9999.00-9999.00-9999.00-9999.00-9999.00-9999.00-9999.00-9999.00-9999.00-9999.00-9999.00-9999.00 99.68 100.11 83.91 91.20 89.36 78.57 120.12 0.00 77.98 78.72 78.27 0.00 77.92 79.08 336.96 88.01 80.37 383.01 377.73 195.37 79.91-9999.00-9999.00-9999.00 83.91 86.96 290.82 91.65 83.30 154.67 389.04 99.99 92.52 146.94 118.58 377.42 377.30
87.38 81.74 89.68 88.01 80.06 86.87 99.68 87.90 98.19 380.65 84.58 324.89 381.15 87.90 379.52 82.73 166.80 79.08 379.17 79.08 329.53 127.53 0.00 378.94 84.11 99.67 164.62 100.88 158.14 127.86 294.64 94.74 78.84 300.36 0.00 80.34 97.71 131.15 0.00 379.71 118.80 82.05 80.21 376.70 82.74 86.17 119.13 377.55 379.12 97.17 0.00 79.04 93.82 89.65 150.61 130.53 78.93 122.72 0.00 376.40 277.03
91.42 87.89 86.52 375.27 314.03 83.01 85.31 165.55 85.70 0.00 373.49 140.67 80.47 92.76 136.43 78.61 376.36 375.71 79.04 80.34 379.82 0.00 78.93 78.52 371.88 0.00 117.19 90.35 90.24 161.21 89.65 78.76 377.98 123.48 80.62 231.59 132.87 0.00 118.91 82.05 79.24 119.44 0.00 79.56 90.56 93.01 316.21 80.47 91.86 81.26 84.11 143.44 221.37 385.27 232.84 166.48 85.43 91.86 88.47 86.57 88.78
82.47 88.12 83.30 88.63 143.33 325.93 88.91 84.24 0.00 116.92 137.39 81.74 83.30 384.23 81.51 93.81 79.66 123.48 382.26 152.61 135.33 79.17 205.11 0.00 0.00 124.96 78.57 78.93 78.72 159.07 379.04 79.39 78.76 117.84 368.35 376.31 85.79 0.00 78.66 91.27 79.17 0.00 275.44 78.88 80.34 376.16 145.63 80.47 85.08 152.04 275.49 378.94 217.28 0.00 385.62 379.09 378.30 383.60 140.79 90.92 81.26
376.14 378.82 79.18 89.05 79.40 0.00 91.28 80.21 381.60 381.96 200.28 79.64 89.68 101.01 83.30 78.44 167.44 81.26 123.34 89.79 93.27 86.57 118.86 0.00 381.86 79.56 91.08 144.78 90.56 88.27 87.54 79.39 118.16 162.16 218.82 0.00 78.93 84.42 0.00 188.79 118.64 80.62 82.74 92.15 94.42 92.07 138.39 78.76 122.46 210.57 376.30 0.00 78.79 122.20 88.27 88.67 87.92 90.35 195.41 89.94 86.55
85.90 86.10 82.05 379.40 379.82 0.00 377.05 375.43 379.83 375.35 79.31 86.57 339.40 78.84 268.60 80.47 203.03 81.45 0.00 356.19 79.97 176.28 89.01 378.62 79.31 92.76 80.92 143.57 346.62 377.76 80.21 123.30 88.67 81.45 123.91 0.00 79.47 83.25 199.04 78.79 95.08 376.34 125.64 81.09 278.89 99.99 0.00 118.56 78.98 91.27 79.04 126.46 0.00 135.81 93.27 78.72 81.26 261.52 0.00 92.84 89.38
91.46 123.87 79.47 139.14 187.23 96.53 81.45 124.29 0.00 134.46 122.55 90.08 91.08 199.31 137.05 0.00 328.79 122.78 83.25 238.64 87.48 88.57 78.88 237.08 377.83 380.31 177.87 82.05 144.27 0.00 0.00 0.00 354.49 265.91 80.09 173.40 79.10 140.15 376.83 0.00 391.29 387.19 144.89 86.11 245.44 121.91 78.98 88.00 87.84 128.71 370.84 245.51 80.47 364.63 368.26 375.99 80.92-9999.00-9999.00-9999.00-9999.00-9999.00-9999.00-9999.00-9999.00 -9999.00-9999.00-9999.00-9999.00-9999.00-9999.00-9999.00-9999.00-9999.00-9999.00 89.85 93.20 77.88
376.55 379.04 386.20 113.28 94.74 90.35 383.72 0.00 110.34 0.00 375.31 214.17 380.99 183.99 0.00 0.00 318.54 82.99 82.50 0.00 130.67 79.17 87.76 98.51 81.45 95.42 89.38 82.74 92.29-9999.00-9999.00-9999.00-9999.00-9999.00-9999.00-9999.00-9999.00-9999.00 -9999.00-9999.00-9999.00-9999.00-9999.00-9999.00-9999.00-9999.00-9999.00-9999.00 78.14 159.79 0.00 315.53 77.96 198.90 83.01 79.52 369.51 0.00 138.16 78.98 78.38 155.77 205.67 0.00 374.05 242.60 170.19 134.23 85.70 81.30 381.29 131.29 83.30 97.56 104.14 84.94 78.57 375.72 79.91
0.00 77.95 86.41 83.30 0.00 79.64 89.68 81.97 79.08 78.80 167.10 0.00 0.00 78.57 270.73 80.37 94.81 84.24 385.64 375.78 378.51 79.64 78.64 81.74 380.27 78.00 87.12 79.28 0.00 118.28 81.51 93.20 86.06 191.88 91.20 89.05 377.66 78.72 378.35 78.02 153.85 237.56 84.24 0.00 78.50 90.99 89.36 79.52 146.99 92.38 193.50 79.47 132.65 408.64 80.34 0.00 379.59 200.81 127.16 89.29 80.65
78.89 116.28 0.00 128.39 78.72 90.78 96.73 77.98 81.74 269.86 378.72 78.89 306.78 0.00 87.85 360.71 93.01 378.28 92.67 94.77 375.99 195.92 0.00 81.45 88.47 79.24 382.06 87.41 298.63 83.25 86.98 377.78 80.21 78.63 0.00 129.06 281.46 0.00 366.91 84.74 85.43 84.42 375.56 85.08 87.23 79.97 383.46 86.57 93.01 101.88 115.77 384.33 109.24 104.20 98.15 387.47 241.24 376.22 377.70 370.38 0.00
81.26 365.57 85.43 391.19 90.35 121.25 80.77 81.26 356.67 377.53 0.00 375.60 174.39 0.00 0.00 0.00 82.99 101.71 96.57 0.00 367.44 99.09 0.00 378.02 379.76 79.86 94.74 139.87 82.99 339.23 88.79-9999.00-9999.00-9999.00-9999.00-9999.00-9999.00-9999.00-9999.00-9999.00-9999.00-9999.00-9999.00-9999.00-9999.00 -9999.00-9999.00-9999.00-9999.00-9999.00-9999.00-9999.00-9999.00-9999.00-9999.00-9999.00 86.52 190.72 94.46 83.01 89.47 377.37 79.64 380.40 77.90 152.81 373.60 0.00 163.20 171.84 118.20 86.87 87.38 86.87 78.80 82.47 143.89 0.00 0.00 82.47 78.72 212.06 87.48 78.06 0.00
78.06 166.46 79.91 85.90 81.51 0.00 164.95 110.77 134.47 296.00 78.89 78.06 166.28 79.40 83.01 77.93 0.00 221.17 77.95 89.85 180.31 87.79 92.92 79.91 192.79 87.29 310.91 133.70 376.60 79.08 254.40 92.84 0.00 422.64 391.90 394.58 386.31 384.57 113.72 377.40 369.34 83.81 91.08 81.45 82.50 100.71 90.92 414.85 398.36 379.19 364.39 88.79 377.12 79.17 87.41 78.61 79.97 87.54 87.23 78.93 78.98
136.92 377.84 376.67 124.27 85.08 96.53-9999.00-9999.00-9999.00-9999.00-9999.00-9999.00-9999.00-9999.00-9999.00-9999.00-9999.00-9999.00-9999.00-9999.00-9999.00-9999.00-9999.00-9999.00 -9999.00-9999.00-9999.00-9999.00-9999.00-9999.00-9999.00-9999.00-9999.00-9999.00-9999.00-9999.00-9999.00-9999.00-9999.00-9999.00-9999.00 87.42 384.30 376.63 364.80 81.10 78.50 79.52 81.74 0.00 209.41 84.24 88.01 82.21 87.03 204.98 261.01 78.50 377.89 362.62 0.00 0.00 0.00 130.46 81.51 86.59 81.51 84.24 0.00 155.55 78.64 152.83 123.73 78.27 87.79 82.47 138.41 288.78 376.60 378.11 0.00 364.96 123.35 169.58 88.40 84.94 80.37 201.42 363.17 377.59 376.06 0.00 0.00 377.88 376.31
140.40 376.63 0.00 134.94 91.52 111.11 305.20 90.35 384.63 379.82 380.75 79.75 78.63 86.41 87.02 86.55 86.85 86.68 96.15-9999.00-9999.00-9999.00-9999.00-9999.00-9999.00-9999.00-9999.00-9999.00-9999.00-9999.00-9999.00-9999.00-9999.00-9999.00-9999.00-9999.00-9999.00-9999.00 -9999.00-9999.00-9999.00-9999.00-9999.00-9999.00-9999.00-9999.00-9999.00-9999.00-9999.00-9999.00-9999.00-9999.00-9999.00-9999.00-9999.00-9999.00 91.28 86.52 94.81 96.73 86.10 79.18 0.00 148.05 83.30 83.30 97.56 86.41 150.38 170.32 150.88 79.78 80.91 128.10 85.74 77.89 0.00 100.19 215.21 187.83 124.93 84.58 95.03 80.37 132.00 383.04 380.10 82.47 91.42 92.65 77.95 95.54 87.38 124.25 375.82 376.21 0.00
241.65 0.00 380.34 120.50 79.17 87.54 88.09 327.04 140.41 117.75 79.31 90.08 89.01 82.99-9999.00-9999.00-9999.00-9999.00-9999.00-9999.00-9999.00-9999.00-9999.00-9999.00-9999.00-9999.00-9999.00-9999.00-9999.00-9999.00-9999.00-9999.00-9999.00-9999.00-9999.00 -9999.00-9999.00-9999.00-9999.00-9999.00-9999.00-9999.00-9999.00-9999.00-9999.00-9999.00-9999.00-9999.00-9999.00-9999.00-9999.00-9999.00-9999.00-9999.00 86.96 137.11 380.91 416.28 337.52 155.32 95.17 358.14 95.92 355.48 116.61 85.98 79.91 116.30 369.94 379.50 0.00 244.76 79.18 85.78 90.21 81.30 123.46 0.00 129.33 79.40 78.98 215.34 134.45 227.99 157.23 97.14 378.49 79.40 81.10 375.28 144.57 100.19 376.56 134.42 0.00 353.44 79.78 79.26 90.59 110.78
381.14 380.13 370.06 78.72 202.48 84.11-9999.00-9999.00-9999.00-9999.00-9999.00-9999.00-9999.00-9999.00-9999.00-9999.00-9999.00-9999.00-9999.00-9999.00-9999.00-9999.00-9999.00 -9999.00-9999.00-9999.00-9999.00-9999.00-9999.00-9999.00-9999.00-9999.00-9999.00-9999.00-9999.00-9999.00-9999.00-9999.00-9999.00-9999.00-9999.00-9999.00-9999.00-9999.00-9999.00-9999.00-9999.00-9999.00 88.40 290.37 81.10 284.87 82.47 84.58 383.00 129.64 140.97 163.92 78.80 133.98 0.00 0.00 0.00 0.00 0.00 345.08 90.64 78.64 91.96 378.96 0.00 0.00 376.74 305.72 361.76 361.24 273.11 309.27 378.80 310.49 98.19 347.34 123.75 84.45 99.97 89.74 84.58 86.52 377.15 126.20 81.30 204.63 376.84 401.54 86.10 359.21 84.24 83.73 0.00 376.85 178.93 382.67
0.00 0.00 378.92 132.09 152.47 164.39 98.83 318.94 380.16 89.47 378.49 90.04 102.46 101.01 96.73 99.20 0.00 0.00 143.43 0.00 292.24 375.46 97.15 90.51 136.03 101.44 377.27 385.07 98.19 173.39 92.65 84.94 344.81 110.77 81.30 83.30 193.17 158.22 376.90 0.00 178.93 376.98 307.99 221.72 288.20 189.32 354.36 376.08 379.06 222.69 86.98 84.11 362.66 79.31 81.84 88.79 378.54 367.02 78.98 87.68 168.95
102.64 314.55 377.45 380.09 385.45 119.29 283.17 341.57 93.46 112.80 139.88 97.18 351.74 0.00 178.93 375.66 376.55 375.32 82.21 98.19 240.44 92.68 97.14 268.21 93.46 84.24 133.75 336.78 378.08 143.89 0.00 376.39 246.38 375.92 356.70 241.76 359.40 388.13 241.82 384.88 113.52 117.67 91.28 0.00 103.19 81.84 95.08 91.46 89.29 186.61 81.26 98.15 341.46 367.09 79.97 88.90 377.21 87.29 79.97 0.00 0.00
259.68 355.00 104.07 179.39 101.23 376.55 375.45 268.18 213.00 0.00 382.12 83.01 81.51 94.30 378.54 242.68 368.26 158.95 179.07 106.31 380.84 376.17 226.14 208.48 0.00 375.44 221.72 375.22 319.16 0.00 0.00 268.21 0.00 391.90 376.95 228.85 122.44 139.88 80.21 87.85 250.38 84.42 107.80 275.30 382.82 86.98 253.47 0.00 376.42 163.39 85.43 174.46 133.58 375.28 121.99 78.52 141.77 377.72 79.66 92.52 94.11
79.56 151.40 380.70 0.00 84.42 92.29 160.33 88.45 87.61 85.79 122.26 118.59 383.77 368.47 377.14 316.26 266.60 81.09 251.95 132.73 278.96 91.46 120.83 78.88 368.58 82.50-9999.00-9999.00-9999.00-9999.00-9999.00-9999.00-9999.00-9999.00-9999.00-9999.00-9999.00-9999.00-9999.00-9999.00-9999.00-9999.00-9999.00-9999.00-9999.00-9999.00-9999.00-9999.00 -9999.00-9999.00-9999.00-9999.00-9999.00-9999.00-9999.00-9999.00-9999.00-9999.00-9999.00-9999.00-9999.00-9999.00-9999.00-9999.00-9999.00-9999.00-9999.00-9999.00-9999.00-9999.00-9999.00-9999.00-9999.00-9999.00-9999.00-9999.00-9999.00 88.40 86.96 177.20 377.57 375.49 79.64 378.43 379.61 178.93 351.07 375.86 383.23 0.00 328.07 378.49 375.56 124.83 207.92 328.56 0.00 221.72 309.21 124.37 376.86 105.12 95.35 90.52 100.56 98.83 92.38 94.38 96.77 105.12 86.96
375.39 297.09 353.55 254.45 336.25 375.04 0.00 229.47 0.00 324.09 318.12 376.82 318.12 0.00 376.98 365.71 254.45 338.12 375.40 195.55 378.06 382.33 378.63 126.56 138.82 95.49 382.22 105.14 375.46 139.94 93.50 177.33 124.70 79.02 81.11 80.41 87.87 86.60 88.27 81.64 78.76 117.55 117.82 78.69 171.93 89.52 332.06 91.47 95.42 375.25 375.36 110.62-9999.00-9999.00-9999.00-9999.00-9999.00-9999.00-9999.00-9999.00-9999.00-9999.00-9999.00-9999.00-9999.00-9999.00-9999.00-9999.00-9999.00-9999.00-9999.00-9999.00-9999.00 -9999.00-9999.00-9999.00-9999.00-9999.00-9999.00-9999.00-9999.00-9999.00-9999.00-9999.00-9999.00-9999.00-9999.00-9999.00-9999.00-9999.00-9999.00-9999.00-9999.00-9999.00-9999.00-9999.00-9999.00-9999.00-9999.00-9999.00-9999.00-9999.00-9999.00-9999.00 143.89 93.46 94.30 253.77 371.74 380.36 257.40 370.43
383.91 259.53 300.38 387.89 399.37 375.21 111.44 276.36 395.45 330.32 121.74 111.61 377.43 380.84 101.88 378.42 382.15 87.96 152.20 134.11 375.42 108.06 375.33 127.19 375.47 0.00 375.68 375.52 379.65 85.39 108.42 199.67 376.01 375.47 113.86 111.23 132.83 94.50 95.77 383.01 404.99 123.93 90.53 82.21 126.34 378.93 79.33 376.40 161.32 108.42 99.40 89.97 386.33 379.44 323.88 80.81 85.18 274.69 378.63 86.67 90.53
88.70 81.11 90.25 105.40 92.38 378.62 87.08 370.30 86.27 131.17 251.55 101.88 83.93 96.02 334.28 368.71 129.61 91.28 140.83 87.65 82.33 374.80 81.28 88.01-9999.00-9999.00-9999.00-9999.00-9999.00-9999.00-9999.00-9999.00-9999.00-9999.00-9999.00-9999.00-9999.00-9999.00-9999.00-9999.00-9999.00-9999.00-9999.00-9999.00 -9999.00-9999.00-9999.00-9999.00-9999.00-9999.00-9999.00-9999.00-9999.00-9999.00-9999.00-9999.00-9999.00-9999.00-9999.00-9999.00-9999.00-9999.00-9999.00-9999.00-9999.00-9999.00-9999.00-9999.00-9999.00-9999.00-9999.00-9999.00-9999.00-9999.00-9999.00-9999.00-9999.00-9999.00-9999.00-9999.00-9999.00-9999.00-9999.00-9999.00-9999.00-9999.00-9999.00-9999.00-9999.00-9999.00 375.28 375.12 0.00 297.09 375.91 318.82 309.87 375.13 254.45 0.00 375.01 297.09 375.41 297.09 375.01 375.00 377.19 375.01 0.00 254.45 297.09 377.27 297.09 376.23 377.95 377.46 377.46 379.93 259.53 300.38 377.77 0.00 0.00 375.21 375.21 375.58
85.01 117.36 98.55 100.33 107.03 376.29 316.64 86.19 89.81 154.73 89.97 100.74 0.00 84.53 212.19 89.97 96.39 379.00 84.22 167.18 79.11 92.08 140.94 384.30 95.49 382.12 363.25 388.73 221.88 98.52 380.26 101.46 130.21 83.11 377.58 239.78 84.90-9999.00-9999.00-9999.00-9999.00-9999.00-9999.00-9999.00-9999.00-9999.00-9999.00-9999.00-9999.00-9999.00-9999.00-9999.00-9999.00-9999.00-9999.00 -9999.00-9999.00-9999.00-9999.00-9999.00-9999.00-9999.00-9999.00-9999.00-9999.00-9999.00-9999.00-9999.00-9999.00-9999.00-9999.00-9999.00-9999.00-9999.00-9999.00-9999.00-9999.00-9999.00-9999.00-9999.00-9999.00-9999.00-9999.00-9999.00-9999.00-9999.00-9999.00-9999.00-9999.00-9999.00-9999.00-9999.00-9999.00-9999.00-9999.00-9999.00-9999.00-9999.00-9999.00-9999.00-9999.00-9999.00-9999.00-9999.00-9999.00-9999.00-9999.00 375.32 254.45 0.00 377.05 297.09 320.60 326.15 278.88 234.26 0.00 381.80 297.09 0.00 375.88 297.09 0.00 0.00 297.09 297.09 375.31 297.09 375.54 375.20
