蒙特卡罗+CDRMV3/输出数据/2D水深分布/WaterDepthGIS_0168.ASC
ncols         539            
nrows         744            
xllcorner     602630.84259341
yllcorner     3914823.670891 
cellsize      50             
NODATA_value  -9999.00       
[rows 0 to 26 of 32, columns 61 to 121 of 539]
70.47-9999.00-9999.00-9999.00-9999.00-9999.00-9999.00-9999.00-9999.00-9999.00-9999.00-9999.00-9999.00-9999.00-9999.00-9999.00-9999.00 -9999.00-9999.00-9999.00-9999.00-9999.00-9999.00-9999.00-9999.00-9999.00-9999.00-9999.00-9999.00-9999.00-9999.00-9999.00-9999.00-9999.00-9999.00-9999.00-9999.00-9999.00-9999.00-9999.00-9999.00-9999.00-9999.00-9999.00-9999.00-9999.00-9999.00-9999.00-9999.00-9999.00-9999.00-9999.00-9999.00-9999.00-9999.00-9999.00-9999.00-9999.00-9999.00-9999.00-9999.00-9999.00-9999.00-9999.00-9999.00-9999.00-9999.00-9999.00-9999.00-9999.00-9999.00-9999.00-9999.00-9999.00-9999.00-9999.00-9999.00-9999.00-9999.00-9999.00-9999.00-9999.00-9999.00-9999.00-9999.00-9999.00-9999.00-9999.00-9999.00-9999.00-9999.00-9999.00-9999.00-9999.00-9999.00-9999.00-9999.00-9999.00-9999.00-9999.00-9999.00-9999.00-9999.00-9999.00-9999.00-9999.00-9999.00-9999.00-9999.00-9999.00-9999.00-9999.00-9999.00-9999.00-9999.00-9999.00-9999.00-9999.00-9999.00-9999.00-9999.00-9999.00-9999.00-9999.00-9999.00-9999.00-9999.00-9999.00-9999.00-9999.00-9999.00-9999.00-9999.00-9999.00-9999.00-9999.00-9999.00 80.67 85.10 70.43 381.09 84.62 379.83 122.46 70.56 71.10 81.98-9999.00-9999.00-9999.00-9999.00-9999.00-9999.00-9999.00-9999.00-9999.00-9999.00-9999.00-9999.00-9999.00-9999.00-9999.00 -9999.00-9999.00-9999.00-9999.00-9999.00-9999.00-9999.00-9999.00-9999.00-9999.00-9999.00-9999.00-9999.00-9999.00-9999.00-9999.00-9999.00-9999.00-9999.00-9999.00-9999.00-9999.00-9999.00-9999.00-9999.00-9999.00-9999.00-9999.00-9999.00-9999.00-9999.00-9999.00-9999.00-9999.00-9999.00-9999.00-9999.00-9999.00-9999.00-9999.00-9999.00-9999.00-9999.00-9999.00-9999.00-9999.00-9999.00-9999.00-9999.00-9999.00-9999.00-9999.00-9999.00-9999.00-9999.00-9999.00-9999.00-9999.00-9999.00-9999.00-9999.00-9999.00-9999.00-9999.00-9999.00-9999.00-9999.00-9999.00-9999.00-9999.00-9999.00-9999.00-9999.00-9999.00-9999.00-9999.00-9999.00-9999.00-9999.00-9999.00-9999.00-9999.00-9999.00-9999.00-9999.00-9999.00-9999.00-9999.00-9999.00-9999.00-9999.00-9999.00-9999.00-9999.00-9999.00-9999.00-9999.00-9999.00-9999.00-9999.00-9999.00-9999.00-9999.00-9999.00-9999.00-9999.00-9999.00-9999.00-9999.00-9999.00-9999.00-9999.00-9999.00-9999.00-9999.00-9999.00-9999.00-9999.00-9999.00 77.40 70.69 81.80 70.82 384.26 379.06 81.45 93.70 74.05 148.02 135.80 92.07-9999.00-9999.00-9999.00-9999.00-9999.00-9999.00-9999.00-9999.00-9999.00-9999.00-9999.00-9999.00-9999.00-9999.00 -9999.00-9999.00-9999.00-9999.00-9999.00-9999.00-9999.00-9999.00-9999.00-9999.00-9999.00-9999.00-9999.00-9999.00-9999.00-9999.00-9999.00-9999.00-9999.00-9999.00-9999.00-9999.00-9999.00-9999.00-9999.00-9999.00-9999.00-9999.00-9999.00-9999.00-9999.00-9999.00-9999.00-9999.00-9999.00-9999.00-9999.00-9999.00-9999.00-9999.00-9999.00-9999.00-9999.00-9999.00-9999.00-9999.00-9999.00-9999.00-9999.00-9999.00-9999.00-9999.00-9999.00-9999.00-9999.00-9999.00-9999.00-9999.00-9999.00-9999.00-9999.00-9999.00-9999.00-9999.00-9999.00-9999.00-9999.00-9999.00-9999.00-9999.00-9999.00-9999.00-9999.00-9999.00-9999.00-9999.00-9999.00-9999.00-9999.00-9999.00-9999.00-9999.00-9999.00-9999.00-9999.00-9999.00-9999.00-9999.00-9999.00-9999.00-9999.00-9999.00-9999.00-9999.00-9999.00-9999.00-9999.00-9999.00-9999.00-9999.00-9999.00-9999.00-9999.00-9999.00-9999.00-9999.00-9999.00-9999.00-9999.00-9999.00-9999.00-9999.00-9999.00-9999.00-9999.00-9999.00-9999.00-9999.00-9999.00 70.30 168.47 71.52 122.28 71.43 0.00 70.69 72.76 379.00 223.23 109.28 87.66-9999.00-9999.00-9999.00-9999.00-9999.00-9999.00-9999.00-9999.00-9999.00-9999.00-9999.00-9999.00-9999.00-9999.00 -9999.00-9999.00-9999.00-9999.00-9999.00-9999.00-9999.00-9999.00-9999.00-9999.00-9999.00-9999.00-9999.00-9999.00-9999.00-9999.00-9999.00-9999.00-9999.00-9999.00-9999.00-9999.00-9999.00-9999.00-9999.00-9999.00-9999.00-9999.00-9999.00-9999.00-9999.00-9999.00-9999.00-9999.00-9999.00-9999.00-9999.00-9999.00-9999.00-9999.00-9999.00-9999.00-9999.00-9999.00-9999.00-9999.00-9999.00-9999.00-9999.00-9999.00-9999.00-9999.00-9999.00-9999.00-9999.00-9999.00-9999.00-9999.00-9999.00-9999.00-9999.00-9999.00-9999.00-9999.00-9999.00-9999.00-9999.00-9999.00-9999.00-9999.00-9999.00-9999.00-9999.00-9999.00-9999.00-9999.00-9999.00-9999.00-9999.00-9999.00-9999.00-9999.00-9999.00-9999.00-9999.00-9999.00-9999.00-9999.00-9999.00-9999.00-9999.00-9999.00-9999.00-9999.00-9999.00-9999.00-9999.00-9999.00-9999.00-9999.00-9999.00-9999.00-9999.00-9999.00-9999.00-9999.00-9999.00-9999.00-9999.00-9999.00-9999.00-9999.00-9999.00-9999.00-9999.00-9999.00-9999.00-9999.00 78.26 70.37 106.63 376.35 88.96 73.84 0.00 70.56 375.60 78.80 79.06 80.00 89.85-9999.00-9999.00-9999.00-9999.00-9999.00-9999.00-9999.00-9999.00-9999.00-9999.00-9999.00-9999.00-9999.00-9999.00 -9999.00-9999.00-9999.00-9999.00-9999.00-9999.00-9999.00-9999.00-9999.00-9999.00-9999.00-9999.00-9999.00-9999.00-9999.00-9999.00-9999.00-9999.00-9999.00-9999.00-9999.00-9999.00-9999.00-9999.00-9999.00-9999.00-9999.00-9999.00-9999.00-9999.00-9999.00-9999.00-9999.00-9999.00-9999.00-9999.00-9999.00-9999.00-9999.00-9999.00-9999.00-9999.00-9999.00-9999.00-9999.00-9999.00-9999.00-9999.00-9999.00-9999.00-9999.00-9999.00-9999.00-9999.00-9999.00-9999.00-9999.00-9999.00-9999.00-9999.00-9999.00-9999.00-9999.00-9999.00-9999.00-9999.00-9999.00-9999.00-9999.00-9999.00-9999.00-9999.00-9999.00-9999.00-9999.00-9999.00-9999.00-9999.00-9999.00-9999.00-9999.00-9999.00-9999.00-9999.00-9999.00-9999.00-9999.00-9999.00-9999.00-9999.00-9999.00-9999.00-9999.00-9999.00-9999.00-9999.00-9999.00-9999.00-9999.00-9999.00-9999.00-9999.00-9999.00-9999.00-9999.00-9999.00-9999.00-9999.00-9999.00-9999.00-9999.00-9999.00-9999.00-9999.00-9999.00-9999.00-9999.00 72.92 78.20 110.07 144.92 74.50 350.54 0.00 0.00
71.73 108.80 217.02 377.35 73.84 71.84 369.79 95.76 0.00 71.10 80.53 87.80 72.61 396.06 377.14 406.00 72.20 378.89 126.31 72.33-9999.00-9999.00-9999.00 -9999.00-9999.00-9999.00-9999.00-9999.00-9999.00-9999.00-9999.00-9999.00-9999.00-9999.00-9999.00-9999.00-9999.00-9999.00 71.02 222.07 78.76 72.59 105.40 0.00 279.25 146.93 71.47-9999.00-9999.00-9999.00-9999.00-9999.00-9999.00-9999.00-9999.00-9999.00-9999.00-9999.00-9999.00-9999.00-9999.00-9999.00-9999.00-9999.00-9999.00-9999.00-9999.00-9999.00-9999.00-9999.00-9999.00-9999.00-9999.00-9999.00-9999.00-9999.00-9999.00-9999.00-9999.00-9999.00-9999.00-9999.00-9999.00-9999.00-9999.00-9999.00-9999.00-9999.00-9999.00-9999.00-9999.00-9999.00-9999.00-9999.00-9999.00-9999.00-9999.00-9999.00-9999.00 75.27 75.27 375.34 378.29 85.37 82.36 83.93 73.84-9999.00-9999.00-9999.00-9999.00-9999.00-9999.00-9999.00-9999.00 70.84 120.22 361.64 284.94 76.82 304.12 114.97 73.84 378.44 232.06 72.33 177.11 111.04 80.39 169.20 233.25 71.84 75.27 71.10 119.51 111.97 110.32 0.00
99.71 82.76 74.50 378.53 127.81 74.75-9999.00 72.92 157.90 71.03 272.78 72.20 78.10 70.64 382.11 74.05 141.46 91.97 85.37 78.32 79.65 70.64 177.43 78.37 0.00 114.26 70.84 71.26 311.68 71.18 0.00 0.00 0.00 74.75 72.33 71.73 0.00 376.76 293.21 0.00 0.00 0.00 0.00 0.00 0.00 0.00 113.81 77.56 83.63 201.40 0.00 377.32 376.67 88.58 137.94 73.45 163.25 83.63 83.86-9999.00-9999.00-9999.00-9999.00-9999.00 -9999.00-9999.00-9999.00-9999.00-9999.00-9999.00-9999.00-9999.00-9999.00-9999.00-9999.00-9999.00 70.75 220.79
166.71 377.27 82.76 83.18 87.66 72.61 377.79 136.08 83.86 80.53 352.67 0.00 128.34 83.26 81.99 71.34 361.35 75.84 377.23 73.09 177.77 0.00 374.28 158.13 71.10 79.15 70.30 70.90 133.04 368.37 0.00 161.21 226.08 127.26 71.18 83.86 79.24 78.37 73.64 70.43 119.77 113.93 76.48 108.48 380.27 72.92 72.07 133.24 81.80 82.56 83.18 138.55 78.38 72.92 79.44 79.65 183.29 73.64 109.70 109.70 110.39
82.56 78.73 109.07 107.91 389.11 72.07 88.55 85.37 79.06 70.43 74.75 0.00 0.00 77.18 144.90 379.29 76.48 343.84 118.93 70.79 78.89 138.45 378.76 70.30 70.69 80.67 71.95 119.59 133.58 301.07 377.25 141.45 80.29 363.85 0.00 93.39 382.33 379.50 79.97 378.39 85.33 91.40-9999.00-9999.00-9999.00-9999.00-9999.00-9999.00-9999.00-9999.00-9999.00-9999.00-9999.00 -9999.00-9999.00-9999.00-9999.00-9999.00-9999.00-9999.00-9999.00-9999.00-9999.00 88.70 376.05 85.29 147.28 354.24 70.51 178.21 69.61 381.95 76.07 0.00 76.88 69.54 69.11 137.63 69.91 69.54 146.61
77.59 134.12 70.46 381.18 0.00 0.00 99.71 86.07 108.67 388.58 382.25 81.05 380.24 378.43 135.83 73.09 84.34-9999.00-9999.00-9999.00-9999.00-9999.00-9999.00-9999.00-9999.00-9999.00 -9999.00-9999.00-9999.00-9999.00 83.04 71.47 293.82 70.51 95.43 376.13 72.59 79.90 78.73 75.00 244.13 371.04 76.07 105.88 129.89 156.57 0.00 71.99 77.65 376.57 269.75 367.94 70.40 81.83 253.75 231.15 78.49 376.27 86.61 82.52 84.51 387.41 114.07 69.61 74.37 94.26 88.70 82.05 73.28 109.44 0.00 69.23 81.98
382.91 0.00 291.01 88.58 97.95 122.49 126.53 379.28 96.32 108.00 100.96 384.18 75.84 81.99 151.69 79.28-9999.00-9999.00-9999.00-9999.00-9999.00-9999.00-9999.00-9999.00 -9999.00-9999.00-9999.00 82.76 86.25 158.85 374.03 385.82 116.41 77.74 118.24 379.23 69.48 70.88 68.91 108.56 379.65 70.29 69.00 0.00 74.68 218.50 110.93 144.34 70.29 73.80 78.14 78.14 79.90 69.03 116.91 378.01 0.00 0.00 0.00 107.10 72.18 83.80 74.37 281.81 69.68 264.63 0.00 234.30 70.00 77.39 81.83
0.00 0.00 375.67 94.64 92.86 196.29 386.34 383.35 385.88 381.25 147.69 82.08 87.67 319.49 70.90 80.83 164.46 135.79 85.64-9999.00-9999.00-9999.00-9999.00-9999.00-9999.00 -9999.00-9999.00-9999.00-9999.00-9999.00-9999.00 126.82 69.19 228.53 0.00 78.26 124.23 70.00 72.59 116.47 170.12 80.07 69.91 0.00 159.40 68.96 154.79 79.58 150.52 159.71 75.00 69.91 377.44 72.18 78.25 68.98 0.00 137.06 69.27 80.99 69.32 375.79 74.68 377.93 69.75 69.68 0.00 138.49 69.08 71.81 238.17 381.58
379.26 379.13 377.67 71.73 77.95 80.67 70.96 173.82 73.64-9999.00-9999.00-9999.00-9999.00-9999.00-9999.00-9999.00 -9999.00-9999.00-9999.00-9999.00-9999.00-9999.00-9999.00-9999.00-9999.00 69.75 285.52 0.00 72.18 77.74 73.54 0.00 90.24 352.71 106.36 70.63 78.73 80.60 79.85 378.80 71.99 76.66 123.41 70.51 109.50 382.13 0.00 70.09 0.00 0.00 106.88 70.88 106.95 76.07 0.00 112.56 77.65 89.70 0.00 70.19 239.12 150.38 70.51 135.88 162.77 380.55 86.12 68.93 212.46 211.20 244.62 383.26 375.82 77.95 73.09 0.00
105.48 161.15 112.08 0.00 76.88 68.98 369.32 71.17 79.30 79.14 123.59 72.38 73.04 284.72 77.65 149.42 80.60 79.85 88.24 94.81 82.52 161.62 86.99 218.78 92.55 85.29 151.65 69.05 125.68 70.75 106.24 128.50 176.56 0.00 70.63 79.55 72.20 324.82 172.95 89.61 90.34 77.40 117.86 70.69 140.53 0.00 73.84 78.15 81.28 98.72 77.18 80.13 75.55 83.41 94.26 71.84 393.11 139.39 175.39 254.18 74.50
244.39 371.25 117.14 69.04 140.65 0.00 107.95 71.18 72.27 374.34 376.09 154.11 77.56 70.37 134.79 164.76 268.77 0.00 338.16 294.50 130.42 81.99 86.50 143.92 377.06 89.85 374.38 86.07 86.80 75.27 82.56 82.62 152.03 70.69 70.90 74.05 70.84 145.02 74.75 0.00 316.46 98.15 379.72 370.68 74.75 78.38 77.91 79.44 83.18 109.56 82.97 77.76 71.73 92.54 81.98 80.97 83.26 202.10 378.56 378.23 383.80
139.49 381.40 71.03 124.89 82.97 75.27 109.47 393.31 0.00 115.63 74.75 284.59 125.30 70.37 79.44 72.76 74.75 70.73 117.21 380.76 120.71 82.97 177.09 80.81 121.60 96.28 351.75 84.59 76.82 339.48 376.54 168.96 262.07 0.00 162.00 376.37 354.75 362.97 84.66 187.64 325.98 142.84 350.86 71.34 70.52 301.85 70.49 79.15 376.74 369.10 70.84 86.50-9999.00-9999.00-9999.00-9999.00-9999.00-9999.00-9999.00-9999.00-9999.00-9999.00 -9999.00-9999.00-9999.00-9999.00-9999.00-9999.00-9999.00-9999.00-9999.00 69.23 108.59 286.87 0.00 105.44 70.51 78.73 109.75
136.19 164.35 382.12 87.34 136.48 69.86 75.19 87.45 87.80 72.47 71.84 81.12 181.38 70.39 82.97 81.45-9999.00-9999.00-9999.00-9999.00-9999.00-9999.00-9999.00-9999.00-9999.00-9999.00-9999.00-9999.00-9999.00 -9999.00-9999.00-9999.00-9999.00-9999.00-9999.00-9999.00-9999.00-9999.00-9999.00 72.18 230.39 378.42 0.00 0.00 0.00 0.00 0.00 0.00 388.46 327.91 69.75 0.00 256.63 125.07 70.75 76.88 86.25 77.74 0.00 85.91 81.39 84.07 77.47 375.82 263.09 144.57 71.47 68.97 140.54 0.00 140.58 71.81 82.52 71.99 377.99 70.40 153.47 381.04 68.93 379.07 69.83 68.95 105.26
0.00 285.84 69.42 77.65 139.80 78.37 114.17 91.96 0.00 383.37 197.91 140.42 71.17 69.19 114.81 131.15 0.00 378.28 70.75 78.25 69.83 0.00 131.50 304.46 70.75 265.59 71.02 116.47 72.20 112.24 72.79 72.20 115.97 182.50 304.69 376.32 379.49 0.00 365.17 375.56 387.85 0.00 0.00 0.00 0.00 0.00 0.00 0.00 376.00 318.35 379.35 73.45 75.00 148.90 83.13 179.50 381.13 74.05 201.89 76.48 369.09
81.45 80.83 378.41 83.26 85.92 83.18 77.95 117.75 379.75 381.09 70.96 73.09 117.91 133.22 324.30 377.83 0.00 314.15 377.09 349.91 172.36 80.58 348.75 76.38 91.45 287.45 72.33 70.39 70.79 378.55 71.73 71.62 375.08 384.82 308.08 70.84 83.63-9999.00-9999.00-9999.00-9999.00-9999.00-9999.00-9999.00-9999.00-9999.00-9999.00-9999.00-9999.00-9999.00-9999.00 -9999.00-9999.00-9999.00-9999.00-9999.00-9999.00-9999.00-9999.00-9999.00-9999.00-9999.00-9999.00-9999.00 88.24 73.54 79.30 136.06 376.36 76.88 83.01 73.04 173.66 70.29 68.92 0.00 71.47 361.26 0.00 398.36 72.18 70.75 69.61 76.13 73.80 89.12 95.43
79.28 77.47 69.21 205.63 376.80 381.14 0.00 68.90 122.00 69.75 77.67 76.04 107.30 376.07 76.61 69.59 70.40 293.91 0.00 69.59 68.94 68.91 113.71 377.05 77.77 81.05 161.64 397.74 109.39 97.99 89.85 74.75 364.94 376.29 115.07 73.27 93.70 83.93 72.61 86.50 73.45 86.50 76.15 390.53 72.76 86.80 345.56 74.75 83.63 141.42 141.16 79.15 71.18 145.71 152.10 71.62 354.99 0.00 72.76 80.39 74.75
72.81 73.04 76.15 76.61 75.70 0.00 0.00 108.81 80.24 132.19 71.17 125.73 72.59 70.09 276.95 71.47 375.41 196.37 80.99 76.24 76.66 76.07 75.00 170.84 0.00 72.97 221.49 375.88 70.51 378.15 97.30 0.00 83.04 170.15 76.84 97.30 69.27 76.47 69.32 79.90 85.58 73.54 264.56 79.65 292.06 84.59 71.26 410.20 314.08 76.15 365.28 177.31 79.77 261.63 73.84 0.00 70.52 71.62 73.45 132.11 71.18
77.23 378.44 177.55 376.16 0.00 69.00 79.90 79.30 76.77 74.68 419.76 70.09 78.04 79.58 83.53 77.32 70.00 320.64 70.00 313.21 79.58 109.61 78.25 78.26 119.80 362.68 378.26 0.00 76.07 353.73 92.55 83.76 125.26 73.04 176.21 375.03 384.24 83.04 90.24 115.17 375.44 79.30 81.83 172.06 72.81 177.85 0.00 0.00 0.00 385.41 171.74 92.11 73.27 82.97 85.64 76.82 80.67 73.27 377.93 332.36 371.75
217.10 380.50 146.11 194.32 143.92 92.55 377.34 377.70 0.00 368.22 375.86 158.51 375.52 236.28 356.44 75.13 205.32 167.93 84.29 115.29 375.44 379.36 72.18 86.25 69.23 236.75 94.26 93.13 135.18 79.85 251.76 0.00 86.12 0.00 236.28 91.65 376.37 378.33 85.98 332.10 309.86 378.17 177.16 88.16 70.79 70.52 70.79 127.29 70.32 84.59 380.75 71.26 77.61 127.24 71.43 76.15 382.40 310.92 70.52 70.52 376.82
80.79 73.04 88.24 239.56 378.25 138.27 74.37 88.70 79.85 98.18 378.46 87.02 71.64 315.20 0.00 382.67 375.52 376.21 375.79 131.50 0.00 223.54 79.26 88.65 122.49 194.34 308.26 140.50 77.56 333.26 372.96 113.32 75.27 75.27 168.67 70.73 79.28 356.65 78.80 72.33 79.28 107.45 127.00 370.97 0.00 380.11 377.67 365.78 235.91 75.84 78.14 71.34 75.55 0.00 106.74 70.31 78.20 84.59 74.05 137.37 343.17
174.58 0.00 378.07 174.58 382.89 279.05 208.82 376.46 245.42 376.10 119.18 376.03 365.48 86.20 83.93 387.36 382.61 393.33 72.47 81.99 347.50 75.00 81.28 110.17 80.97 196.18 81.12 71.84 80.39 72.20 243.12 0.00 383.91 375.70 262.00 71.42 121.96 142.46 72.07 86.50 0.00 380.37 378.22 376.65 378.46 211.20 130.15 115.04 80.83-9999.00-9999.00-9999.00-9999.00-9999.00-9999.00-9999.00-9999.00-9999.00-9999.00-9999.00-9999.00-9999.00-9999.00-9999.00-9999.00-9999.00-9999.00-9999.00-9999.00 -9999.00-9999.00-9999.00-9999.00-9999.00-9999.00-9999.00-9999.00-9999.00-9999.00-9999.00-9999.00-9999.00-9999.00-9999.00-9999.00-9999.00-9999.00-9999.00-9999.00 78.76 168.20 327.77 378.51 381.82 309.73 71.17 83.27 347.32 114.87 74.37
316.83 377.06 375.01 375.13 0.00 240.07 383.07 77.78 79.30 380.72 385.36 378.09 314.19 142.73 73.27 80.29 245.31 79.55 82.62 103.60 380.71 240.09 0.00 377.96 374.24 376.10 253.27 375.75 240.44 338.60 198.42 80.67 84.10 71.26 0.00 378.02 228.59 77.95 202.25 75.00-9999.00-9999.00-9999.00-9999.00-9999.00-9999.00-9999.00-9999.00-9999.00-9999.00-9999.00-9999.00-9999.00-9999.00-9999.00-9999.00-9999.00-9999.00-9999.00-9999.00-9999.00-9999.00-9999.00 -9999.00-9999.00-9999.00-9999.00-9999.00-9999.00-9999.00-9999.00-9999.00-9999.00-9999.00-9999.00-9999.00-9999.00-9999.00-9999.00-9999.00 73.54 148.12 378.29 373.20 75.70 284.33 70.29 193.46 126.77 425.87 94.22 83.53 76.07 127.81 228.23 73.80 0.00 0.00 0.00 0.00
384.14 70.37 77.41 78.38 81.28 79.44 82.17 81.45 265.04 79.24 376.83 135.20 380.30 150.10 139.05-9999.00-9999.00-9999.00-9999.00-9999.00-9999.00-9999.00-9999.00-9999.00-9999.00-9999.00-9999.00-9999.00-9999.00-9999.00-9999.00-9999.00-9999.00-9999.00-9999.00-9999.00-9999.00-9999.00 -9999.00-9999.00-9999.00-9999.00-9999.00-9999.00-9999.00-9999.00-9999.00-9999.00-9999.00-9999.00-9999.00-9999.00-9999.00-9999.00-9999.00-9999.00-9999.00-9999.00-9999.00-9999.00-9999.00-9999.00-9999.00-9999.00 84.95 72.81 288.02 182.14 87.80 79.85 87.80 91.96 78.76 159.90 323.56 376.62 392.50 0.00 0.00 376.16 376.42 119.18 188.97 245.42 364.59 377.42 0.00 380.09 378.87 378.58 376.62 280.35 375.88 88.06 375.38 227.25 80.44 88.01 114.65 376.31 375.52 377.99 98.60 285.43 378.88 274.35 158.51 92.23 375.11
323.06 0.00 375.12 376.81 327.91 376.35 219.57 224.09 247.41 376.05 281.96 260.35 377.49 378.09 0.00 0.00 0.00 355.23 0.00 184.06 385.95 378.02 292.16 124.89 110.70 70.49 108.26 378.89 377.47 124.57 109.70 71.84 94.26 87.12 82.36 80.00 89.39 74.05 72.20 70.69 107.25 373.44 80.83 113.45 72.92-9999.00-9999.00-9999.00-9999.00-9999.00-9999.00-9999.00-9999.00-9999.00-9999.00-9999.00-9999.00-9999.00-9999.00-9999.00-9999.00-9999.00-9999.00-9999.00-9999.00-9999.00 -9999.00-9999.00-9999.00-9999.00-9999.00-9999.00-9999.00-9999.00-9999.00-9999.00-9999.00-9999.00-9999.00-9999.00-9999.00-9999.00-9999.00-9999.00-9999.00-9999.00-9999.00-9999.00-9999.00-9999.00-9999.00-9999.00-9999.00-9999.00-9999.00-9999.00 94.81 91.65 84.51 376.94 87.02 378.99 381.91 382.66 383.70 231.85 303.25 261.49 245.42 375.50 0.00
87.91 76.02 369.54 383.92 375.29 379.71 388.34 379.96 380.17 139.20 71.02 77.52 80.55 77.74 376.00 385.54 382.87 310.86 355.48 85.70 371.55 375.13 375.74 376.16 0.00 375.34 348.72 76.11 89.51 198.42 372.57 376.96 375.26 84.56 270.29 86.31 378.16 78.51 80.90 372.65 375.45 324.41 70.44 69.27 69.41 76.51 80.55 78.88 85.44 376.36 75.44 93.16 379.43 299.20 74.42 377.60 122.04 76.62 96.40 377.74 91.97
384.26 183.12 149.76 163.56 276.39 153.60 0.00 376.28 202.50 378.26 164.72 375.19 184.06 381.85 380.56 330.61 349.06 366.87 136.97 71.71 70.71 69.49 0.00 0.00 183.04 73.54 118.82 82.06 84.49 130.43 343.68 77.52 73.02 77.52 91.91 0.00 91.58 85.11 77.06 87.68 74.42 78.50 110.17 77.06 84.15-9999.00-9999.00-9999.00-9999.00-9999.00-9999.00-9999.00-9999.00-9999.00-9999.00-9999.00-9999.00-9999.00-9999.00-9999.00-9999.00-9999.00-9999.00-9999.00-9999.00-9999.00-9999.00-9999.00 -9999.00-9999.00-9999.00-9999.00-9999.00-9999.00-9999.00-9999.00-9999.00-9999.00-9999.00-9999.00-9999.00-9999.00-9999.00-9999.00-9999.00-9999.00-9999.00-9999.00-9999.00-9999.00-9999.00-9999.00-9999.00-9999.00-9999.00-9999.00-9999.00-9999.00-9999.00-9999.00-9999.00-9999.00-9999.00-9999.00-9999.00-9999.00-9999.00-9999.00-9999.00-9999.00-9999.00 219.57 375.36 267.95 267.95 375.52 0.00 375.41 293.49 319.00 293.49 0.00 247.39 376.05 293.49 375.42
375.47 293.49 296.81 0.00 319.00 375.00 375.00 0.00 293.49 293.49 0.00 375.35 375.02 375.06 293.50 375.60 375.00 310.86 0.00 293.50 376.41 267.95 0.00 0.00 0.00 375.20 375.20 296.82 127.68 157.95 76.54 375.08 0.00 378.22 377.87 79.64 74.58 375.45 267.63 128.20 78.00 78.35 381.78 226.62 72.10 73.82 379.92 282.70 82.55 83.58 92.98 344.42 382.05 78.00 113.34 83.58 77.06 395.93 75.09 376.83 137.74
