蒙特卡罗+CDRMV3/输出数据/2D水深分布/WaterDepthGIS_0138.ASC
ncols         539            
nrows         744            
xllcorner     602630.84259341
yllcorner     3914823.670891 
cellsize      50             
NODATA_value  -9999.00       
[rows 0 to 26 of 32, columns 366 to 426 of 539]
161.86 207.56 164.78 97.61-9999.00-9999.00-9999.00-9999.00-9999.00-9999.00-9999.00-9999.00-9999.00-9999.00-9999.00-9999.00-9999.00-9999.00-9999.00-9999.00-9999.00-9999.00-9999.00-9999.00-9999.00-9999.00-9999.00-9999.00-9999.00-9999.00-9999.00-9999.00-9999.00-9999.00-9999.00-9999.00-9999.00-9999.00-9999.00-9999.00-9999.00-9999.00-9999.00-9999.00-9999.00-9999.00-9999.00-9999.00-9999.00-9999.00-9999.00-9999.00-9999.00-9999.00-9999.00-9999.00-9999.00-9999.00-9999.00-9999.00-9999.00 103.41 91.11 99.78-9999.00-9999.00-9999.00-9999.00-9999.00-9999.00-9999.00-9999.00-9999.00-9999.00-9999.00-9999.00-9999.00-9999.00-9999.00-9999.00-9999.00-9999.00-9999.00-9999.00-9999.00-9999.00-9999.00-9999.00-9999.00-9999.00 81.92 375.42 95.67 377.54 123.50 89.94 81.69 90.16 82.22 125.11 148.61 377.78 378.16 382.56 386.09 385.01 87.28 0.00 128.26 91.17 378.64 148.30 85.61 82.30 326.31 85.61-9999.00-9999.00-9999.00-9999.00-9999.00-9999.00-9999.00-9999.00-9999.00-9999.00 -9999.00-9999.00-9999.00-9999.00-9999.00-9999.00-9999.00-9999.00-9999.00-9999.00-9999.00-9999.00-9999.00-9999.00 89.21 93.30 90.93 94.64 293.20 0.00 0.00 123.39 91.45-9999.00-9999.00-9999.00-9999.00-9999.00-9999.00-9999.00-9999.00-9999.00-9999.00-9999.00-9999.00-9999.00-9999.00-9999.00-9999.00-9999.00-9999.00-9999.00-9999.00-9999.00-9999.00-9999.00-9999.00-9999.00-9999.00-9999.00-9999.00-9999.00-9999.00-9999.00-9999.00-9999.00-9999.00-9999.00-9999.00-9999.00-9999.00-9999.00-9999.00-9999.00-9999.00-9999.00-9999.00-9999.00-9999.00-9999.00-9999.00-9999.00-9999.00-9999.00-9999.00-9999.00-9999.00-9999.00-9999.00-9999.00 101.71 379.22 86.12-9999.00-9999.00-9999.00-9999.00-9999.00-9999.00-9999.00-9999.00-9999.00-9999.00-9999.00-9999.00-9999.00-9999.00-9999.00-9999.00-9999.00-9999.00-9999.00-9999.00-9999.00-9999.00-9999.00-9999.00-9999.00-9999.00 91.48 253.20 92.46 377.48 278.69 81.60 318.41 83.19 95.93 81.80 124.13 376.77 375.55 384.14 87.93
319.72 163.17 90.29 94.11 87.93 87.93 135.35 0.00 92.09 93.16 0.00 379.09 315.44 370.27 186.21 99.71 144.70 97.07-9999.00-9999.00-9999.00 -9999.00-9999.00-9999.00-9999.00-9999.00-9999.00-9999.00-9999.00-9999.00-9999.00-9999.00-9999.00-9999.00-9999.00 81.59 140.55 343.37 83.82 84.24 0.00 145.63 81.68 94.64 92.21 101.01 113.10-9999.00-9999.00-9999.00-9999.00-9999.00-9999.00-9999.00-9999.00-9999.00-9999.00-9999.00-9999.00-9999.00-9999.00-9999.00-9999.00-9999.00-9999.00-9999.00-9999.00-9999.00-9999.00-9999.00-9999.00-9999.00-9999.00-9999.00-9999.00-9999.00-9999.00-9999.00-9999.00-9999.00-9999.00-9999.00-9999.00-9999.00 95.42 84.13 371.84 98.72 87.60 88.63 375.73-9999.00 92.46 123.52 133.88 85.14 352.91 326.34 0.00 98.22 301.20 92.09 377.49 90.22 86.12 88.63 377.28 84.51-9999.00-9999.00 89.64 90.16 82.81 347.68 318.91 140.24 122.28
98.04 99.07 127.54 358.47 383.75 382.68 326.94 137.96 86.97 87.28 145.64 201.43 84.51 162.45 382.39 0.00 91.11 166.33 99.78 81.86 212.44 81.92 83.19 382.00 84.13 375.64 122.18 95.18 81.86 121.53 376.88 377.24 82.22 91.82 101.89 81.39 314.41 378.38 82.59 82.70 389.96 384.04 0.00 0.00 0.00 132.46 82.30 154.81 81.32 81.53 81.92 91.37 85.61 81.65 82.14 81.60 89.51 83.47 81.99 0.00 147.07
83.79 265.76 379.44 89.01 208.99 82.93 272.84 81.60 125.79 86.68 183.84 365.32 370.23 83.19 90.29 88.63 0.00 0.00 103.49 103.88 93.16 95.45 111.91 96.77 283.30 97.39 85.86-9999.00-9999.00-9999.00-9999.00-9999.00-9999.00-9999.00-9999.00 -9999.00-9999.00-9999.00-9999.00-9999.00-9999.00-9999.00-9999.00-9999.00-9999.00-9999.00-9999.00 98.01 278.37 181.14 81.07 120.04 82.78 81.26 0.00 82.63 122.21 84.46 0.00 99.85 302.90 399.35 82.11 380.90 88.01 85.73 92.55 93.71 106.36 100.62 87.64 206.08 267.39 109.80 98.94 94.64 93.50 145.71 384.82 85.14
89.89 81.88 125.15 0.00 316.38 139.54 81.78 95.15 82.49 90.47 95.15 86.31 86.63 210.05 99.88 379.72 89.89 374.70 93.10 82.36 379.95 170.97 86.31 95.99 97.11 326.34 85.73 352.62 0.00 359.08 88.28 215.19 108.76 115.97 82.14 376.87 376.07 97.71 81.65 142.05 0.00 82.06 92.32 142.59 0.00 129.93 262.34 86.68 82.59 377.76 93.75 83.96 141.67 93.21 89.45 376.92 0.00 81.69 93.38 135.30 120.31
89.49 90.07 354.04 134.37 90.11 80.86 364.61 380.08 81.59 379.77 83.82 80.82 0.00 132.80 371.79 377.96 84.46 81.07 89.10 91.89 81.19 0.00 146.39 82.63 272.55 83.82 82.81 376.68 101.54 84.32 126.00 379.81 387.40 0.00 86.12 91.59 89.36 83.63 0.00 120.49 91.59 83.33 378.68 85.61 82.59 122.21 380.50 380.93 83.63 0.00 97.07 90.50 85.86 138.26 83.79 0.00 146.84 139.72 82.70 81.92 91.37
368.78 94.16 377.14 300.00 167.12 82.23 122.20 90.36 80.86 119.53 0.00 197.32 88.39 92.55 95.15 128.97 92.73 377.55 99.46 91.45 0.00 152.78 80.71 91.74 107.34 100.62 329.36 101.01 94.01 82.30 185.36 376.08 83.79 84.71 146.65 81.44 0.00 148.05 81.74 89.26 122.70 249.70 377.93 134.12 84.13 82.93 136.94 89.89 93.92 0.00 94.73 90.73 96.48 123.30 0.00 94.37 381.57 376.44 353.82 123.95 82.70
90.36 81.42 379.08 90.93 127.56 0.00 81.19 80.58 81.59 226.67 381.30 83.82 139.00 89.72 84.94 0.00 88.01 383.31 81.13 83.63 81.13 89.22 96.61 87.29 93.30 81.07 124.44 375.57 222.87 91.37 145.67 86.39 125.29 0.00 81.37 316.88 294.24 82.30 93.55 98.38 89.84 142.38 83.47 130.57 148.63 0.00 81.69 101.71 0.00 81.44 89.99 82.22 82.70 238.06 81.99 87.60 367.02 83.19 123.95 354.93 367.73
230.95 83.10 93.30 81.50 152.41 249.23 368.48 377.07 377.56 377.93 377.58 0.00 156.82 84.51 189.70 95.42 90.23 382.87 89.01 81.41 121.66 326.81 378.19 338.67 0.00 364.72 124.37 85.86 95.18 332.77 377.85 94.37 90.22 147.54 279.15 382.78 155.10 385.38 82.49 84.71 81.69 0.00 376.63 376.52 126.64 81.74 81.56 248.56 376.84 91.17 82.81 375.92 0.00 156.17 121.18 88.28 89.67 81.92 0.00 128.81 83.06
106.64 98.04 260.51 192.93 188.46 82.49 93.92 87.60 108.86 254.05 90.10 83.19 81.65 378.38 92.09 0.00 377.63 88.28 89.40 379.51 0.00 370.61 97.39 90.57 92.06 126.62 89.45 87.60 139.17 139.11 83.06 375.94 84.13 129.90 351.73 149.18 95.03 0.00 0.00 85.37 258.56 94.31 89.54 83.96 0.00 0.00 380.71 201.51 379.54 375.45 373.66 332.62 308.59 133.15 83.19 377.78 82.49 95.93 82.81 378.62 85.61
130.17 91.94 92.46 95.67 92.19 93.21 87.60 95.75 87.60 137.71 365.69 218.18 244.44 0.00 0.00 122.38 376.89 334.35 381.24 378.97 257.17 0.00 100.88 0.00 90.22 86.97 135.31 123.63 91.59 208.15 374.88 182.16 140.91 95.03-9999.00-9999.00-9999.00-9999.00-9999.00-9999.00-9999.00-9999.00-9999.00 -9999.00-9999.00-9999.00-9999.00-9999.00-9999.00-9999.00-9999.00-9999.00-9999.00 81.26 266.74 0.00 81.88 88.60 85.73 88.93 82.78 0.00 120.83 91.89 82.78 136.85 90.07 82.93 0.00 80.91 329.84 128.94 86.63 86.95 383.95 137.55 86.63 96.30 254.85
113.80-9999.00-9999.00-9999.00-9999.00-9999.00-9999.00-9999.00-9999.00-9999.00-9999.00 -9999.00-9999.00-9999.00-9999.00-9999.00-9999.00-9999.00-9999.00-9999.00 82.23 121.52 402.43 0.00 82.78 82.93 0.00 85.73 90.81 83.82 129.60 126.30 81.01 121.16 372.57 0.00 186.50 92.74 93.93 82.36 262.59 386.28 81.68 86.31 92.91 166.03 381.05 84.70 81.99 119.81 376.23 0.00 177.90 150.39 84.94 81.68 376.01 82.36 81.88 382.35 81.99 378.90 80.61 132.73 80.62 0.00 141.32 80.56 93.50 94.64 89.28 90.11 267.75 322.65 93.71 86.97 157.11 375.48 0.00
364.84 81.42 80.80 119.70 0.00 99.08 157.32 158.07 99.08 141.55 89.35 80.75 385.82 0.00 0.00 378.57 170.89 84.13 376.32 268.85 93.51 83.47 155.57 217.28 337.03 0.00 84.92 82.39 385.53 262.98 376.04 350.71 219.34 378.31 83.79 91.59 91.11 0.00 0.00 0.00 0.00 0.00 0.00 0.00 100.01 287.70 86.97 383.67 195.35 97.71 90.66 379.74 379.05 0.00 90.66 296.27 377.86 377.25 392.09 304.35 376.35
139.49 373.98 382.96 84.92 84.32 85.37 123.14 353.58 383.64 0.00 228.09 376.83 158.59 377.79 282.84 375.76 373.81 205.71 92.44 136.76 236.09 123.75 0.00 88.63 355.51 150.20 85.14 378.59 170.24 85.86-9999.00-9999.00-9999.00-9999.00-9999.00-9999.00-9999.00-9999.00-9999.00-9999.00-9999.00-9999.00-9999.00-9999.00 -9999.00-9999.00-9999.00-9999.00-9999.00-9999.00-9999.00-9999.00-9999.00-9999.00-9999.00 97.97 92.16 96.93 88.79 378.77 87.29 377.91 86.31 88.25 89.80 238.12 380.91 0.00 0.00 0.00 86.01 82.11 130.87 0.00 0.00 0.00 84.70 0.00 95.46 138.09 334.36 89.64 80.61 297.89 0.00
99.85 179.30 86.31 377.83 82.49 90.93 80.63 134.91 311.30 123.89 86.63 0.00 338.93 80.66 96.93 102.33 91.89 94.64 88.01 378.65 80.71 161.29 376.97 208.63 0.00 0.00 0.00 378.62 326.27 380.17 97.34 376.21 385.41 384.25 158.19 93.16 98.38 86.97 92.06 84.51 86.39 377.81 84.51 81.36 82.22 144.36 375.91 97.34 87.60 85.86 173.43 100.88 93.16 146.38 244.60 380.12 135.87 95.42 115.97 93.55 92.46
378.33 379.50 379.96 88.39 0.00 82.63 214.09 80.75 81.99 144.10 373.08 82.11 162.35 235.02 146.68 125.81 83.63 0.00 150.92 82.78 85.19 0.00 0.00 82.11 90.81 357.45 83.10 101.01 91.32 85.73 92.05 89.22 90.47 81.88 378.18 0.00 390.65 346.87 82.63 87.64 218.25 92.05 93.36 219.67 416.51 0.00 88.79 376.23 128.73 144.06 92.73 377.21 81.42 81.78 98.72 91.82 87.93 87.60 97.71 88.28 83.96
376.77 377.19 375.63 229.23 124.09-9999.00-9999.00-9999.00-9999.00-9999.00-9999.00-9999.00-9999.00-9999.00-9999.00-9999.00-9999.00-9999.00-9999.00-9999.00-9999.00-9999.00-9999.00-9999.00-9999.00 -9999.00-9999.00-9999.00-9999.00-9999.00-9999.00-9999.00-9999.00-9999.00-9999.00-9999.00-9999.00-9999.00-9999.00-9999.00-9999.00-9999.00-9999.00-9999.00 105.29 91.08 100.62 90.58 142.79 86.63 387.94 345.16 378.85 85.45 80.91 245.41 375.23 378.74 122.06 124.85 88.37 166.16 381.45 0.00 376.49 125.07 218.72 87.64 81.26 81.99 383.00 409.13 283.31 93.36 91.32 92.16 90.81 160.05 90.36 94.89 89.42 80.96 249.90 105.29 0.00 97.11 0.00 278.87 99.88 376.60 250.19 118.62 147.61 375.21 380.21 92.16 93.30 95.42 95.70
95.15 88.39 328.51 109.80 377.66 84.46 392.44 375.72 375.70 382.04 82.23 81.34 88.23 88.25 131.15 141.83 0.00 145.40 135.98 98.70 86.01 99.88 0.00 89.65 80.78 97.97 86.01 376.06 294.61 339.03 88.79 379.76 124.49 134.02 373.07 337.55 327.39 377.88 149.20 0.00 382.18 379.86 212.31 144.89 82.93 81.59 274.98 84.03 94.16 87.29 379.34 170.93 0.00 100.81 377.13 150.19 97.11 0.00 141.00 89.21 94.71
206.26 378.90 375.73 93.36 0.00 88.79 84.70 187.83 94.01 379.32 375.72 91.08 208.73 192.78 102.73 100.81 102.73 171.54 137.53 190.28 137.53 320.26 107.21 90.61 188.79 94.40 208.49 230.39 100.62 83.44 87.29 84.24 96.26 397.97 293.45 378.71 381.02 84.70 385.87 92.16 0.00 386.14 248.54 386.10 213.74 186.69 233.80 382.13 169.41 0.00 0.00 375.98 116.61 90.66 86.39 376.21 92.09 95.18 82.30 381.02 84.32
99.88 102.73 0.00 203.38 122.97 380.68 375.91 377.83 393.04 383.13 96.26 99.85 103.11 109.80 91.08 377.64 101.41 94.64 87.29 98.94 377.60 0.00 228.95 377.86 93.36 269.69 264.50 375.17 357.72 376.29 257.04 91.75 127.98 182.53 357.15 101.19 84.92 127.49 350.42 85.86 84.51 376.75 357.18 122.50 92.61 90.65 83.96 83.06 372.87 379.84 82.39 131.80 378.28 0.00 377.96 204.55 133.10 96.20 90.42 91.82 90.66
245.45 102.71 90.09 96.93 89.65 93.36 379.99 348.56 93.36 99.46 82.78 134.08 365.95 378.70 380.00 0.00 274.59 307.55 376.29 224.46 326.14 391.48 357.93 376.97 156.75 137.53 369.29 0.00 225.76 98.94 310.90 85.14 338.03 83.19 89.01 95.67 83.33 141.31 336.00 381.00 84.51 380.67 83.47 0.00 378.02 137.80 383.75 82.59 153.80 180.09 352.38 82.49 368.28 82.59 102.61 0.00 359.71 124.32 85.37 100.85 95.42
368.76 211.87 381.39 260.31 0.00 248.54 211.87 207.82 375.69 0.00 326.60 373.12 0.00 156.75 122.55 106.02 377.43 230.45 117.37 296.98 378.36 83.33 83.96 376.65 88.63 376.35 86.97 368.88 0.00 89.01 100.85 93.51 81.41 89.18 92.73 213.38 90.57 84.92 335.39 138.07 84.13 96.20 133.82 382.80 144.13 82.49 93.73 93.38-9999.00-9999.00-9999.00-9999.00-9999.00-9999.00-9999.00-9999.00-9999.00-9999.00-9999.00-9999.00-9999.00-9999.00-9999.00-9999.00-9999.00-9999.00-9999.00-9999.00-9999.00-9999.00-9999.00-9999.00 -9999.00-9999.00-9999.00-9999.00-9999.00-9999.00-9999.00-9999.00-9999.00-9999.00-9999.00-9999.00-9999.00-9999.00-9999.00-9999.00-9999.00-9999.00-9999.00-9999.00-9999.00 94.39 90.58 87.64 100.81 178.92 378.00 376.99 382.93 387.64 382.98 415.07 105.52
90.93 82.63 85.45 87.29 348.11 339.34 377.24 377.28 377.97 342.45 335.34 0.00 376.44 376.14 378.52 367.75 135.82 116.79 0.00 376.17 377.66 189.35 210.19 188.75 115.05 94.97 85.73 88.01 100.01 369.09 297.68 376.20 375.63 378.17 172.42 230.27 320.54 264.50 375.97 373.52 310.01 339.26 0.00 328.93 0.00 380.48 328.93 381.96 384.92 0.00 375.97 287.76 326.60 377.43 375.35 376.47 310.05 92.32 286.91 99.40 85.06
373.49 157.03 140.90 82.43 81.56 89.43 92.23 90.12 82.51 90.87 85.74 127.49 144.41 283.01 159.42 145.89 365.08 86.12 98.38 375.40 105.36 381.87 127.54 92.09-9999.00-9999.00-9999.00-9999.00-9999.00-9999.00-9999.00-9999.00-9999.00-9999.00-9999.00-9999.00-9999.00-9999.00-9999.00-9999.00-9999.00-9999.00-9999.00-9999.00-9999.00 -9999.00-9999.00-9999.00-9999.00-9999.00-9999.00-9999.00-9999.00-9999.00-9999.00-9999.00-9999.00-9999.00-9999.00-9999.00-9999.00-9999.00-9999.00-9999.00-9999.00-9999.00-9999.00-9999.00-9999.00-9999.00-9999.00-9999.00-9999.00-9999.00-9999.00-9999.00-9999.00-9999.00 103.20 248.97 377.76 203.38 381.59 380.07 376.17 376.46 375.48 213.49 375.29 297.79 0.00 327.10 0.00 375.18 375.18 107.62 103.19 127.15 112.56 95.26 105.70 121.23 147.10 103.19 382.65 376.67 156.89 93.95 361.69 94.59 376.35 365.83 99.24 133.20
376.37 384.13 376.54 380.75 84.47 86.79 380.45 382.77 403.15 380.22 81.62 90.95 108.58 100.59 82.79 90.80 387.59 94.59 230.35 88.04 377.89 262.16 416.53 96.76 0.00 0.00 384.50 100.44 163.56-9999.00-9999.00-9999.00-9999.00-9999.00-9999.00-9999.00-9999.00-9999.00-9999.00-9999.00-9999.00-9999.00-9999.00-9999.00-9999.00-9999.00-9999.00-9999.00-9999.00-9999.00-9999.00-9999.00 -9999.00-9999.00-9999.00-9999.00-9999.00-9999.00-9999.00-9999.00-9999.00-9999.00-9999.00-9999.00-9999.00-9999.00-9999.00-9999.00-9999.00-9999.00-9999.00-9999.00-9999.00-9999.00-9999.00-9999.00-9999.00-9999.00-9999.00-9999.00-9999.00-9999.00-9999.00-9999.00-9999.00-9999.00-9999.00-9999.00-9999.00 291.27 369.47 375.01 375.39 374.25 352.89 375.27 375.27 375.14 0.00 297.79 335.01 293.96 0.00 361.26 297.80 377.05 375.04 297.80 297.79 297.80 377.21 377.03 297.80 375.67 0.00 355.97 106.22 106.22 118.33 382.60
0.00 297.79 297.79 297.79 378.89 0.00 360.93 375.01 297.79 0.00 0.00 0.00 0.00 375.01 297.79 375.01 297.79 320.92 0.00 0.00 375.77 378.03 185.15 375.51 283.66 375.32 369.96 144.27 375.18 319.48 172.24 377.89 176.37 84.29 180.54 81.72 156.81 148.76 91.64 104.10 261.48 375.33 376.71 107.72 376.75 189.28 101.46 90.35 372.12 377.09 91.75 383.60 86.24 200.79 82.51 376.74 88.38 377.12 94.72 377.82 93.06
301.09 0.00 375.01 0.00 375.59 297.79 0.00 297.79 375.52 375.18 297.80 297.79 376.37 375.01 331.35 375.01 0.00 0.00 297.80 297.80 0.00 378.04 375.55 231.41 375.42 299.28 136.32 158.40 375.46 107.28 375.29 375.36 377.75 87.70 85.74 379.35 311.85 146.16 85.28 0.00 89.92 147.73 90.35 184.16 85.74 83.51 415.03 103.56 380.08 89.92 95.98 0.00 388.67 161.06 90.35 103.17 91.75 185.82 106.96 85.49 0.00
