蒙特卡罗+CDRMV3/输出数据/2D水深分布/WaterDepthGIS_0154.ASC
ncols         539            
nrows         744            
xllcorner     602630.84259341
yllcorner     3914823.670891 
cellsize      50             
NODATA_value  -9999.00       
[rows 0 to 26 of 32, columns 122 to 182 of 539]
79.51 380.65 133.92 74.68 161.27 84.67-9999.00-9999.00-9999.00-9999.00-9999.00-9999.00-9999.00-9999.00-9999.00-9999.00-9999.00-9999.00-9999.00-9999.00 -9999.00-9999.00-9999.00-9999.00-9999.00-9999.00-9999.00-9999.00-9999.00-9999.00-9999.00-9999.00-9999.00-9999.00-9999.00-9999.00-9999.00-9999.00-9999.00-9999.00-9999.00-9999.00-9999.00-9999.00-9999.00-9999.00-9999.00-9999.00-9999.00-9999.00-9999.00-9999.00-9999.00-9999.00-9999.00-9999.00-9999.00-9999.00-9999.00-9999.00-9999.00-9999.00-9999.00-9999.00-9999.00-9999.00-9999.00-9999.00-9999.00-9999.00-9999.00-9999.00-9999.00-9999.00-9999.00-9999.00-9999.00-9999.00-9999.00-9999.00-9999.00-9999.00-9999.00-9999.00-9999.00-9999.00-9999.00-9999.00-9999.00-9999.00-9999.00-9999.00-9999.00-9999.00-9999.00-9999.00-9999.00-9999.00-9999.00-9999.00-9999.00-9999.00-9999.00-9999.00-9999.00-9999.00-9999.00-9999.00-9999.00-9999.00-9999.00-9999.00-9999.00-9999.00-9999.00-9999.00-9999.00-9999.00-9999.00-9999.00-9999.00-9999.00-9999.00-9999.00-9999.00-9999.00-9999.00-9999.00-9999.00-9999.00-9999.00-9999.00-9999.00-9999.00-9999.00-9999.00 73.84 170.25 75.08 127.76 73.66 374.86 385.86 73.68 188.26 0.00 132.56 74.51 355.89 74.51 76.18-9999.00-9999.00-9999.00-9999.00-9999.00-9999.00-9999.00-9999.00-9999.00-9999.00-9999.00-9999.00-9999.00-9999.00 -9999.00-9999.00-9999.00-9999.00-9999.00-9999.00-9999.00-9999.00-9999.00-9999.00-9999.00-9999.00 88.27 79.08 91.30 91.76 79.78 89.15-9999.00-9999.00-9999.00-9999.00-9999.00-9999.00-9999.00-9999.00-9999.00-9999.00-9999.00-9999.00-9999.00-9999.00-9999.00-9999.00-9999.00-9999.00-9999.00-9999.00-9999.00-9999.00-9999.00-9999.00-9999.00-9999.00-9999.00-9999.00-9999.00-9999.00-9999.00-9999.00-9999.00-9999.00-9999.00-9999.00-9999.00-9999.00-9999.00-9999.00-9999.00-9999.00-9999.00-9999.00-9999.00-9999.00-9999.00-9999.00-9999.00-9999.00-9999.00-9999.00-9999.00-9999.00-9999.00-9999.00-9999.00-9999.00-9999.00-9999.00-9999.00-9999.00-9999.00-9999.00-9999.00-9999.00-9999.00-9999.00-9999.00-9999.00-9999.00-9999.00-9999.00-9999.00-9999.00-9999.00-9999.00-9999.00-9999.00-9999.00-9999.00-9999.00-9999.00-9999.00-9999.00-9999.00-9999.00-9999.00-9999.00-9999.00-9999.00-9999.00-9999.00-9999.00-9999.00-9999.00-9999.00 74.36 111.72 153.43 375.74 75.19 294.52 384.24 80.19 81.19 74.51 0.00 77.80 332.08 75.71 81.59 134.34 82.56-9999.00-9999.00-9999.00-9999.00-9999.00-9999.00-9999.00-9999.00-9999.00-9999.00-9999.00-9999.00-9999.00 -9999.00-9999.00-9999.00-9999.00-9999.00-9999.00-9999.00-9999.00-9999.00-9999.00-9999.00 79.08 142.74 183.32 92.62 186.07 301.14 77.09-9999.00-9999.00-9999.00-9999.00-9999.00-9999.00-9999.00-9999.00-9999.00-9999.00-9999.00-9999.00-9999.00-9999.00-9999.00-9999.00-9999.00-9999.00-9999.00-9999.00-9999.00-9999.00-9999.00-9999.00-9999.00-9999.00-9999.00-9999.00-9999.00-9999.00-9999.00-9999.00-9999.00-9999.00-9999.00-9999.00-9999.00-9999.00-9999.00-9999.00-9999.00-9999.00-9999.00-9999.00-9999.00-9999.00-9999.00-9999.00-9999.00-9999.00-9999.00-9999.00-9999.00-9999.00-9999.00-9999.00-9999.00-9999.00-9999.00-9999.00-9999.00-9999.00-9999.00-9999.00-9999.00-9999.00-9999.00-9999.00-9999.00-9999.00-9999.00-9999.00-9999.00-9999.00-9999.00-9999.00-9999.00-9999.00-9999.00-9999.00-9999.00-9999.00-9999.00-9999.00-9999.00-9999.00-9999.00-9999.00-9999.00-9999.00-9999.00-9999.00-9999.00-9999.00-9999.00-9999.00-9999.00 81.71 82.34 85.44 74.97 378.67 384.26 79.19
113.76 83.62 225.02 74.77 82.02 84.80 82.41 75.08 87.14 86.33 74.36 87.01 128.68 78.32 81.76 0.00 173.63 74.29 76.91 243.94 378.63 383.54 381.75 75.08 74.00 211.06 118.89 84.67-9999.00-9999.00 -9999.00-9999.00-9999.00-9999.00-9999.00-9999.00-9999.00-9999.00-9999.00-9999.00-9999.00-9999.00-9999.00-9999.00-9999.00 73.69 126.27 352.32 74.40 73.11 0.00 87.73 90.52 135.69 83.29-9999.00-9999.00-9999.00-9999.00-9999.00-9999.00-9999.00-9999.00-9999.00-9999.00-9999.00-9999.00-9999.00-9999.00-9999.00-9999.00-9999.00-9999.00-9999.00-9999.00-9999.00-9999.00-9999.00-9999.00-9999.00-9999.00-9999.00-9999.00-9999.00-9999.00-9999.00-9999.00-9999.00-9999.00-9999.00-9999.00-9999.00-9999.00-9999.00-9999.00-9999.00 81.34 96.86-9999.00-9999.00-9999.00-9999.00-9999.00-9999.00 84.51 83.62 118.54 83.85 80.94 380.25 77.56 85.27 332.09 176.67-9999.00-9999.00-9999.00-9999.00-9999.00-9999.00-9999.00-9999.00 74.87 115.48 138.80 384.82 288.04 84.65 369.74 85.27 78.32 377.89
74.64 180.90 137.97 374.51 0.00 134.80 118.60 74.64 73.62 399.92 237.27 87.47 172.65 94.57 92.62 98.58-9999.00-9999.00-9999.00-9999.00-9999.00-9999.00-9999.00-9999.00-9999.00-9999.00-9999.00-9999.00-9999.00-9999.00-9999.00-9999.00-9999.00-9999.00-9999.00-9999.00-9999.00-9999.00-9999.00-9999.00-9999.00-9999.00 77.56 99.23 85.80 96.86 79.84 87.14 87.58 206.60 88.55 377.81 82.90 376.63 84.51 82.14 88.05 87.58 75.31 134.32 377.69 87.14 76.35 0.00 0.00 364.47 77.80 77.12 118.46 381.13 77.12 82.90 79.19 84.80 82.90 74.68 166.36 75.08 82.14 73.91 379.29 117.59 83.09 80.56 74.77 75.71 74.97
132.71 177.02 0.00 0.00 291.95 76.53 77.80 82.20 92.67 82.27 77.56 0.00 151.65 0.00 151.65 378.80 183.30 81.76 86.99 416.75 377.81 376.64 82.65 90.65-9999.00-9999.00-9999.00-9999.00-9999.00-9999.00 -9999.00-9999.00-9999.00-9999.00-9999.00-9999.00-9999.00-9999.00-9999.00-9999.00-9999.00-9999.00 217.53 87.51 78.76 76.63 110.42 172.26 346.59 0.00 147.06 74.40 73.29 0.00 377.53 74.64 73.11 237.63 74.89 377.89 83.82 137.48 82.89-9999.00-9999.00-9999.00-9999.00 90.90 92.16 74.52 173.34 378.82 77.34 381.28 76.35 82.65 203.13 86.39 184.77 80.94 360.21 86.93
126.90 137.39 78.45 92.62 320.85 86.99 81.38 378.24 86.82 379.22 139.38 94.00 86.30 78.45 81.52 75.03 387.24 377.97 88.81 381.87 151.57 87.01 99.23 95.97 84.24 79.51 86.73 78.32 363.01 0.00 88.81 380.12 73.96 0.00 76.01 127.25 80.94 87.14 89.83 106.20 74.51 309.81 135.45 75.44 80.19 0.00 74.05 83.85 83.29 78.32 79.51 84.51 312.15 79.19 0.00 119.08 74.59 151.58 83.39 114.39 313.40
87.01 93.12 77.80 133.60 112.18 76.53 78.88 380.71 73.70 0.00 81.34 83.09 73.64 0.00 73.87 88.81 86.14 375.61 81.34 83.62 376.70 74.77 136.83 82.81 74.68 0.00 113.21 74.68 74.97 160.00 0.00 195.25 123.19 300.89 95.97 200.99 128.26 75.08 83.39 154.43 95.51 380.02 339.42 75.08 87.36 75.71 134.69 395.75 380.08 74.11 380.91 132.34 78.60 74.51 376.29 172.98 87.36 349.43 74.22 233.25 86.93
81.38 92.62 88.81 111.51 377.71 76.01 378.91 378.43 0.00 0.00 74.43 124.69 0.00 111.63 74.22 87.58 81.34 381.48 73.96 74.36 155.84 83.73 75.19 74.97 0.00 112.96 74.87 81.37 122.10 0.00 78.88 272.54 76.18 126.03 84.51 89.37 116.52 249.27 98.67 378.75 385.31 317.52 242.64 89.98 336.66 214.88 74.77 91.01 81.59 73.91 0.00 82.20 85.61 126.55 83.19 83.29 84.37 74.87 199.04 76.35 83.39
296.74 282.98 92.85 334.76 86.75 89.08 79.51 82.20 75.08 124.08 130.07 80.94 0.00 79.19 384.94 375.99 321.99 199.08 75.44 75.19 123.79 81.96 82.90 76.53 0.00 74.16 84.95 124.07 0.00 74.36 74.22 116.48 82.81 82.14 86.93 79.84 74.11 116.23 188.11 94.96 0.00 111.81 74.22 83.39 74.87 85.11 82.72 77.12 260.31 111.88 0.00 85.22 85.27 83.50 82.41 78.60 112.16 380.44 112.48 82.90 76.71
74.78 73.64 85.27 264.70 77.56 83.62 146.23 75.31 114.21 376.06 377.46 83.13 0.00 77.34 383.57 379.30 382.53 76.35 76.53 83.29 91.40 155.02 376.09 76.91 82.65 95.51 82.64 82.20 0.00 336.55 136.28 74.36 82.64 226.72 117.76 76.53 90.31 217.30 373.55 0.00 174.03 74.59 93.83 129.46 384.85 374.15 84.80 91.40 73.68 260.19 88.29 79.51 0.00 112.79 80.19 82.56 83.29 81.40 77.12 378.23 0.00
155.95 0.00 0.00 84.65 87.58 93.12 141.81 88.81 141.87 122.98 0.00 85.22 355.93 131.94 125.88 81.91 83.19 82.72 75.31 142.58 378.56 0.00 0.00 136.83 80.19 0.00 84.67 135.49 135.33 75.86 82.20 124.09 80.94 378.41 0.00 100.80 381.28 380.97 118.10 77.34 84.95 84.10 82.56 77.12 76.91 95.03 90.31 177.06 78.60 140.99 92.22-9999.00-9999.00-9999.00-9999.00-9999.00-9999.00-9999.00-9999.00 -9999.00-9999.00-9999.00-9999.00-9999.00-9999.00-9999.00-9999.00-9999.00-9999.00 81.10 114.22 115.69 0.00 377.50 73.84 77.34 83.13 84.10
0.00 375.50 76.92 0.00 386.92 381.01 313.61 0.00 375.44 370.04 246.66 85.14 85.61 82.20 385.95 76.01 77.12 75.31 75.19 88.05 88.81 356.83 134.72 83.13-9999.00-9999.00-9999.00-9999.00-9999.00-9999.00-9999.00-9999.00 -9999.00-9999.00-9999.00-9999.00-9999.00-9999.00-9999.00-9999.00-9999.00-9999.00 84.58 124.18 112.52 0.00 195.00 84.75 92.11 80.60 73.14 83.82 393.11 73.21 81.74 82.07 73.28 0.00 143.23 73.76 91.72 79.08 128.71 73.50 186.28 380.28 209.83 116.82 78.15 74.20 217.01 382.38 86.99 82.78 387.45 74.76 86.52 84.37
0.00 77.34 87.73 80.55 129.38 122.26 76.02 0.00 284.16 269.20 113.22 83.82 87.23 378.91 88.55 130.36 345.63 77.60 85.29 376.58 82.16 73.50 164.64 0.00 83.80 89.80 84.10 80.91 72.98 82.56 85.88 375.94 80.87 273.08 80.39 82.07 72.95 319.70 0.00 156.95 126.33 73.08 80.69 79.78 301.93 76.35 145.20 374.82 374.14 73.87 143.08 0.00 130.87 74.36 84.10 85.78 75.19 138.32 0.00 118.58 82.65
0.00 120.70 75.83 180.09 90.75 72.99 140.56 328.82 378.56 155.67 86.09 77.80 0.00 379.88 78.32 397.20 76.18 101.55 84.14 127.43 0.00 139.29 76.71 75.08 381.14 80.56 79.19 170.33 88.55 375.99 87.81 73.64 386.13 97.05 75.44 85.80 0.00 376.37 332.24 80.94 78.60 376.40 73.66 83.50 75.71 379.98 76.91 321.58 376.87 384.00 87.01 92.70 170.05 382.11 234.76 376.18 257.67 257.67 0.00 375.35 375.97
85.22 76.53 81.76 272.66 0.00 0.00 263.85 376.61 378.59 257.73 0.00 0.00 0.00 102.36 172.87 215.72 0.00 0.00 0.00 78.86 0.00 0.00 380.65 93.12 76.71 346.93 376.94 112.83 74.68 75.86 87.14-9999.00-9999.00-9999.00-9999.00-9999.00-9999.00-9999.00-9999.00-9999.00-9999.00-9999.00-9999.00-9999.00-9999.00 -9999.00-9999.00-9999.00-9999.00-9999.00-9999.00-9999.00-9999.00-9999.00-9999.00 89.84 169.49 214.94 84.26 155.81 145.08 362.04 83.66 84.26 334.15 374.62 0.00 78.76 73.01 73.34 81.86 82.89 82.78 192.45 76.86 117.50 0.00 304.62 0.00 133.93 112.85 111.81 81.52 74.10
0.00 112.86 73.44 87.77 0.00 148.89 111.73 82.26 80.87 77.60 0.00 73.92 181.49 75.03 87.23 145.61 83.13 80.83 73.76 82.45 73.25 0.00 0.00 115.23 73.25 313.06 123.37 81.59 87.73 76.42 359.73 83.95 125.35 346.18 142.28 115.29 74.22 379.48 0.00 376.01 375.27 369.35 83.62 98.78 84.34 84.60 74.97 77.34 338.09 296.22 81.16 380.99 113.26 76.18 75.71 167.88 82.72 116.70 76.53 368.49 204.98
233.75 206.00 0.00 131.60 72.98 75.70 83.50 384.16 376.91 376.22 73.84 84.65 73.70 114.67 83.62 84.65 75.44-9999.00-9999.00-9999.00-9999.00-9999.00-9999.00-9999.00-9999.00-9999.00-9999.00-9999.00-9999.00-9999.00-9999.00-9999.00-9999.00 -9999.00-9999.00-9999.00-9999.00-9999.00-9999.00-9999.00-9999.00-9999.00-9999.00-9999.00-9999.00-9999.00-9999.00-9999.00-9999.00-9999.00 98.63 86.17 79.78 77.09 84.26 74.89 73.06 118.48 0.00 73.34 85.11 74.76 215.43 73.02 166.16 379.37 73.34 387.13 0.00 115.69 75.83 73.92 0.00 80.55 81.27 73.56 166.83 376.12 0.00 382.23 381.42 377.82 312.80 161.05 75.18 80.49 113.40 171.94 367.35 0.00 80.16 82.16 82.78
91.40 379.19 76.18 132.76 83.29 75.31 74.51 381.22 76.71 82.41 75.57 73.62 111.88 0.00 119.63 85.80 88.55 95.51 224.17 79.19 86.28 76.71 88.55 172.67 116.28 74.68 87.14 286.97 162.49 123.39 87.01-9999.00-9999.00-9999.00-9999.00-9999.00-9999.00-9999.00-9999.00-9999.00-9999.00-9999.00-9999.00-9999.00-9999.00-9999.00-9999.00-9999.00-9999.00-9999.00 -9999.00-9999.00-9999.00-9999.00-9999.00-9999.00-9999.00-9999.00-9999.00-9999.00-9999.00-9999.00-9999.00-9999.00-9999.00-9999.00-9999.00 77.87 263.21 137.34 78.76 175.83 362.26 74.10 0.00 138.65 76.86 84.94 88.00 86.30 84.93 75.03 76.86 84.26 88.85 76.42 110.44 149.81 0.00 94.00 378.97 73.18 85.88 76.63 93.58 86.09
177.47 75.86 116.02 163.99 81.71 82.14 74.59 84.51 81.80 74.87 73.68 115.16 170.51 382.43 404.57 379.81 0.00 0.00 83.62 377.19 376.52 376.94 239.83 140.02 111.53 74.05 77.80 137.07 83.85 88.55-9999.00-9999.00-9999.00-9999.00-9999.00-9999.00-9999.00-9999.00-9999.00-9999.00-9999.00-9999.00-9999.00-9999.00-9999.00-9999.00-9999.00-9999.00-9999.00-9999.00-9999.00 -9999.00-9999.00-9999.00-9999.00-9999.00-9999.00-9999.00-9999.00-9999.00-9999.00-9999.00-9999.00-9999.00-9999.00-9999.00-9999.00-9999.00-9999.00-9999.00 90.75 376.87 140.45 86.82 382.42 82.78 88.85 146.40 90.15 357.07 75.49 79.43 200.52 257.32 122.83 112.52 377.09 0.00 154.62 110.98 85.54 76.42 116.04 0.00 302.32 116.91 74.01 73.25 75.03 113.21
376.58 84.10 74.77 363.28 0.00 0.00 0.00 0.00 78.60 76.53 93.48 0.00 0.00 0.00 80.94 74.68 115.82 376.73 73.65 73.67 123.23 242.58 73.91 85.11-9999.00-9999.00-9999.00-9999.00-9999.00-9999.00-9999.00-9999.00-9999.00-9999.00-9999.00-9999.00-9999.00-9999.00-9999.00-9999.00-9999.00 -9999.00-9999.00-9999.00-9999.00-9999.00-9999.00-9999.00-9999.00-9999.00-9999.00-9999.00-9999.00-9999.00-9999.00-9999.00-9999.00-9999.00-9999.00-9999.00-9999.00-9999.00-9999.00-9999.00-9999.00-9999.00 174.96 275.39 377.77 375.47 379.72 389.28 379.79 0.00 0.00 0.00 0.00 0.00 365.02 77.09 78.15 162.47 87.51 0.00 0.00 0.00 0.00 0.00 331.17 105.25 0.00 0.00 376.92 281.19 364.99 378.78 269.71 375.97 89.01 90.08 83.32 89.77
381.45 112.74 75.08-9999.00-9999.00-9999.00-9999.00-9999.00-9999.00-9999.00-9999.00-9999.00-9999.00-9999.00-9999.00-9999.00-9999.00-9999.00-9999.00-9999.00-9999.00 -9999.00-9999.00-9999.00-9999.00-9999.00-9999.00-9999.00-9999.00-9999.00-9999.00-9999.00-9999.00-9999.00-9999.00-9999.00-9999.00-9999.00-9999.00-9999.00-9999.00-9999.00-9999.00-9999.00-9999.00 103.07 84.75 82.67 75.33 379.99 79.78 82.56 80.72 81.98 122.66 111.35 112.91 90.52 79.78 77.09 79.78 0.00 379.24 356.78 151.84 87.51 94.07 88.23 288.04 377.77 381.38 205.77 83.29 289.26 87.51 367.80 169.43 0.00 270.91 99.05 271.79 188.48 80.96 81.83 78.15 312.87 83.29 383.27 377.84 81.38 88.23 233.62 377.74 380.10 83.29 92.62 78.45 302.54 0.00 0.00 0.00 0.00
0.00 80.96 82.26 74.89 115.02 357.09 0.00 379.12 97.39 148.92 74.69 112.13 86.42 373.69 132.30 87.73 77.09 90.75 323.68 97.39 418.16 316.65 110.85 95.16 76.86 312.16 377.36 0.00 0.00 108.44 88.78 83.29 83.29 89.15 104.55 116.52 375.69 196.69 84.37 109.68 77.60 125.64 317.83 378.26 378.41 241.56 0.00 241.56 375.73 249.73 264.90 371.25 384.54 375.49 229.91 383.34 187.47 89.01 84.37 0.00 375.28
377.37 0.00 376.37 381.61 299.99 376.98 375.45 109.96 164.15 110.09 82.30 361.04 84.37 340.61 220.73 86.12 117.76 403.01 163.06 339.11 100.06 85.54 387.26 403.00 0.00 0.00 360.96 327.40 384.78 102.16 92.16 270.13 83.29 229.93 78.15 77.87 377.21 217.39 347.60 132.74 0.00 378.07 0.00 375.12 367.49 376.09 291.23 375.25 0.00 215.67 377.19 241.86 84.81 111.50 90.33 75.33 76.53 90.65 89.08 94.07 87.36
0.00 376.74 0.00 304.64 375.32 375.38 380.40 326.65 326.67 376.62 0.00 376.08 0.00 375.25 379.82 97.69 109.57 375.81 94.33 322.71 90.75 77.51 352.29 127.90 80.55 75.19 112.53 364.67 264.67 0.00 377.50 248.12 92.02 135.46 83.19 113.03 141.60 385.02 112.05 375.59 334.19 131.73 131.31 76.01 229.68 255.43 322.05 74.36 136.15 377.51 74.97 159.13-9999.00-9999.00-9999.00-9999.00-9999.00-9999.00-9999.00-9999.00-9999.00-9999.00-9999.00-9999.00-9999.00-9999.00-9999.00-9999.00-9999.00-9999.00-9999.00-9999.00-9999.00-9999.00 -9999.00-9999.00-9999.00-9999.00-9999.00-9999.00-9999.00-9999.00-9999.00-9999.00-9999.00-9999.00-9999.00-9999.00-9999.00-9999.00-9999.00-9999.00-9999.00-9999.00-9999.00-9999.00-9999.00-9999.00-9999.00-9999.00-9999.00-9999.00 89.01 129.39 96.55 92.62 87.51 75.83 376.47 85.54
376.74 375.73 121.69 349.22 0.00 166.42 96.77 237.15 308.79 323.64 377.65 379.77 252.67 98.58 87.51 375.34 321.34 255.48 377.00 379.95 381.37 0.00 0.00 0.00 0.00 0.00 376.72 188.77 295.53 115.22 188.77 336.14 0.00 295.52 375.49 0.00 377.50 375.18 295.52 377.10 295.52 0.00 0.00 0.00 0.00 0.00 0.00 0.00 377.23 164.37 95.06 89.90 376.80 391.20 379.06 81.01 91.85 351.43 111.44 74.53 77.35
379.92 81.76 93.83 382.13 87.39-9999.00-9999.00-9999.00-9999.00-9999.00-9999.00-9999.00-9999.00-9999.00-9999.00-9999.00-9999.00-9999.00-9999.00-9999.00-9999.00-9999.00-9999.00-9999.00-9999.00-9999.00 -9999.00-9999.00-9999.00-9999.00-9999.00-9999.00-9999.00-9999.00-9999.00-9999.00-9999.00-9999.00-9999.00-9999.00-9999.00-9999.00-9999.00-9999.00-9999.00-9999.00-9999.00-9999.00-9999.00-9999.00-9999.00-9999.00-9999.00-9999.00-9999.00-9999.00-9999.00-9999.00-9999.00 351.90 377.53 379.14 162.53 385.73 382.90 376.39 377.28 271.18 295.53 295.53 295.53 271.18 271.18 0.00 375.23 375.14 378.71 375.41 377.77 379.71 378.78 378.47 379.00 394.16 84.60 82.13 379.29 385.17 251.37 397.45 388.44 394.61 361.14 92.62 98.21 98.44 84.60 376.45 376.59 375.50 376.38 263.13 92.72 91.69 377.42 89.15 375.91 382.50 0.00 376.01 375.17 296.91 83.35 108.82
295.52 295.52 392.67 295.53 375.13 225.15 0.00 375.91 276.33 379.23 241.85 377.66 379.13 164.37 361.42 322.91 391.70 388.86 381.24 256.38 276.33 381.97 378.04 377.29 0.00 378.90 375.68 375.67 0.00 0.00 0.00 0.00 0.00 375.60 348.30 278.76 363.95 120.21 81.28 143.28 0.00 212.75 112.64 82.13 221.75 73.98 91.45 96.77 89.12 235.83 80.51 382.73 375.55 77.35 80.51 96.77 92.25 146.45 76.37 85.56 91.45
380.19 80.82 86.54 379.96 81.34-9999.00-9999.00-9999.00-9999.00-9999.00-9999.00-9999.00-9999.00-9999.00-9999.00-9999.00-9999.00-9999.00-9999.00-9999.00-9999.00-9999.00-9999.00 -9999.00-9999.00-9999.00-9999.00-9999.00-9999.00-9999.00-9999.00-9999.00-9999.00-9999.00-9999.00-9999.00-9999.00-9999.00-9999.00-9999.00-9999.00-9999.00-9999.00-9999.00-9999.00-9999.00-9999.00-9999.00-9999.00-9999.00-9999.00-9999.00-9999.00-9999.00-9999.00-9999.00-9999.00-9999.00-9999.00-9999.00-9999.00-9999.00-9999.00-9999.00-9999.00-9999.00-9999.00-9999.00-9999.00-9999.00-9999.00-9999.00-9999.00-9999.00 295.52 0.00 251.37 295.53 375.62 375.09 0.00 0.00 0.00 378.48 229.83 318.18 364.86 0.00 315.01 375.12 0.00 295.53 295.52 0.00 375.00 375.00 295.52 375.68 375.41 295.53 295.52 0.00 375.00 295.53 376.45 0.00 225.15 271.18 315.00 225.21 375.61 375.42 375.42 168.83 80.22 191.63 95.94 391.14 379.27 379.92 382.57 74.18 83.32 84.30 97.32 79.17 385.07 156.88 85.76
