蒙特卡罗+CDRMV3/输出数据/2D水深分布/WaterDepthGIS_0163.ASC
ncols         539            
nrows         744            
xllcorner     602630.84259341
yllcorner     3914823.670891 
cellsize      50             
NODATA_value  -9999.00       
[rows 0 to 26 of 32, columns 122 to 182 of 539]
77.75 380.42 129.92 73.16 153.82 82.84-9999.00-9999.00-9999.00-9999.00-9999.00-9999.00-9999.00-9999.00-9999.00-9999.00-9999.00-9999.00-9999.00-9999.00 -9999.00-9999.00-9999.00-9999.00-9999.00-9999.00-9999.00-9999.00-9999.00-9999.00-9999.00-9999.00-9999.00-9999.00-9999.00-9999.00-9999.00-9999.00-9999.00-9999.00-9999.00-9999.00-9999.00-9999.00-9999.00-9999.00-9999.00-9999.00-9999.00-9999.00-9999.00-9999.00-9999.00-9999.00-9999.00-9999.00-9999.00-9999.00-9999.00-9999.00-9999.00-9999.00-9999.00-9999.00-9999.00-9999.00-9999.00-9999.00-9999.00-9999.00-9999.00-9999.00-9999.00-9999.00-9999.00-9999.00-9999.00-9999.00-9999.00-9999.00-9999.00-9999.00-9999.00-9999.00-9999.00-9999.00-9999.00-9999.00-9999.00-9999.00-9999.00-9999.00-9999.00-9999.00-9999.00-9999.00-9999.00-9999.00-9999.00-9999.00-9999.00-9999.00-9999.00-9999.00-9999.00-9999.00-9999.00-9999.00-9999.00-9999.00-9999.00-9999.00-9999.00-9999.00-9999.00-9999.00-9999.00-9999.00-9999.00-9999.00-9999.00-9999.00-9999.00-9999.00-9999.00-9999.00-9999.00-9999.00-9999.00-9999.00-9999.00-9999.00-9999.00-9999.00-9999.00-9999.00 72.34 162.95 73.54 124.32 72.17 366.52 385.83 72.18 176.35 0.00 127.09 72.99 343.73 72.99 74.59-9999.00-9999.00-9999.00-9999.00-9999.00-9999.00-9999.00-9999.00-9999.00-9999.00-9999.00-9999.00-9999.00-9999.00 -9999.00-9999.00-9999.00-9999.00-9999.00-9999.00-9999.00-9999.00-9999.00-9999.00-9999.00-9999.00 85.62 76.46 88.49 88.91 77.14 86.48-9999.00-9999.00-9999.00-9999.00-9999.00-9999.00-9999.00-9999.00-9999.00-9999.00-9999.00-9999.00-9999.00-9999.00-9999.00-9999.00-9999.00-9999.00-9999.00-9999.00-9999.00-9999.00-9999.00-9999.00-9999.00-9999.00-9999.00-9999.00-9999.00-9999.00-9999.00-9999.00-9999.00-9999.00-9999.00-9999.00-9999.00-9999.00-9999.00-9999.00-9999.00-9999.00-9999.00-9999.00-9999.00-9999.00-9999.00-9999.00-9999.00-9999.00-9999.00-9999.00-9999.00-9999.00-9999.00-9999.00-9999.00-9999.00-9999.00-9999.00-9999.00-9999.00-9999.00-9999.00-9999.00-9999.00-9999.00-9999.00-9999.00-9999.00-9999.00-9999.00-9999.00-9999.00-9999.00-9999.00-9999.00-9999.00-9999.00-9999.00-9999.00-9999.00-9999.00-9999.00-9999.00-9999.00-9999.00-9999.00-9999.00-9999.00-9999.00-9999.00-9999.00-9999.00-9999.00-9999.00-9999.00 72.85 109.36 149.63 376.14 73.65 272.95 384.21 78.40 79.37 72.99 0.00 76.14 318.47 74.15 79.76 129.16 80.71-9999.00-9999.00-9999.00-9999.00-9999.00-9999.00-9999.00-9999.00-9999.00-9999.00-9999.00-9999.00-9999.00 -9999.00-9999.00-9999.00-9999.00-9999.00-9999.00-9999.00-9999.00-9999.00-9999.00-9999.00 76.46 139.29 173.65 89.72 171.25 286.01 74.55-9999.00-9999.00-9999.00-9999.00-9999.00-9999.00-9999.00-9999.00-9999.00-9999.00-9999.00-9999.00-9999.00-9999.00-9999.00-9999.00-9999.00-9999.00-9999.00-9999.00-9999.00-9999.00-9999.00-9999.00-9999.00-9999.00-9999.00-9999.00-9999.00-9999.00-9999.00-9999.00-9999.00-9999.00-9999.00-9999.00-9999.00-9999.00-9999.00-9999.00-9999.00-9999.00-9999.00-9999.00-9999.00-9999.00-9999.00-9999.00-9999.00-9999.00-9999.00-9999.00-9999.00-9999.00-9999.00-9999.00-9999.00-9999.00-9999.00-9999.00-9999.00-9999.00-9999.00-9999.00-9999.00-9999.00-9999.00-9999.00-9999.00-9999.00-9999.00-9999.00-9999.00-9999.00-9999.00-9999.00-9999.00-9999.00-9999.00-9999.00-9999.00-9999.00-9999.00-9999.00-9999.00-9999.00-9999.00-9999.00-9999.00-9999.00-9999.00-9999.00-9999.00-9999.00-9999.00-9999.00-9999.00 79.88 80.49 83.63 73.44 378.48 384.20 77.45
111.53 81.77 207.30 73.25 80.18 82.98 80.56 73.54 85.39 84.55 72.85 85.25 126.19 76.62 79.92 0.00 170.56 72.78 75.29 224.74 378.45 383.01 381.70 73.54 72.50 189.24 120.28 82.84-9999.00-9999.00 -9999.00-9999.00-9999.00-9999.00-9999.00-9999.00-9999.00-9999.00-9999.00-9999.00-9999.00-9999.00-9999.00-9999.00-9999.00 71.29 121.57 338.38 71.98 70.73 0.00 85.09 87.76 131.85 80.61-9999.00-9999.00-9999.00-9999.00-9999.00-9999.00-9999.00-9999.00-9999.00-9999.00-9999.00-9999.00-9999.00-9999.00-9999.00-9999.00-9999.00-9999.00-9999.00-9999.00-9999.00-9999.00-9999.00-9999.00-9999.00-9999.00-9999.00-9999.00-9999.00-9999.00-9999.00-9999.00-9999.00-9999.00-9999.00-9999.00-9999.00-9999.00-9999.00-9999.00-9999.00 79.52 95.18-9999.00-9999.00-9999.00-9999.00-9999.00-9999.00 82.68 81.77 116.08 82.01 79.13 380.11 75.91 83.46 318.58 160.90-9999.00-9999.00-9999.00-9999.00-9999.00-9999.00-9999.00-9999.00 73.34 113.16 134.49 384.43 277.22 82.82 366.78 83.46 76.62 377.74
72.20 165.15 128.65 367.18 0.00 130.79 115.11 72.20 71.22 398.66 228.78 84.84 166.92 91.68 89.72 96.00-9999.00-9999.00-9999.00-9999.00-9999.00-9999.00-9999.00-9999.00-9999.00-9999.00-9999.00-9999.00-9999.00-9999.00-9999.00-9999.00-9999.00-9999.00-9999.00-9999.00-9999.00-9999.00-9999.00-9999.00-9999.00-9999.00 75.91 97.61 84.00 95.18 78.07 85.39 85.83 199.30 86.80 377.77 81.05 376.57 82.68 80.30 86.31 85.83 73.77 128.84 377.32 85.39 74.76 0.00 0.00 360.29 76.14 75.49 115.96 380.70 75.49 81.05 77.45 82.98 81.05 73.16 160.40 73.54 80.30 72.41 379.02 115.13 81.24 78.76 73.25 74.15 73.44
127.30 164.09 0.00 0.00 279.60 74.93 76.14 80.36 90.61 80.42 75.91 0.00 144.06 0.00 144.06 378.17 172.25 79.92 86.46 415.88 377.66 376.38 80.80 88.77-9999.00-9999.00-9999.00-9999.00-9999.00-9999.00 -9999.00-9999.00-9999.00-9999.00-9999.00-9999.00-9999.00-9999.00-9999.00-9999.00-9999.00-9999.00 200.88 84.87 76.15 74.11 107.26 163.28 332.04 0.00 140.48 71.98 70.90 0.00 377.34 72.20 70.73 222.90 72.45 377.63 81.15 130.52 80.21-9999.00-9999.00-9999.00-9999.00 88.11 89.29 72.09 165.07 378.54 75.69 381.04 74.76 80.80 184.33 84.61 176.92 79.13 354.55 85.17
121.23 133.89 75.85 89.72 308.35 84.35 78.71 377.67 84.19 379.02 131.03 91.09 83.67 75.85 78.85 72.58 386.72 377.94 87.05 381.63 150.07 85.25 97.61 94.10 82.40 77.75 84.96 76.62 360.11 0.00 87.05 380.02 72.45 0.00 74.44 123.52 79.13 85.39 88.02 102.33 72.99 287.00 131.34 73.89 78.40 0.00 72.55 82.01 81.44 76.62 77.75 82.68 287.05 77.45 0.00 116.52 73.07 143.83 81.55 112.11 290.41
85.25 91.04 76.14 125.83 110.27 74.93 77.16 380.55 72.20 0.00 79.52 81.24 72.14 0.00 72.37 87.05 84.36 375.53 79.52 81.77 376.24 73.25 134.51 80.96 73.16 0.00 110.89 73.16 73.44 152.91 0.00 176.80 121.17 294.75 94.10 177.62 123.89 73.54 81.55 145.19 93.55 379.87 330.92 73.54 85.61 74.15 130.62 395.32 379.89 72.60 380.83 128.02 76.88 72.99 376.22 172.64 85.61 341.87 72.71 211.01 85.17
78.71 89.72 87.05 109.47 377.51 74.44 378.67 378.21 0.00 0.00 72.92 121.51 0.00 109.26 72.71 85.83 79.52 381.23 72.45 72.85 147.75 81.89 73.65 73.44 0.00 110.64 73.34 79.55 119.23 0.00 77.16 245.73 74.59 123.73 82.68 87.59 114.32 229.54 97.14 378.70 384.99 296.90 226.81 88.16 322.86 199.07 73.25 89.10 79.76 72.41 0.00 80.35 83.80 123.67 81.34 81.44 82.54 73.34 192.31 74.76 81.55
288.47 262.13 89.94 328.41 84.12 87.32 77.75 80.35 73.54 120.87 126.94 79.13 0.00 77.45 384.71 375.85 295.63 194.86 73.89 73.65 120.63 80.12 81.05 74.93 0.00 72.66 83.13 121.91 0.00 72.85 72.71 114.08 80.96 80.30 85.17 78.07 72.60 113.88 171.81 92.93 0.00 109.44 72.71 81.55 73.34 83.29 80.88 75.49 251.22 109.80 0.00 83.41 83.46 81.66 80.56 76.88 110.02 380.33 110.65 81.05 75.10
73.25 72.14 83.46 260.78 75.91 81.77 136.42 73.77 111.93 376.00 377.41 81.28 0.00 75.69 383.08 378.88 381.96 74.76 74.93 81.44 89.45 145.20 376.06 75.29 80.80 93.55 80.79 80.35 0.00 324.87 130.48 72.85 80.79 206.58 115.29 74.93 88.46 212.76 362.05 0.00 157.85 73.07 91.73 126.70 384.65 372.01 82.98 89.45 72.18 244.42 86.55 77.75 0.00 110.62 78.40 80.71 81.44 79.57 75.49 378.19 0.00
144.98 0.00 0.00 82.82 85.83 91.04 140.56 87.05 133.24 120.97 0.00 83.41 341.48 129.16 122.81 80.07 81.34 80.88 73.77 142.48 378.20 0.00 0.00 134.49 78.40 0.00 82.84 131.89 130.58 74.29 80.36 120.88 79.13 378.07 0.00 98.72 380.92 380.63 115.62 75.69 83.13 82.26 80.71 75.49 75.29 93.01 88.46 171.84 76.88 139.26 90.20-9999.00-9999.00-9999.00-9999.00-9999.00-9999.00-9999.00-9999.00 -9999.00-9999.00-9999.00-9999.00-9999.00-9999.00-9999.00-9999.00-9999.00-9999.00 78.43 111.16 112.81 0.00 377.45 71.43 74.78 80.46 81.43
0.00 375.52 75.20 0.00 386.75 381.19 313.03 0.00 375.50 367.30 232.74 84.51 83.80 80.35 385.93 74.44 75.49 73.77 73.65 86.31 87.05 348.03 132.32 81.28-9999.00-9999.00-9999.00-9999.00-9999.00-9999.00-9999.00-9999.00 -9999.00-9999.00-9999.00-9999.00-9999.00-9999.00-9999.00-9999.00-9999.00-9999.00 81.92 120.85 109.46 0.00 172.69 82.09 89.19 77.94 70.76 81.15 392.07 70.83 79.06 79.39 70.89 0.00 141.29 71.36 88.88 76.46 123.30 71.10 170.55 379.98 197.10 113.46 75.56 71.78 210.28 382.38 84.35 80.10 387.17 72.32 83.89 81.70
0.00 74.78 85.09 77.89 124.92 118.45 73.52 0.00 268.94 247.92 110.08 81.15 84.59 378.50 85.90 125.03 333.23 75.03 82.64 376.46 79.49 71.10 157.61 0.00 81.13 87.09 81.43 78.25 70.60 79.88 83.24 375.73 78.20 256.70 77.73 79.39 70.57 290.05 0.00 146.08 122.59 70.70 78.03 77.14 290.49 74.76 140.12 375.43 374.36 72.37 143.41 0.00 125.77 72.85 82.26 83.98 73.65 133.84 0.00 116.22 80.80
0.00 117.05 73.35 166.06 87.98 70.61 136.82 312.29 378.39 145.79 83.45 76.14 0.00 379.84 76.62 396.06 74.59 101.20 82.30 124.66 0.00 135.93 75.10 73.54 380.78 78.76 77.45 158.06 86.80 375.64 86.07 72.14 385.95 95.42 73.89 84.00 0.00 376.31 310.65 79.13 76.88 376.19 72.17 81.66 74.15 379.72 75.29 310.79 376.83 383.76 85.25 90.64 157.02 381.85 231.25 376.23 255.41 255.41 0.00 375.33 375.74
83.41 74.93 79.92 260.77 0.00 0.00 251.53 376.61 378.71 255.48 0.00 0.00 0.00 100.20 163.84 208.77 0.00 0.00 0.00 77.05 0.00 0.00 380.38 91.04 75.10 335.32 376.86 110.50 73.16 74.29 85.39-9999.00-9999.00-9999.00-9999.00-9999.00-9999.00-9999.00-9999.00-9999.00-9999.00-9999.00-9999.00-9999.00-9999.00 -9999.00-9999.00-9999.00-9999.00-9999.00-9999.00-9999.00-9999.00-9999.00-9999.00 87.13 162.56 190.98 81.59 148.89 138.48 347.27 80.99 81.59 304.01 373.33 0.00 76.15 70.62 70.95 79.24 80.21 80.10 179.74 74.32 114.09 0.00 288.50 0.00 125.99 110.01 108.84 78.85 71.68
0.00 109.57 71.05 85.12 0.00 141.51 108.70 79.58 78.20 75.03 0.00 71.51 166.67 72.58 84.59 140.90 80.46 78.16 71.36 79.78 70.86 0.00 0.00 112.18 70.86 298.94 120.14 78.92 85.09 73.90 358.40 81.28 121.84 331.49 138.16 112.99 72.71 379.23 0.00 376.58 375.63 367.46 81.77 97.33 83.71 83.96 73.44 75.69 330.53 286.56 80.79 381.11 112.06 74.59 74.15 163.66 80.88 114.30 74.93 365.62 191.47
227.75 198.43 0.00 127.74 71.43 74.04 81.66 383.94 376.81 376.15 72.34 82.82 72.20 112.99 81.77 82.82 73.89-9999.00-9999.00-9999.00-9999.00-9999.00-9999.00-9999.00-9999.00-9999.00-9999.00-9999.00-9999.00-9999.00-9999.00-9999.00-9999.00 -9999.00-9999.00-9999.00-9999.00-9999.00-9999.00-9999.00-9999.00-9999.00-9999.00-9999.00-9999.00-9999.00-9999.00-9999.00-9999.00-9999.00 96.05 83.53 77.14 74.55 81.59 72.45 70.68 114.98 0.00 70.95 82.45 72.32 207.44 70.64 157.16 378.66 70.95 386.06 0.00 109.35 73.35 71.51 0.00 77.89 78.59 71.16 160.23 376.22 0.00 382.18 381.39 377.77 291.97 154.18 72.72 77.84 110.20 158.72 357.99 0.00 77.50 79.49 80.10
89.45 378.71 74.59 130.19 81.44 73.77 72.99 381.07 75.10 80.56 74.02 72.12 109.48 0.00 113.12 84.00 86.80 93.55 210.13 77.36 87.70 75.10 86.80 161.33 113.92 73.16 85.39 272.74 147.97 121.26 85.25-9999.00-9999.00-9999.00-9999.00-9999.00-9999.00-9999.00-9999.00-9999.00-9999.00-9999.00-9999.00-9999.00-9999.00-9999.00-9999.00-9999.00-9999.00-9999.00 -9999.00-9999.00-9999.00-9999.00-9999.00-9999.00-9999.00-9999.00-9999.00-9999.00-9999.00-9999.00-9999.00-9999.00-9999.00-9999.00-9999.00 75.29 246.33 133.88 76.15 162.00 357.46 71.68 0.00 135.24 74.32 82.29 85.35 83.67 82.27 72.58 74.32 81.59 86.18 73.90 107.27 143.02 0.00 91.09 378.67 70.79 83.24 74.11 90.66 83.45
176.94 74.29 113.67 156.43 79.88 80.30 73.07 82.68 79.97 73.34 72.18 112.84 161.17 381.73 402.46 379.23 0.00 0.00 81.77 376.43 375.56 376.11 216.72 134.87 109.16 72.55 76.14 134.21 82.01 86.80-9999.00-9999.00-9999.00-9999.00-9999.00-9999.00-9999.00-9999.00-9999.00-9999.00-9999.00-9999.00-9999.00-9999.00-9999.00-9999.00-9999.00-9999.00-9999.00-9999.00-9999.00 -9999.00-9999.00-9999.00-9999.00-9999.00-9999.00-9999.00-9999.00-9999.00-9999.00-9999.00-9999.00-9999.00-9999.00-9999.00-9999.00-9999.00-9999.00-9999.00 87.98 376.82 137.34 84.19 382.28 80.10 86.18 141.36 87.42 346.89 73.02 76.79 194.33 233.47 118.87 109.34 377.16 0.00 144.30 107.97 82.89 73.90 112.70 0.00 287.38 113.53 71.60 70.86 72.58 110.00
376.50 82.26 73.25 364.60 0.00 0.00 0.00 0.00 76.88 74.93 93.62 0.00 0.00 0.00 79.13 73.16 113.48 376.69 72.15 72.17 120.14 221.03 72.41 83.29-9999.00-9999.00-9999.00-9999.00-9999.00-9999.00-9999.00-9999.00-9999.00-9999.00-9999.00-9999.00-9999.00-9999.00-9999.00-9999.00-9999.00 -9999.00-9999.00-9999.00-9999.00-9999.00-9999.00-9999.00-9999.00-9999.00-9999.00-9999.00-9999.00-9999.00-9999.00-9999.00-9999.00-9999.00-9999.00-9999.00-9999.00-9999.00-9999.00-9999.00-9999.00-9999.00 171.09 245.68 377.63 374.63 379.51 388.79 379.57 0.00 0.00 0.00 0.00 0.00 361.25 74.55 75.56 155.90 84.87 0.00 0.00 0.00 0.00 0.00 322.17 100.95 0.00 0.00 377.04 277.95 367.72 378.85 267.86 375.83 86.34 87.29 80.67 87.05
381.33 110.43 73.54-9999.00-9999.00-9999.00-9999.00-9999.00-9999.00-9999.00-9999.00-9999.00-9999.00-9999.00-9999.00-9999.00-9999.00-9999.00-9999.00-9999.00-9999.00 -9999.00-9999.00-9999.00-9999.00-9999.00-9999.00-9999.00-9999.00-9999.00-9999.00-9999.00-9999.00-9999.00-9999.00-9999.00-9999.00-9999.00-9999.00-9999.00-9999.00-9999.00-9999.00-9999.00-9999.00 99.38 82.09 79.99 72.86 379.63 77.14 79.88 78.06 79.31 119.21 108.45 108.90 87.76 77.14 74.55 77.14 0.00 379.07 340.52 144.93 84.87 91.16 85.59 283.36 377.95 381.30 192.57 80.61 278.17 84.87 365.20 162.72 0.00 256.28 96.31 263.93 172.15 78.29 79.15 75.56 300.06 80.61 382.54 377.57 78.71 85.59 217.44 377.70 379.94 80.61 89.72 75.85 293.10 0.00 0.00 0.00 0.00
0.00 78.29 79.58 72.45 111.74 351.22 0.00 379.12 94.82 141.76 72.25 109.07 84.15 366.24 126.82 85.09 74.55 87.98 314.65 94.82 417.72 317.23 105.29 92.32 74.32 298.51 377.25 0.00 0.00 103.27 86.07 80.61 80.61 86.48 100.44 111.88 375.62 179.31 81.70 104.34 75.03 120.96 302.81 378.31 378.50 238.52 0.00 238.52 375.77 247.28 263.03 371.98 384.21 375.49 222.73 383.09 171.84 86.34 81.70 0.00 372.19
378.01 0.00 376.37 381.61 297.08 376.93 375.46 106.58 154.67 104.69 79.62 354.96 81.70 333.50 204.97 83.51 112.88 402.57 156.07 332.69 97.22 82.89 387.65 402.77 0.00 0.00 354.79 320.48 384.58 98.74 89.29 254.18 80.61 219.57 75.56 75.29 376.97 204.64 342.77 125.22 0.00 378.12 0.00 375.20 375.19 377.55 288.04 375.27 0.00 211.58 377.08 231.72 82.21 106.10 88.09 72.86 74.93 88.77 87.32 91.98 85.61
0.00 376.72 0.00 303.96 375.33 375.41 381.72 326.48 326.55 376.86 0.00 376.13 0.00 375.25 379.33 95.17 104.19 375.81 91.56 310.67 87.98 74.95 342.19 123.36 77.89 73.65 110.23 359.41 252.40 0.00 377.18 213.75 93.30 134.01 81.34 110.84 137.89 384.84 109.92 375.57 305.95 130.52 126.31 74.44 216.44 233.38 302.54 72.85 132.47 377.48 73.44 151.74-9999.00-9999.00-9999.00-9999.00-9999.00-9999.00-9999.00-9999.00-9999.00-9999.00-9999.00-9999.00-9999.00-9999.00-9999.00-9999.00-9999.00-9999.00-9999.00-9999.00-9999.00-9999.00 -9999.00-9999.00-9999.00-9999.00-9999.00-9999.00-9999.00-9999.00-9999.00-9999.00-9999.00-9999.00-9999.00-9999.00-9999.00-9999.00-9999.00-9999.00-9999.00-9999.00-9999.00-9999.00-9999.00-9999.00-9999.00-9999.00-9999.00-9999.00 86.34 125.68 93.89 89.72 84.87 73.35 376.42 82.89
376.75 375.70 114.80 344.69 0.00 159.86 93.45 229.93 306.83 323.21 377.57 379.86 240.72 96.00 84.87 373.71 314.45 246.69 376.86 379.63 381.15 0.00 0.00 0.00 0.00 0.00 376.67 183.40 294.23 108.62 183.40 336.05 0.00 294.22 375.37 0.00 377.67 375.18 294.22 376.96 294.22 0.00 0.00 0.00 0.00 0.00 0.00 0.00 376.98 157.41 91.00 86.19 376.57 390.28 378.75 77.45 86.10 331.29 107.02 71.10 73.82
380.12 79.92 91.73 382.77 84.06-9999.00-9999.00-9999.00-9999.00-9999.00-9999.00-9999.00-9999.00-9999.00-9999.00-9999.00-9999.00-9999.00-9999.00-9999.00-9999.00-9999.00-9999.00-9999.00-9999.00-9999.00 -9999.00-9999.00-9999.00-9999.00-9999.00-9999.00-9999.00-9999.00-9999.00-9999.00-9999.00-9999.00-9999.00-9999.00-9999.00-9999.00-9999.00-9999.00-9999.00-9999.00-9999.00-9999.00-9999.00-9999.00-9999.00-9999.00-9999.00-9999.00-9999.00-9999.00-9999.00-9999.00-9999.00 341.30 377.53 379.13 149.14 385.32 382.58 376.34 377.21 269.11 294.23 294.23 294.23 269.11 269.11 0.00 375.23 375.14 378.11 375.32 377.54 378.93 378.78 378.46 379.00 391.62 80.88 78.44 378.75 384.43 248.82 397.17 388.31 394.43 353.20 86.76 91.13 94.54 80.88 376.33 376.40 375.44 376.33 255.86 88.79 87.85 377.23 85.55 375.83 381.89 0.00 375.98 375.15 290.62 79.76 103.17
294.22 294.22 392.14 294.23 375.13 221.57 0.00 375.89 274.23 378.83 238.71 377.53 378.62 157.41 357.02 315.87 389.96 387.62 380.71 253.77 274.23 381.02 377.62 377.19 0.00 378.87 375.65 375.64 0.00 0.00 0.00 0.00 0.00 375.60 348.01 279.04 357.53 112.64 77.61 139.06 0.00 198.81 108.41 78.44 212.70 70.55 87.63 92.74 85.42 226.80 76.87 382.48 375.47 73.82 76.87 92.74 88.37 138.92 72.88 81.84 87.63
379.79 77.63 83.25 379.82 78.14-9999.00-9999.00-9999.00-9999.00-9999.00-9999.00-9999.00-9999.00-9999.00-9999.00-9999.00-9999.00-9999.00-9999.00-9999.00-9999.00-9999.00-9999.00 -9999.00-9999.00-9999.00-9999.00-9999.00-9999.00-9999.00-9999.00-9999.00-9999.00-9999.00-9999.00-9999.00-9999.00-9999.00-9999.00-9999.00-9999.00-9999.00-9999.00-9999.00-9999.00-9999.00-9999.00-9999.00-9999.00-9999.00-9999.00-9999.00-9999.00-9999.00-9999.00-9999.00-9999.00-9999.00-9999.00-9999.00-9999.00-9999.00-9999.00-9999.00-9999.00-9999.00-9999.00-9999.00-9999.00-9999.00-9999.00-9999.00-9999.00-9999.00 294.22 0.00 248.82 294.23 375.62 375.05 0.00 0.00 0.00 378.47 226.15 315.47 364.39 0.00 312.37 375.12 0.00 294.23 294.22 0.00 375.00 375.00 294.22 375.68 375.41 294.23 294.22 0.00 375.00 294.23 376.45 0.00 221.57 269.11 312.36 221.63 375.52 375.34 375.34 155.09 76.67 178.26 90.13 390.42 379.04 379.66 382.22 70.76 79.61 80.58 93.33 75.57 384.77 146.84 82.04
