蒙特卡罗+CDRMV3/输出数据/2D水深分布/WaterDepthGIS_0155.ASC
ncols         539            
nrows         744            
xllcorner     602630.84259341
yllcorner     3914823.670891 
cellsize      50             
NODATA_value  -9999.00       
[rows 0 to 26 of 32, columns 366 to 426 of 539]
138.49 197.36 143.71 89.04-9999.00-9999.00-9999.00-9999.00-9999.00-9999.00-9999.00-9999.00-9999.00-9999.00-9999.00-9999.00-9999.00-9999.00-9999.00-9999.00-9999.00-9999.00-9999.00-9999.00-9999.00-9999.00-9999.00-9999.00-9999.00-9999.00-9999.00-9999.00-9999.00-9999.00-9999.00-9999.00-9999.00-9999.00-9999.00-9999.00-9999.00-9999.00-9999.00-9999.00-9999.00-9999.00-9999.00-9999.00-9999.00-9999.00-9999.00-9999.00-9999.00-9999.00-9999.00-9999.00-9999.00-9999.00-9999.00-9999.00-9999.00 96.13 83.28 91.53-9999.00-9999.00-9999.00-9999.00-9999.00-9999.00-9999.00-9999.00-9999.00-9999.00-9999.00-9999.00-9999.00-9999.00-9999.00-9999.00-9999.00-9999.00-9999.00-9999.00-9999.00-9999.00-9999.00-9999.00-9999.00-9999.00 74.35 373.08 87.74 377.40 114.77 82.05 74.14 82.28 74.61 115.32 137.97 376.79 377.44 381.79 385.56 384.51 79.34 0.00 119.11 83.34 377.49 139.91 77.73 74.69 300.63 77.73-9999.00-9999.00-9999.00-9999.00-9999.00-9999.00-9999.00-9999.00-9999.00-9999.00 -9999.00-9999.00-9999.00-9999.00-9999.00-9999.00-9999.00-9999.00-9999.00-9999.00-9999.00-9999.00-9999.00-9999.00 80.96 85.07 82.71 86.33 241.06 0.00 0.00 114.04 83.24-9999.00-9999.00-9999.00-9999.00-9999.00-9999.00-9999.00-9999.00-9999.00-9999.00-9999.00-9999.00-9999.00-9999.00-9999.00-9999.00-9999.00-9999.00-9999.00-9999.00-9999.00-9999.00-9999.00-9999.00-9999.00-9999.00-9999.00-9999.00-9999.00-9999.00-9999.00-9999.00-9999.00-9999.00-9999.00-9999.00-9999.00-9999.00-9999.00-9999.00-9999.00-9999.00-9999.00-9999.00-9999.00-9999.00-9999.00-9999.00-9999.00-9999.00-9999.00-9999.00-9999.00-9999.00-9999.00-9999.00-9999.00 93.95 378.85 78.22-9999.00-9999.00-9999.00-9999.00-9999.00-9999.00-9999.00-9999.00-9999.00-9999.00-9999.00-9999.00-9999.00-9999.00-9999.00-9999.00-9999.00-9999.00-9999.00-9999.00-9999.00-9999.00-9999.00-9999.00-9999.00-9999.00 83.65 197.26 84.66 377.50 230.61 74.06 290.05 75.49 87.97 74.24 114.45 376.73 375.29 384.13 79.99
290.34 155.86 82.41 86.30 79.99 79.99 124.98 0.00 84.29 85.38 0.00 379.13 276.94 369.02 164.41 86.72 123.22 88.96-9999.00-9999.00-9999.00 -9999.00-9999.00-9999.00-9999.00-9999.00-9999.00-9999.00-9999.00-9999.00-9999.00-9999.00-9999.00-9999.00-9999.00 73.53 127.84 306.13 75.61 76.01 0.00 132.78 73.61 86.33 84.00 92.64 101.31-9999.00-9999.00-9999.00-9999.00-9999.00-9999.00-9999.00-9999.00-9999.00-9999.00-9999.00-9999.00-9999.00-9999.00-9999.00-9999.00-9999.00-9999.00-9999.00-9999.00-9999.00-9999.00-9999.00-9999.00-9999.00-9999.00-9999.00-9999.00-9999.00-9999.00-9999.00-9999.00-9999.00-9999.00-9999.00-9999.00-9999.00 87.52 76.35 347.35 90.45 79.66 80.71 374.74-9999.00 84.66 114.57 122.44 77.29 331.21 305.11 0.00 89.97 273.26 84.29 376.58 82.34 78.22 80.71 376.82 76.70-9999.00-9999.00 81.74 82.28 75.15 309.76 278.92 127.31 112.97
89.81 90.79 110.63 337.64 383.59 382.41 286.35 127.83 79.04 79.34 127.06 175.87 76.70 143.52 381.55 0.00 83.28 139.75 91.53 74.29 184.75 74.35 75.49 381.15 76.35 369.79 113.64 87.30 74.29 112.10 376.29 376.69 74.61 84.00 94.20 73.87 260.70 378.17 74.95 75.05 388.95 383.38 0.00 0.00 0.00 122.82 74.69 142.81 73.81 73.99 74.35 83.54 77.73 74.10 74.54 74.06 81.60 75.75 74.41 0.00 140.98
76.03 219.31 379.24 81.09 187.73 75.26 218.92 74.06 116.41 78.75 165.60 342.45 355.78 75.49 82.41 80.71 0.00 0.00 96.21 96.59 85.38 87.69 97.82 88.70 243.60 89.24 77.97-9999.00-9999.00-9999.00-9999.00-9999.00-9999.00-9999.00-9999.00 -9999.00-9999.00-9999.00-9999.00-9999.00-9999.00-9999.00-9999.00-9999.00-9999.00-9999.00-9999.00 89.41 238.73 158.25 73.05 111.37 74.63 73.23 0.00 74.49 112.38 76.22 0.00 91.27 280.67 396.84 74.01 379.61 79.73 77.45 84.33 85.46 97.65 92.17 79.36 167.01 252.75 99.51 90.31 86.33 85.26 128.45 383.78 77.29
81.65 73.80 115.05 0.00 275.60 126.96 73.70 86.81 74.36 82.24 86.81 78.03 78.34 172.76 91.31 379.35 81.65 356.07 84.88 74.24 379.12 160.02 78.03 87.58 88.58 282.86 77.45 333.73 0.00 335.28 80.34 187.18 99.34 102.89 74.54 374.76 376.03 89.52 74.10 128.98 0.00 74.47 84.52 124.25 0.00 120.50 247.00 78.75 74.95 377.29 85.95 76.19 130.84 85.43 81.55 377.15 0.00 74.14 85.59 122.82 112.04
81.24 81.83 305.15 124.30 81.87 72.86 351.70 379.97 73.53 378.92 75.61 72.82 0.00 122.64 353.91 377.61 76.22 73.05 80.84 83.68 73.16 0.00 139.16 74.49 232.91 75.61 75.15 376.45 93.71 76.52 116.22 379.30 386.56 0.00 78.22 83.77 81.45 75.89 0.00 112.07 83.77 75.62 378.31 77.73 74.95 112.74 380.24 380.63 75.89 0.00 88.96 82.63 77.97 127.40 76.03 0.00 131.49 126.86 75.05 74.35 83.54
348.59 85.89 376.46 256.38 143.62 74.12 112.89 82.14 72.86 109.83 0.00 161.07 80.12 84.33 86.81 118.28 84.51 377.14 90.85 83.24 0.00 141.53 72.72 83.53 98.20 92.17 293.17 92.64 85.75 74.69 170.50 376.15 76.03 76.88 129.06 73.91 0.00 142.68 74.19 81.35 113.16 219.67 377.44 122.25 76.35 75.26 124.28 82.00 86.12 0.00 86.89 82.87 88.45 114.89 0.00 86.55 381.26 375.78 335.92 114.31 75.05
82.14 73.37 378.52 82.71 117.52 0.00 73.16 72.60 73.53 189.75 380.52 75.61 127.79 81.48 76.68 0.00 79.73 382.90 73.10 75.43 73.10 80.97 88.13 79.00 85.07 73.05 114.41 370.30 181.80 83.54 131.91 78.48 115.80 0.00 73.85 299.60 259.71 74.69 85.76 90.12 81.95 132.04 75.75 119.66 136.05 0.00 74.14 93.95 0.00 73.91 82.11 74.61 75.05 201.69 74.41 79.66 350.36 75.49 114.33 330.34 361.51
203.87 74.93 85.07 73.44 139.49 213.00 328.24 376.93 377.48 378.07 377.92 0.00 142.75 76.70 171.72 87.52 82.35 382.56 81.09 73.89 112.21 282.04 377.77 331.78 0.00 342.68 115.79 77.97 87.30 307.68 376.68 86.55 82.34 135.19 235.05 382.74 143.13 384.72 74.86 76.88 74.14 0.00 373.36 368.43 116.63 74.19 74.02 206.61 376.63 83.34 75.15 376.14 0.00 138.87 112.20 80.34 81.78 74.35 0.00 119.26 75.37
98.36 89.81 219.20 174.89 157.88 74.86 86.12 79.66 99.38 221.72 82.22 75.49 74.10 377.34 84.29 0.00 376.79 80.34 81.49 379.06 0.00 353.28 89.24 82.71 84.26 117.29 81.55 79.66 129.81 129.85 75.37 367.98 76.35 120.50 320.76 134.65 87.17 0.00 0.00 77.50 233.29 86.49 81.63 76.19 0.00 0.00 380.50 185.76 380.31 375.52 362.50 306.60 259.97 123.52 75.49 377.74 74.86 87.97 75.15 378.78 77.73
120.48 84.13 84.66 87.74 84.39 85.43 79.66 87.81 79.66 127.89 360.70 205.33 234.74 0.00 0.00 106.88 377.26 339.05 382.16 379.60 242.01 0.00 92.82 0.00 82.34 79.04 125.92 113.27 83.77 178.74 363.09 149.35 127.30 87.17-9999.00-9999.00-9999.00-9999.00-9999.00-9999.00-9999.00-9999.00-9999.00 -9999.00-9999.00-9999.00-9999.00-9999.00-9999.00-9999.00-9999.00-9999.00-9999.00 73.23 240.36 0.00 73.80 80.33 77.45 80.68 74.63 0.00 112.15 83.68 74.63 124.41 81.83 74.77 0.00 72.90 295.14 118.31 78.34 78.66 382.25 127.28 78.34 87.85 230.02
101.73-9999.00-9999.00-9999.00-9999.00-9999.00-9999.00-9999.00-9999.00-9999.00-9999.00 -9999.00-9999.00-9999.00-9999.00-9999.00-9999.00-9999.00-9999.00-9999.00 74.12 111.75 396.09 0.00 74.63 74.77 0.00 77.45 82.59 75.61 118.66 116.03 73.00 111.39 362.23 0.00 178.15 84.52 85.67 74.24 222.12 384.55 73.61 78.03 84.69 143.28 380.60 76.44 73.90 110.13 375.23 0.00 153.11 137.55 76.68 73.61 375.73 74.24 73.80 381.20 73.90 378.09 72.63 120.88 72.63 0.00 128.66 72.58 85.26 86.33 81.03 81.87 226.63 297.11 85.46 79.04 141.69 375.41 0.00
351.99 73.37 72.80 109.99 0.00 90.46 137.22 135.57 90.46 129.14 81.10 72.75 385.66 0.00 0.00 376.96 139.12 76.35 359.53 247.82 85.93 75.75 143.01 163.69 342.81 0.00 77.08 74.77 385.35 233.31 376.00 338.38 179.53 377.72 76.03 83.77 83.28 0.00 0.00 0.00 0.00 0.00 0.00 0.00 91.77 255.11 79.04 383.29 179.79 89.52 82.80 379.40 378.84 0.00 82.80 273.87 377.90 377.61 391.28 301.32 376.94
125.37 362.02 382.12 77.08 76.52 77.50 113.75 335.61 385.07 0.00 205.94 376.98 133.30 378.34 244.76 375.77 373.75 170.65 80.98 124.21 184.34 114.13 0.00 80.71 318.14 141.10 77.29 378.35 145.75 77.97-9999.00-9999.00-9999.00-9999.00-9999.00-9999.00-9999.00-9999.00-9999.00-9999.00-9999.00-9999.00-9999.00-9999.00 -9999.00-9999.00-9999.00-9999.00-9999.00-9999.00-9999.00-9999.00-9999.00-9999.00-9999.00 89.37 83.95 88.42 80.53 377.48 79.00 376.82 78.03 79.98 81.56 189.42 379.81 0.00 0.00 0.00 77.73 74.01 120.55 0.00 0.00 0.00 76.44 0.00 87.09 125.09 289.82 81.40 72.63 272.58 0.00
91.27 157.87 78.03 377.07 74.36 82.71 72.65 122.36 255.16 114.14 78.34 0.00 323.60 72.67 88.42 86.99 83.68 86.33 79.73 376.83 72.72 147.48 376.20 172.43 0.00 0.00 0.00 378.36 307.83 379.59 89.20 374.36 385.30 384.25 137.75 85.38 90.12 79.04 84.26 76.70 78.48 377.59 76.70 73.84 74.61 135.90 373.17 89.20 79.66 77.97 145.12 92.82 85.38 131.74 203.68 379.01 125.25 87.52 102.89 85.76 84.66
377.51 378.48 378.67 80.12 0.00 74.49 183.50 72.75 73.90 136.62 367.57 74.01 147.95 198.64 133.94 115.61 75.43 0.00 140.66 74.63 76.92 0.00 0.00 74.01 82.59 342.82 74.93 92.64 83.10 77.45 83.84 80.97 82.24 73.80 377.40 0.00 390.59 297.81 74.49 79.36 178.56 83.84 85.12 201.58 413.73 0.00 80.53 375.33 118.38 131.81 84.51 376.66 73.37 73.70 90.45 84.00 79.99 79.66 89.52 80.34 76.19
376.54 376.93 366.24 188.87 114.93-9999.00-9999.00-9999.00-9999.00-9999.00-9999.00-9999.00-9999.00-9999.00-9999.00-9999.00-9999.00-9999.00-9999.00-9999.00-9999.00-9999.00-9999.00-9999.00-9999.00 -9999.00-9999.00-9999.00-9999.00-9999.00-9999.00-9999.00-9999.00-9999.00-9999.00-9999.00-9999.00-9999.00-9999.00-9999.00-9999.00-9999.00-9999.00-9999.00 96.99 82.87 92.17 82.36 131.03 78.34 384.36 315.82 378.11 77.18 72.90 210.93 347.96 378.35 112.26 114.86 80.10 139.68 380.21 0.00 372.12 113.10 179.01 79.36 73.23 73.90 381.68 405.35 244.79 85.12 83.10 83.95 82.59 145.81 82.14 86.57 81.17 72.95 221.89 96.99 0.00 88.58 0.00 264.20 91.31 376.09 222.18 106.22 130.80 375.08 379.45 83.95 85.07 87.06 87.31
86.81 80.12 310.46 99.51 377.13 76.22 391.17 372.32 363.37 381.41 74.12 73.30 79.96 79.98 120.49 129.81 0.00 134.31 124.95 90.08 77.73 91.31 0.00 81.41 72.78 89.37 77.73 368.09 269.73 308.22 80.53 379.49 114.47 122.08 366.81 299.63 311.66 376.81 131.77 0.00 380.60 378.70 178.91 137.59 74.77 73.53 241.22 75.81 85.89 79.00 379.16 154.95 0.00 92.40 376.68 132.79 88.58 0.00 123.59 80.96 86.40
164.56 378.43 375.61 85.12 0.00 80.53 76.44 181.86 85.75 378.88 375.23 82.87 193.07 160.67 94.73 92.40 94.73 155.62 120.78 176.33 120.78 304.48 97.93 82.70 165.17 86.33 173.64 205.68 92.17 75.25 79.00 76.01 87.81 393.16 268.65 376.70 379.01 76.44 383.48 83.95 0.00 383.08 241.12 384.92 191.34 173.15 225.48 382.81 151.16 0.00 0.00 376.05 103.26 82.80 78.48 375.95 84.29 87.30 74.69 380.38 76.52
91.31 94.73 0.00 174.70 103.18 379.52 369.48 377.08 390.04 381.43 87.81 91.27 95.14 99.51 82.87 377.13 93.13 86.33 79.00 90.31 376.68 0.00 219.38 377.63 85.12 264.60 249.55 375.17 358.71 376.14 229.05 83.81 109.53 165.55 341.19 93.24 77.08 117.47 313.73 77.97 76.70 376.87 309.78 114.03 84.82 82.79 76.19 75.37 362.68 379.83 74.77 120.50 378.00 0.00 377.19 160.18 120.27 88.21 82.56 84.00 82.80
219.35 95.04 82.18 88.42 81.41 85.12 379.69 338.95 85.12 90.85 74.63 121.94 351.81 378.27 379.64 0.00 269.40 299.46 376.18 215.12 321.95 390.21 356.23 376.73 140.37 120.78 361.91 0.00 193.94 90.31 288.50 77.29 322.47 75.49 81.09 87.74 75.62 129.53 304.28 380.99 76.70 380.52 75.75 0.00 377.95 119.21 384.07 74.95 144.80 148.34 319.64 74.86 350.20 74.95 95.17 0.00 333.65 114.83 77.50 92.78 87.52
356.29 200.36 380.85 254.03 0.00 241.12 200.36 196.63 375.28 0.00 323.39 372.67 0.00 140.37 107.70 97.29 377.23 206.83 103.92 273.73 377.73 75.62 76.19 376.33 80.71 376.18 79.04 357.83 0.00 81.09 92.78 85.93 74.02 81.59 85.19 163.34 82.71 77.08 276.41 125.92 76.35 88.21 119.29 382.76 134.64 74.86 85.94 85.59-9999.00-9999.00-9999.00-9999.00-9999.00-9999.00-9999.00-9999.00-9999.00-9999.00-9999.00-9999.00-9999.00-9999.00-9999.00-9999.00-9999.00-9999.00-9999.00-9999.00-9999.00-9999.00-9999.00-9999.00 -9999.00-9999.00-9999.00-9999.00-9999.00-9999.00-9999.00-9999.00-9999.00-9999.00-9999.00-9999.00-9999.00-9999.00-9999.00-9999.00-9999.00-9999.00-9999.00-9999.00-9999.00 86.11 82.36 79.36 92.40 150.68 376.94 375.70 381.36 386.17 381.96 410.50 97.13
82.71 74.49 77.18 79.00 335.04 335.75 377.40 377.40 378.04 337.90 333.45 0.00 359.72 376.05 378.25 352.87 116.87 103.54 0.00 376.15 377.13 160.12 170.91 157.93 96.44 86.85 77.45 79.73 84.92 353.31 268.43 376.14 375.62 377.64 146.98 209.97 309.77 249.55 375.84 372.70 307.59 337.37 0.00 326.53 0.00 377.12 326.53 375.28 378.08 0.00 375.67 283.87 323.39 376.92 375.34 376.26 294.83 84.02 265.11 90.26 76.51
340.71 134.14 128.00 74.04 73.24 80.76 83.59 81.45 74.12 82.21 77.15 117.46 134.04 241.32 146.46 139.91 338.31 78.22 90.12 375.43 91.38 381.94 110.63 84.29-9999.00-9999.00-9999.00-9999.00-9999.00-9999.00-9999.00-9999.00-9999.00-9999.00-9999.00-9999.00-9999.00-9999.00-9999.00-9999.00-9999.00-9999.00-9999.00-9999.00-9999.00 -9999.00-9999.00-9999.00-9999.00-9999.00-9999.00-9999.00-9999.00-9999.00-9999.00-9999.00-9999.00-9999.00-9999.00-9999.00-9999.00-9999.00-9999.00-9999.00-9999.00-9999.00-9999.00-9999.00-9999.00-9999.00-9999.00-9999.00-9999.00-9999.00-9999.00-9999.00-9999.00-9999.00 87.68 218.87 377.49 174.70 381.78 380.19 376.15 376.41 375.42 204.96 375.28 295.38 0.00 324.57 0.00 375.00 367.48 90.30 87.10 106.92 93.83 86.57 88.98 100.98 125.52 87.10 381.63 375.54 143.27 85.32 344.31 85.93 375.63 343.52 85.89 115.99
375.94 381.44 376.11 378.73 75.95 78.16 379.20 381.47 399.16 379.34 73.29 82.29 99.18 91.37 74.38 82.14 386.73 85.93 197.22 79.38 378.16 236.53 413.23 87.94 0.00 0.00 382.84 91.23 150.77-9999.00-9999.00-9999.00-9999.00-9999.00-9999.00-9999.00-9999.00-9999.00-9999.00-9999.00-9999.00-9999.00-9999.00-9999.00-9999.00-9999.00-9999.00-9999.00-9999.00-9999.00-9999.00-9999.00 -9999.00-9999.00-9999.00-9999.00-9999.00-9999.00-9999.00-9999.00-9999.00-9999.00-9999.00-9999.00-9999.00-9999.00-9999.00-9999.00-9999.00-9999.00-9999.00-9999.00-9999.00-9999.00-9999.00-9999.00-9999.00-9999.00-9999.00-9999.00-9999.00-9999.00-9999.00-9999.00-9999.00-9999.00-9999.00-9999.00-9999.00 279.77 367.40 375.00 375.39 373.96 349.11 375.27 375.27 375.14 0.00 295.38 332.88 285.65 0.00 359.09 295.38 376.49 375.00 295.38 295.38 295.38 376.73 376.72 295.38 375.05 0.00 346.63 97.49 97.49 104.35 380.90
0.00 295.38 295.38 295.38 378.13 0.00 359.04 375.00 295.38 0.00 0.00 0.00 0.00 375.00 295.38 375.00 295.38 319.84 0.00 0.00 375.77 377.99 173.51 375.51 270.56 375.32 364.68 128.99 375.19 318.96 148.10 376.41 153.43 75.78 151.83 73.38 142.40 129.45 82.99 95.20 228.91 364.62 376.21 98.57 375.72 162.19 92.25 81.69 359.36 376.85 83.10 383.17 77.63 165.40 74.12 375.46 79.72 376.35 86.99 377.23 82.43
298.67 0.00 375.00 0.00 375.38 295.38 0.00 295.38 375.52 375.18 295.38 295.38 375.94 375.00 329.43 375.00 0.00 0.00 295.38 295.38 0.00 377.86 375.55 224.76 375.41 294.17 121.02 144.02 375.42 98.25 375.17 375.26 377.19 79.05 77.15 378.47 281.40 136.32 76.71 0.00 81.26 135.70 81.69 154.63 77.15 75.05 412.56 94.58 378.58 81.26 87.24 0.00 385.39 143.46 81.69 94.13 83.10 161.53 97.99 78.17 0.00
