蒙特卡罗+CDRMV3/输出数据/2D水深分布/WaterDepthGIS_0161.ASC
ncols         539            
nrows         744            
xllcorner     602630.84259341
yllcorner     3914823.670891 
cellsize      50             
NODATA_value  -9999.00       
[rows 0 to 26 of 32, columns 427 to 487 of 539]
75.19 73.30 154.15 0.00 76.52 379.58 73.84 80.90 81.72 78.08 375.67 89.47-9999.00-9999.00 96.06 91.75-9999.00-9999.00-9999.00-9999.00-9999.00 -9999.00-9999.00-9999.00-9999.00-9999.00-9999.00-9999.00-9999.00-9999.00-9999.00-9999.00-9999.00-9999.00-9999.00-9999.00 74.26 132.04 360.98 76.60 119.33 0.00 145.48 79.93 102.86-9999.00-9999.00-9999.00-9999.00-9999.00-9999.00-9999.00-9999.00-9999.00-9999.00-9999.00-9999.00-9999.00-9999.00-9999.00-9999.00-9999.00-9999.00-9999.00-9999.00-9999.00-9999.00-9999.00-9999.00-9999.00-9999.00-9999.00-9999.00-9999.00-9999.00-9999.00-9999.00-9999.00-9999.00-9999.00-9999.00-9999.00-9999.00-9999.00-9999.00-9999.00-9999.00-9999.00-9999.00-9999.00-9999.00-9999.00-9999.00-9999.00-9999.00-9999.00-9999.00-9999.00-9999.00-9999.00 85.21 75.90 347.30 74.49-9999.00-9999.00-9999.00-9999.00-9999.00-9999.00-9999.00-9999.00-9999.00-9999.00-9999.00 77.79-9999.00-9999.00-9999.00-9999.00-9999.00-9999.00-9999.00-9999.00-9999.00-9999.00-9999.00-9999.00-9999.00 89.11 73.84 361.16 73.37 380.07 83.96 209.61 123.67 74.89 80.58 141.10 274.64 84.29 205.24 182.50 81.81 75.90 80.50 82.80 84.07 0.00 87.22 371.98 137.19 73.75 72.96 74.25 377.71 79.05 86.55 377.79 184.15
73.09 0.00 0.00 152.52 165.34 77.51 0.00 239.75 382.93 229.85 72.96 94.80 192.30 79.05 375.80 74.03 74.03 225.18 377.98 393.88 378.89 0.00 74.14 72.71 317.36 84.64 74.61 376.49 295.85 374.92 73.24 74.36 84.83 82.96 81.47 0.00 84.07 0.00 224.87 80.17 378.07 276.75 74.03 83.20 96.06-9999.00-9999.00-9999.00-9999.00 -9999.00-9999.00-9999.00-9999.00-9999.00-9999.00-9999.00-9999.00-9999.00-9999.00-9999.00-9999.00-9999.00 85.61 84.89 71.87 109.16 377.12 0.00 142.20 71.76 81.77 102.86 114.77 142.64 78.27 87.25-9999.00-9999.00-9999.00-9999.00-9999.00-9999.00-9999.00-9999.00-9999.00-9999.00-9999.00-9999.00-9999.00-9999.00-9999.00-9999.00-9999.00-9999.00-9999.00-9999.00-9999.00-9999.00-9999.00-9999.00-9999.00-9999.00-9999.00-9999.00-9999.00-9999.00-9999.00-9999.00-9999.00-9999.00-9999.00 77.51
74.36 72.84 139.11 79.78 0.00 78.39 356.50 0.00 386.82 381.99 382.76 372.38 388.63 119.82 76.75 377.37 76.99-9999.00-9999.00-9999.00-9999.00-9999.00-9999.00 -9999.00-9999.00-9999.00-9999.00-9999.00-9999.00-9999.00-9999.00-9999.00-9999.00-9999.00 75.78 109.83 193.03 378.98 80.66 78.98 77.22 0.00 252.62 109.54 73.30 78.71 378.10 81.77 381.30 246.30 170.77 87.25 76.60 231.64 80.00 123.35-9999.00-9999.00-9999.00-9999.00-9999.00 84.66 73.91 138.34 89.77 181.82 87.22 379.01 193.59-9999.00-9999.00-9999.00-9999.00-9999.00 83.51 253.07 368.54 86.55 78.71 405.92 74.14 87.70 77.79 376.51 80.58 79.78 167.22
331.87 76.99 348.68 84.07 375.94 206.24 76.31 72.81 334.59 76.10 141.46 0.00 179.65 75.36 85.21 80.84 172.44 0.00 0.00 375.10 278.36 261.28 87.93 75.90 140.12 376.89 270.35 383.40 75.04 93.66 0.00 129.37 73.00 86.71 73.93 376.28 76.31 0.00 290.56 130.06 72.73 80.68 90.12 74.75 87.96 82.96 115.38 346.34 375.39 403.03 380.55 74.25 100.88 73.00 218.33 309.26 379.91 380.89 84.07 208.76 0.00
137.11 376.08 0.00 73.51 129.10 173.98 76.31 74.14 124.09 381.89 74.49 84.29 115.66 82.68 82.44 173.39 114.83 74.61 110.72 380.89 86.04 82.21 79.40 145.63 385.84 132.53 74.75 116.61 376.86 169.62 378.92 73.24 136.62 79.40 163.51 252.38 95.84 83.07 81.16 111.65 89.77 83.20 73.00 80.09 76.10 412.90 0.00 81.47 219.16 123.18 92.45 88.73 378.40 93.66 120.00 97.73 364.09 77.51-9999.00-9999.00-9999.00-9999.00-9999.00-9999.00-9999.00-9999.00-9999.00 -9999.00-9999.00-9999.00-9999.00-9999.00 180.31 73.91
80.73 136.20 115.86 81.94 385.90 233.02 73.84 89.43 90.50 72.71 83.07 81.02 127.77 246.10 0.00 73.58 84.47 85.21 78.39 323.95 75.19 72.96 80.12 73.66 85.61 77.79 81.81 160.71 73.58 221.64 378.99 376.11 74.36 73.30 77.25 378.25 74.03 74.89 286.71 0.00 342.17 375.26 220.07 98.16 0.00 384.50 385.23 381.47 381.18 226.35 75.71 79.40 95.32-9999.00-9999.00-9999.00-9999.00-9999.00-9999.00-9999.00-9999.00-9999.00 -9999.00-9999.00 72.49 375.45 376.05 73.74 376.50 336.63 163.03
74.75 159.87 194.84 369.23 381.49 0.00 121.33 91.31 377.61 378.33 194.54 85.27 230.11 375.85 88.81 105.03 0.00 77.79 131.02 74.61 84.47 79.40 77.25 377.15 73.75 76.10 110.84 377.60 72.89 72.81 175.22 80.73 75.71 80.46 82.80 80.46 83.35 128.61 0.00 103.99 0.00 0.00 0.00 388.82 245.34 249.89 119.15 111.39 119.68 181.48 94.34 91.79 143.26 128.20 76.52 375.97 74.49-9999.00-9999.00-9999.00-9999.00-9999.00-9999.00 -9999.00-9999.00-9999.00-9999.00-9999.00 85.12 80.36 72.15
0.00 75.36 207.38 113.39 151.50 74.49 74.36 82.96 128.44 74.49 110.56 0.00 355.64 110.87 76.52 79.40 131.68 380.65 74.25 240.43 88.23 75.71 122.74 76.99 387.45 81.02 155.58 72.96 72.93 131.00 76.99 373.88 0.00 114.73 387.20 382.76 382.98 384.70 381.21 382.98 386.74 379.70 237.46 238.41 88.93 94.10 74.75 74.75 376.20 78.08 91.31-9999.00-9999.00-9999.00-9999.00-9999.00-9999.00-9999.00 -9999.00-9999.00-9999.00-9999.00-9999.00-9999.00-9999.00-9999.00 71.54 109.66 0.00 263.09 130.26 72.31 71.83 384.84 0.00
115.53 84.64 76.75 0.00 378.06 232.61 114.31 82.96 80.96 80.68 75.90 120.27 0.00 382.18 377.80 365.50 152.54 119.56 73.00 82.93 81.02 81.47 375.65 120.69 74.36 72.71 88.51 97.27-9999.00-9999.00-9999.00-9999.00-9999.00-9999.00-9999.00-9999.00-9999.00 -9999.00-9999.00-9999.00-9999.00-9999.00-9999.00-9999.00-9999.00-9999.00 71.54 112.55 0.00 76.90 75.78 0.00 75.78 183.61 109.36 71.39 82.53 120.82 71.76 377.51 80.88 83.05 78.50 78.56 72.07 392.54 0.00 376.04 71.62 79.77 139.56 159.09 79.06 73.74 85.86 79.84 268.70 197.84
352.69 80.58-9999.00-9999.00-9999.00-9999.00-9999.00-9999.00-9999.00-9999.00 -9999.00-9999.00-9999.00-9999.00-9999.00-9999.00-9999.00-9999.00-9999.00-9999.00 72.70 124.41 128.78 0.00 154.75 72.23 76.31 84.89 72.40 146.82 379.65 81.49 85.12 80.56 78.65 129.81 0.00 135.90 351.56 73.44 121.93 74.64 75.53 77.91 395.90 147.85 75.06 79.49 75.78 74.44 170.40 268.01 83.61 322.78 90.54 176.14 85.12 88.54 82.48 95.22 126.76 250.75 81.63 78.67 72.14 375.43 378.87 0.00 72.00 89.77 376.26 340.44 73.84 147.05 101.97 80.01 80.46 74.89
76.04 145.67 82.70 71.71 378.62 0.00 73.30 360.15 182.72 87.90 74.84 375.46 350.00 80.00 182.46 79.84 73.30 299.16 375.94 75.06 0.00 378.42 212.63 161.36 115.83 87.22 82.32 74.36 201.96 73.37 126.06 73.66 235.15 0.00 296.95 144.61 74.89 79.78 131.70 385.07 251.93 375.49 113.07 77.79 92.70 74.61 355.52 378.30 292.88 81.72 79.40 72.79 113.20 376.66 82.44 0.00 373.14 270.05 121.84 73.84 73.19
153.52 369.40 135.79 74.64 86.04 73.66 375.41 0.00 73.19 74.89 376.10 295.13 131.42 81.94 83.64 116.69 72.86 72.71 394.99 74.61 83.49 73.66 0.00 150.65 114.64 72.74 82.01 115.21 82.56 78.08 380.86 79.40 72.71 192.93 310.21 410.22 76.99 379.47 97.27 340.09 377.67 379.08 377.96 376.56 380.74 0.00 378.71 377.50 305.41 384.11 377.11 319.70 77.37 82.52 136.29 131.41 74.03 375.92 390.89 198.74 74.03
378.75 0.00 375.95 381.28 374.72 378.58 98.36 192.37 79.87 99.42 175.95 107.10 351.83 94.80 381.14 383.27 363.42 117.70 72.86 86.95-9999.00-9999.00-9999.00-9999.00-9999.00-9999.00-9999.00-9999.00-9999.00-9999.00-9999.00-9999.00-9999.00-9999.00 -9999.00-9999.00-9999.00-9999.00-9999.00-9999.00-9999.00-9999.00-9999.00 73.74 179.22 80.88 82.87 341.99 374.19 95.60 377.53 93.86 82.78 84.01 86.36 0.00 78.27 84.16 376.96 73.17 81.63 71.50 137.36 96.26 0.00 81.49 82.06 380.32 81.36 80.26 89.68 75.53 108.53 0.00 75.78 125.61 71.54 71.87 78.83 73.74 0.00 76.04 404.13
130.06 71.81 75.29 119.27 74.08 0.00 376.92 376.55 282.12 116.16 74.08 79.31 79.16 71.81 247.37 0.00 82.48 72.80 0.00 154.20 71.30 71.28 78.56 80.66 72.17 356.07 78.27 173.77 112.81 89.77 159.45 376.61 84.29 135.59 376.58 0.00 379.69 221.69 83.18 94.15 98.80 379.11 90.35 377.92 90.43 106.52 388.66 367.52 124.79 83.37 95.16 81.91 82.56 73.24 379.07 101.16 90.50 84.12 80.58 87.19 73.66
83.20 89.11 94.89 0.00 98.16 0.00 377.58 179.32 376.02 376.09 364.55 182.99 110.13 73.43 88.51 84.29 76.52 378.18 78.39 214.57 81.91 163.70 134.30 90.89-9999.00-9999.00-9999.00-9999.00-9999.00-9999.00-9999.00-9999.00-9999.00-9999.00-9999.00-9999.00-9999.00-9999.00 -9999.00-9999.00-9999.00-9999.00-9999.00-9999.00-9999.00-9999.00-9999.00-9999.00-9999.00-9999.00-9999.00-9999.00-9999.00-9999.00-9999.00 95.59 370.35 380.31 378.99 71.66 133.14 228.63 375.68 0.00 73.17 80.26 75.53 377.23 81.50 72.49 111.38 176.65 0.00 102.01 301.04 72.23 71.54 126.73 0.00 114.49 72.70 83.05 110.67 0.00 74.08 81.11 376.56 84.66 169.21 75.06 72.00
382.67 375.93 132.62 79.78 82.56 117.37 85.41 78.39 0.00 0.00 0.00 0.00 381.22 381.22 181.83 81.47 83.64 87.96 86.26 74.49 129.03 371.01 407.18 382.84 143.55 80.42 73.19 73.30 0.00 101.16 265.79 136.43 380.20 375.35 81.03 85.88 80.50 80.58 81.46 76.99 81.30 84.83 114.51 178.82 78.08-9999.00-9999.00-9999.00-9999.00-9999.00-9999.00-9999.00-9999.00-9999.00-9999.00-9999.00-9999.00-9999.00-9999.00-9999.00-9999.00-9999.00-9999.00 -9999.00-9999.00-9999.00-9999.00-9999.00-9999.00-9999.00-9999.00-9999.00-9999.00-9999.00-9999.00-9999.00-9999.00-9999.00-9999.00-9999.00 352.04 96.79 82.48 87.55 76.60 377.55 378.56 0.00 130.74 321.52 140.28 72.00 79.49 312.80 120.16
186.50 88.90 73.91 118.01 386.90 79.40 0.00 97.14 114.73 330.60 381.56 246.76 0.00 78.08 87.44 73.43 81.16 96.81 365.67 115.61 74.03 74.49 73.24 87.70 81.47 117.82 145.41 75.90 73.09 114.94 286.84 376.36 72.96 83.64 74.89 122.63 0.00 178.38 241.44 384.28 74.36 182.80 113.78 80.58 75.53 360.44 238.58 83.20 127.56 127.87 85.41-9999.00-9999.00-9999.00-9999.00-9999.00-9999.00-9999.00-9999.00-9999.00-9999.00-9999.00-9999.00-9999.00-9999.00-9999.00-9999.00-9999.00-9999.00-9999.00-9999.00 -9999.00-9999.00-9999.00-9999.00-9999.00-9999.00-9999.00-9999.00-9999.00-9999.00-9999.00-9999.00-9999.00-9999.00-9999.00-9999.00-9999.00-9999.00-9999.00 209.68 122.79 79.93 160.32 324.76 389.11 91.92 97.34 172.42
355.45 112.03 93.07 112.95 90.43 116.40 204.50 81.47 203.00 73.51 84.29 82.96 402.97 72.79 81.02 74.14 123.20 75.04 86.55 217.52 312.81 74.89 85.41 74.25 110.36 379.03 73.66 73.19 342.74 0.00 218.17 87.22 0.00 309.18 239.75 277.44 72.89 123.97 220.76 110.89 73.93 111.21 213.75 75.53 79.40-9999.00-9999.00-9999.00-9999.00-9999.00-9999.00-9999.00-9999.00-9999.00-9999.00-9999.00-9999.00-9999.00-9999.00-9999.00-9999.00-9999.00-9999.00-9999.00 -9999.00-9999.00-9999.00-9999.00-9999.00-9999.00-9999.00-9999.00-9999.00-9999.00-9999.00-9999.00-9999.00-9999.00-9999.00-9999.00-9999.00-9999.00-9999.00-9999.00 99.61 210.90 76.90 90.54 82.48 84.66 75.53 82.21 80.09 71.66 385.55 123.20 79.26 78.83 81.77
134.17 73.84 101.16 164.33 377.51 160.21 74.49 73.75 110.04 0.00 376.23 348.19 139.91 76.31 96.54 230.20 187.09 0.00 111.36 125.03 160.35 113.41 73.84 73.43 375.99 380.38 72.79 74.25 158.73 76.31-9999.00-9999.00-9999.00-9999.00-9999.00-9999.00-9999.00-9999.00-9999.00-9999.00-9999.00-9999.00-9999.00-9999.00-9999.00-9999.00-9999.00-9999.00 -9999.00-9999.00-9999.00-9999.00-9999.00-9999.00-9999.00-9999.00-9999.00-9999.00-9999.00-9999.00-9999.00-9999.00-9999.00-9999.00-9999.00-9999.00-9999.00-9999.00-9999.00-9999.00-9999.00-9999.00-9999.00 88.77 199.99 377.10 71.28 382.78 118.08 82.70 86.67 128.06 74.44 140.64 83.81 79.93 332.67 72.92 0.00 177.22 74.64 179.96 222.90 166.80 83.06 377.90 250.20 84.30 79.49 77.56 383.89 382.49 377.51
0.00 376.57 377.99 342.46 120.07 72.84 133.24 77.79 122.46 122.68-9999.00-9999.00-9999.00-9999.00-9999.00-9999.00-9999.00-9999.00-9999.00-9999.00-9999.00-9999.00-9999.00-9999.00-9999.00-9999.00-9999.00-9999.00-9999.00 -9999.00-9999.00-9999.00-9999.00-9999.00-9999.00-9999.00-9999.00-9999.00-9999.00-9999.00-9999.00-9999.00-9999.00-9999.00-9999.00-9999.00-9999.00-9999.00-9999.00-9999.00 76.31 78.27 334.75 93.14 77.22 78.27 91.00 73.74 77.22 153.25 168.21 0.00 156.85 77.56 74.08 0.00 366.34 105.62 361.94 119.10 73.91 90.54 93.59 76.90 86.12 87.90 86.95 82.48 101.46 85.61 183.00 157.83 386.31 105.62 106.62 83.06 0.00 323.93 0.00 0.00 0.00 0.00 0.00 380.28 378.06 376.09 84.30 126.53 91.49 83.06
94.80-9999.00-9999.00-9999.00-9999.00-9999.00-9999.00-9999.00-9999.00-9999.00-9999.00-9999.00-9999.00-9999.00-9999.00-9999.00-9999.00-9999.00-9999.00-9999.00-9999.00-9999.00-9999.00 -9999.00-9999.00-9999.00-9999.00-9999.00-9999.00-9999.00-9999.00-9999.00-9999.00-9999.00-9999.00-9999.00-9999.00-9999.00-9999.00-9999.00 322.06 74.44 73.91 260.54 85.64 100.31 82.37 96.26 84.01 71.94 0.00 73.44 73.74 73.17 80.56 73.04 83.06 172.32 376.87 164.42 377.46 0.00 185.95 216.22 375.25 376.00 376.61 301.32 83.06 329.82 76.90 83.67 110.87 93.14 144.22 77.22 251.91 246.87 362.21 110.87 385.86 386.33 0.00 376.86 104.50 281.99 81.93 97.34 196.14 76.90 377.12 261.37 224.12 89.68 76.60 86.95 100.31 95.59 87.90
88.77 307.15 376.19 105.62 376.66 287.76 0.00 388.89 248.03 377.02 376.51 378.32 246.35 376.34 169.05 380.61 379.51 385.23 377.30 244.06 190.02 84.96 85.64 375.63 197.49 216.94 380.47 285.34 89.71 101.26 376.52 0.00 0.00 0.00 0.00 0.00 0.00 307.45 386.31 268.49 377.05 377.35 0.00 0.00 216.80 197.26 376.20 375.31 0.00 372.49 375.41 234.90 0.00 135.74 375.56 78.41 161.51 386.55 382.21 375.46 73.04
140.81 136.17 79.81 71.53 254.55 338.28 382.95 0.00 81.47 185.73 85.19 96.78 382.85 128.27 73.04 81.63 80.28 72.71 110.17 246.00 375.60 72.93 82.80 93.21 256.09 79.78 92.70 93.21 76.75 89.11 87.96-9999.00-9999.00-9999.00-9999.00-9999.00-9999.00-9999.00-9999.00-9999.00-9999.00-9999.00-9999.00-9999.00-9999.00-9999.00-9999.00-9999.00-9999.00-9999.00-9999.00-9999.00-9999.00 -9999.00-9999.00-9999.00-9999.00-9999.00-9999.00-9999.00-9999.00-9999.00-9999.00-9999.00-9999.00-9999.00-9999.00-9999.00-9999.00-9999.00-9999.00-9999.00-9999.00-9999.00-9999.00-9999.00-9999.00-9999.00-9999.00-9999.00-9999.00-9999.00-9999.00-9999.00 76.04 376.81 376.64 100.31 127.05 197.49 197.49 206.90 234.90 323.93 375.11 374.95 0.00 327.13 378.77 350.88 93.57 93.86 93.57 0.00 212.69 390.93 375.46 372.22 129.36 77.91 132.79 209.25 75.78
123.30 375.19 375.57 319.45 84.11 99.51 388.38 412.62 415.64 294.86 255.77 0.00 249.39 376.21 0.00 155.99 222.43 375.20 375.36 385.93 327.06 375.15 143.97 375.47 108.04 333.26 375.70 108.41 136.36 75.46 381.50 375.32 81.19 74.92 83.59 382.34 336.48 311.03 71.73 361.59 81.12 151.05 259.10 377.02 87.74 359.49 87.70 364.48 122.97 92.70 377.34 92.70 378.69 90.12 311.38-9999.00-9999.00-9999.00-9999.00-9999.00-9999.00-9999.00-9999.00-9999.00-9999.00-9999.00-9999.00-9999.00-9999.00-9999.00-9999.00-9999.00-9999.00-9999.00-9999.00-9999.00 -9999.00-9999.00-9999.00-9999.00-9999.00-9999.00-9999.00-9999.00-9999.00-9999.00-9999.00-9999.00-9999.00-9999.00-9999.00-9999.00-9999.00-9999.00-9999.00-9999.00-9999.00-9999.00-9999.00-9999.00-9999.00-9999.00-9999.00-9999.00-9999.00-9999.00-9999.00-9999.00-9999.00 85.19 215.12 377.67 180.90 376.38
105.49 133.65 152.06 85.69 126.77 107.37 135.50 293.71 81.96 72.37 82.63 83.19 84.09 78.08 375.15 0.00 375.53 377.75 101.91 80.52 378.29 0.00 378.38 375.13 337.56 192.04 117.79 375.64 366.95 178.60 124.19 72.72 75.24 73.13 72.07 78.83 234.56 74.77 94.18 0.00 0.00 106.43 250.36 154.75 77.63 78.38 0.00 0.00 0.00 79.65 81.66 86.96 88.79 140.84-9999.00-9999.00-9999.00-9999.00-9999.00-9999.00-9999.00-9999.00-9999.00-9999.00-9999.00-9999.00-9999.00-9999.00-9999.00-9999.00-9999.00-9999.00-9999.00-9999.00-9999.00-9999.00-9999.00 -9999.00-9999.00-9999.00-9999.00-9999.00-9999.00-9999.00-9999.00-9999.00-9999.00-9999.00-9999.00-9999.00-9999.00-9999.00-9999.00-9999.00-9999.00-9999.00-9999.00-9999.00-9999.00-9999.00-9999.00-9999.00-9999.00-9999.00-9999.00-9999.00-9999.00-9999.00-9999.00-9999.00-9999.00-9999.00-9999.00-9999.00-9999.00-9999.00 222.43 269.57 269.57 201.94 375.25 375.28
82.37 94.09-9999.00-9999.00-9999.00-9999.00-9999.00-9999.00-9999.00-9999.00-9999.00-9999.00-9999.00-9999.00-9999.00-9999.00-9999.00-9999.00-9999.00-9999.00 -9999.00-9999.00-9999.00-9999.00-9999.00-9999.00-9999.00-9999.00-9999.00-9999.00-9999.00-9999.00-9999.00-9999.00-9999.00-9999.00-9999.00-9999.00-9999.00-9999.00-9999.00-9999.00-9999.00-9999.00-9999.00-9999.00-9999.00-9999.00-9999.00-9999.00-9999.00-9999.00-9999.00-9999.00-9999.00-9999.00-9999.00-9999.00-9999.00-9999.00-9999.00-9999.00-9999.00-9999.00-9999.00-9999.00-9999.00-9999.00 375.47 375.00 0.00 294.52 375.11 375.64 328.74 0.00 375.00 269.57 351.33 378.88 323.94 375.36 294.51 377.61 0.00 294.51 375.00 294.51 0.00 294.51 375.00 294.51 0.00 294.51 375.05 375.00 294.51 328.75 375.51 312.94 359.72 0.00 328.74 376.43 275.60 375.63 375.27 0.00 0.00 0.00 0.00 375.23 101.91 129.26 379.44 376.31 344.17 337.26 76.94 376.97 377.85 116.60 83.38 76.32 357.94 382.51
378.71 78.82 82.94 95.46 96.30-9999.00-9999.00-9999.00-9999.00-9999.00-9999.00-9999.00-9999.00-9999.00-9999.00-9999.00-9999.00-9999.00-9999.00-9999.00-9999.00-9999.00-9999.00 -9999.00-9999.00-9999.00-9999.00-9999.00-9999.00-9999.00-9999.00-9999.00-9999.00-9999.00-9999.00-9999.00-9999.00-9999.00-9999.00-9999.00-9999.00-9999.00-9999.00-9999.00-9999.00-9999.00-9999.00-9999.00-9999.00-9999.00-9999.00-9999.00-9999.00-9999.00-9999.00-9999.00-9999.00-9999.00-9999.00-9999.00-9999.00-9999.00-9999.00-9999.00-9999.00-9999.00-9999.00-9999.00-9999.00-9999.00-9999.00-9999.00-9999.00-9999.00-9999.00-9999.00-9999.00 0.00 351.35 320.57 376.02 375.18 323.80 376.02 334.02 294.51 0.00 0.00 375.38 0.00 294.51 375.34 294.52 375.00 294.52 375.71 294.52 375.31 323.80 375.00 0.00 375.05 375.00 0.00 294.52 375.97 222.37 375.52 184.59 375.40 238.82 85.54 124.86 375.54 84.81 73.78 71.06 80.97 74.15 376.21 375.81 131.49 72.16 0.00 296.90 72.85 73.60 81.66 360.26 78.38 87.74 381.21
