蒙特卡罗+CDRMV3/输出数据/2D水深分布/WaterDepthGIS_0142.ASC
ncols         539            
nrows         744            
xllcorner     602630.84259341
yllcorner     3914823.670891 
cellsize      50             
NODATA_value  -9999.00       
[rows 0 to 26 of 32, columns 366 to 426 of 539]
155.59 206.94 159.91 95.35-9999.00-9999.00-9999.00-9999.00-9999.00-9999.00-9999.00-9999.00-9999.00-9999.00-9999.00-9999.00-9999.00-9999.00-9999.00-9999.00-9999.00-9999.00-9999.00-9999.00-9999.00-9999.00-9999.00-9999.00-9999.00-9999.00-9999.00-9999.00-9999.00-9999.00-9999.00-9999.00-9999.00-9999.00-9999.00-9999.00-9999.00-9999.00-9999.00-9999.00-9999.00-9999.00-9999.00-9999.00-9999.00-9999.00-9999.00-9999.00-9999.00-9999.00-9999.00-9999.00-9999.00-9999.00-9999.00-9999.00-9999.00 101.31 88.85 97.48-9999.00-9999.00-9999.00-9999.00-9999.00-9999.00-9999.00-9999.00-9999.00-9999.00-9999.00-9999.00-9999.00-9999.00-9999.00-9999.00-9999.00-9999.00-9999.00-9999.00-9999.00-9999.00-9999.00-9999.00-9999.00-9999.00 79.64 375.31 93.32 377.53 120.97 87.67 79.42 87.89 79.93 122.34 145.27 377.39 377.86 382.23 385.77 384.70 84.97 0.00 125.69 88.91 378.31 145.01 83.29 80.01 320.56 83.29-9999.00-9999.00-9999.00-9999.00-9999.00-9999.00-9999.00-9999.00-9999.00-9999.00 -9999.00-9999.00-9999.00-9999.00-9999.00-9999.00-9999.00-9999.00-9999.00-9999.00-9999.00-9999.00-9999.00-9999.00 87.04 91.10 88.76 92.41 279.88 0.00 0.00 120.57 89.28-9999.00-9999.00-9999.00-9999.00-9999.00-9999.00-9999.00-9999.00-9999.00-9999.00-9999.00-9999.00-9999.00-9999.00-9999.00-9999.00-9999.00-9999.00-9999.00-9999.00-9999.00-9999.00-9999.00-9999.00-9999.00-9999.00-9999.00-9999.00-9999.00-9999.00-9999.00-9999.00-9999.00-9999.00-9999.00-9999.00-9999.00-9999.00-9999.00-9999.00-9999.00-9999.00-9999.00-9999.00-9999.00-9999.00-9999.00-9999.00-9999.00-9999.00-9999.00-9999.00-9999.00-9999.00-9999.00-9999.00-9999.00 99.61 379.02 83.80-9999.00-9999.00-9999.00-9999.00-9999.00-9999.00-9999.00-9999.00-9999.00-9999.00-9999.00-9999.00-9999.00-9999.00-9999.00-9999.00-9999.00-9999.00-9999.00-9999.00-9999.00-9999.00-9999.00-9999.00-9999.00-9999.00 89.21 236.26 90.19 377.45 266.32 79.33 312.05 80.88 93.57 79.52 121.37 376.72 375.40 384.03 85.63
315.09 162.00 88.02 91.81 85.63 85.63 132.94 0.00 89.82 90.89 0.00 379.09 306.02 369.89 181.49 95.12 138.26 94.68-9999.00-9999.00-9999.00 -9999.00-9999.00-9999.00-9999.00-9999.00-9999.00-9999.00-9999.00-9999.00-9999.00-9999.00-9999.00-9999.00-9999.00 79.40 137.47 335.66 81.62 82.04 0.00 142.76 79.49 92.41 90.03 98.92 109.77-9999.00-9999.00-9999.00-9999.00-9999.00-9999.00-9999.00-9999.00-9999.00-9999.00-9999.00-9999.00-9999.00-9999.00-9999.00-9999.00-9999.00-9999.00-9999.00-9999.00-9999.00-9999.00-9999.00-9999.00-9999.00-9999.00-9999.00-9999.00-9999.00-9999.00-9999.00-9999.00-9999.00-9999.00-9999.00-9999.00-9999.00 93.08 81.81 367.47 96.36 85.29 86.34 375.56-9999.00 90.19 120.98 130.98 82.82 348.28 320.49 0.00 95.83 296.30 89.82 377.28 87.95 83.80 86.34 377.05 82.19-9999.00-9999.00 87.36 87.89 80.51 338.12 309.37 137.39 119.67
95.65 96.72 122.85 354.45 383.57 382.35 317.48 135.69 84.66 84.97 139.89 192.59 82.19 155.10 382.01 0.00 88.85 158.93 97.48 79.58 203.52 79.64 80.88 381.80 81.81 375.24 119.20 92.84 79.58 118.79 376.70 377.00 79.93 89.55 99.80 79.12 301.45 378.32 80.29 80.40 389.38 383.60 0.00 0.00 0.00 129.94 80.01 149.48 79.06 79.25 79.64 89.11 83.29 79.37 79.85 79.33 87.23 81.16 79.70 0.00 144.80
81.47 254.81 379.26 86.72 205.65 80.63 258.36 79.33 123.09 84.36 178.30 359.11 367.05 80.88 88.02 86.34 0.00 0.00 101.38 101.72 90.89 93.17 107.55 94.39 274.00 94.99 83.54-9999.00-9999.00-9999.00-9999.00-9999.00-9999.00-9999.00-9999.00 -9999.00-9999.00-9999.00-9999.00-9999.00-9999.00-9999.00-9999.00-9999.00-9999.00-9999.00-9999.00 95.75 268.61 175.46 78.89 117.71 80.58 79.08 0.00 80.43 119.64 82.26 0.00 97.67 297.68 398.65 79.92 380.51 85.83 83.53 90.37 91.51 103.90 98.50 85.46 196.30 262.72 106.86 96.71 92.41 91.30 140.66 384.41 82.82
87.72 79.69 122.52 0.00 307.54 136.44 79.59 92.91 80.29 88.30 92.91 84.12 84.43 200.91 97.71 379.63 87.72 372.56 90.91 80.16 379.74 168.46 84.12 93.74 94.84 316.97 83.53 348.39 0.00 353.89 85.98 208.73 105.75 112.03 79.85 376.55 376.02 95.31 79.37 139.41 0.00 79.77 90.05 136.82 0.00 127.34 259.51 84.36 80.29 377.50 91.46 81.64 139.58 90.93 87.17 376.79 0.00 79.42 91.10 131.08 117.96
87.32 87.90 344.68 131.88 87.94 78.69 361.57 379.93 79.40 379.56 81.62 78.65 0.00 130.29 368.37 377.82 82.26 78.89 86.93 89.72 79.02 0.00 143.97 80.43 262.94 81.62 80.51 376.53 99.42 81.99 123.23 379.53 386.95 0.00 83.80 89.32 87.08 81.31 0.00 118.13 89.33 81.02 378.51 83.29 80.29 119.47 380.35 380.75 81.31 0.00 94.68 88.23 83.54 135.90 81.47 0.00 139.77 136.84 80.40 79.64 89.11
365.57 91.95 377.02 290.63 159.24 80.04 119.79 88.20 78.69 116.99 0.00 187.92 86.22 90.37 92.91 126.17 90.54 377.45 97.26 89.28 0.00 148.07 78.54 89.57 104.74 98.50 321.91 98.92 91.80 80.01 179.81 376.13 81.47 82.39 141.03 79.16 0.00 145.57 79.47 86.98 119.94 243.41 377.68 130.96 81.81 80.63 133.74 87.62 91.62 0.00 92.41 88.46 94.10 120.81 0.00 92.06 381.38 376.17 349.92 121.21 80.40
88.20 79.23 379.06 88.76 124.96 0.00 79.02 78.41 79.40 216.66 381.12 81.62 135.66 87.55 82.74 0.00 85.83 383.16 78.95 81.43 78.95 87.05 94.35 85.10 91.10 78.89 121.83 375.28 212.57 89.11 140.95 84.07 122.61 0.00 79.10 313.12 286.20 80.01 91.27 96.00 87.57 138.92 81.16 127.40 143.65 0.00 79.42 99.61 0.00 79.16 87.72 79.93 80.40 227.01 79.70 85.29 362.88 80.88 121.23 349.73 366.13
225.29 80.90 91.10 79.32 149.22 238.72 361.41 377.03 377.50 377.88 377.51 0.00 150.90 82.19 182.94 93.08 87.95 382.60 86.72 79.14 118.92 315.12 378.11 338.11 0.00 360.57 121.85 83.54 92.84 326.66 377.59 92.06 87.95 143.20 269.57 382.64 149.67 385.04 80.19 82.39 79.42 0.00 376.27 376.15 123.78 79.47 79.29 237.74 376.71 88.91 80.51 375.92 0.00 150.31 118.71 85.98 87.40 79.64 0.00 125.62 80.75
104.00 95.65 250.62 188.66 180.62 80.19 91.62 85.29 105.83 246.41 87.83 80.88 79.37 378.02 89.82 0.00 377.29 85.98 87.11 379.44 0.00 367.70 94.99 88.30 89.79 123.97 87.17 85.29 136.91 136.37 80.75 375.68 81.81 127.31 345.03 144.18 92.70 0.00 0.00 83.05 252.76 92.00 87.26 81.64 0.00 0.00 380.55 198.19 379.52 375.45 372.50 325.98 297.32 130.65 80.88 377.73 80.19 93.57 80.51 378.53 83.29
127.58 89.67 90.19 93.32 89.92 90.93 85.29 93.39 85.29 135.44 364.08 214.97 241.98 0.00 0.00 117.95 376.89 333.89 381.19 378.99 253.46 0.00 98.68 0.00 87.95 84.66 132.77 119.83 89.32 198.81 372.99 174.30 136.34 92.70-9999.00-9999.00-9999.00-9999.00-9999.00-9999.00-9999.00-9999.00-9999.00 -9999.00-9999.00-9999.00-9999.00-9999.00-9999.00-9999.00-9999.00-9999.00-9999.00 79.08 260.37 0.00 79.69 86.42 83.53 86.76 80.58 0.00 118.41 89.72 80.58 134.06 87.90 80.73 0.00 78.73 322.29 126.17 84.43 84.76 383.02 135.32 84.43 94.04 249.29
110.10-9999.00-9999.00-9999.00-9999.00-9999.00-9999.00-9999.00-9999.00-9999.00-9999.00 -9999.00-9999.00-9999.00-9999.00-9999.00-9999.00-9999.00-9999.00-9999.00 80.04 118.96 397.98 0.00 80.58 80.73 0.00 83.53 88.64 81.62 126.73 123.60 78.84 118.59 370.11 0.00 181.98 90.56 91.72 80.16 253.03 385.45 79.49 84.12 90.72 158.24 380.93 82.49 79.80 117.27 376.01 0.00 170.19 147.15 82.74 79.49 375.78 80.16 79.69 381.86 79.80 378.82 78.45 129.54 78.45 0.00 138.99 78.39 91.30 92.41 87.11 87.94 259.65 316.77 91.51 84.66 151.13 375.44 0.00
361.81 79.23 78.63 117.16 0.00 96.86 151.46 151.97 96.86 139.32 87.18 78.57 385.72 0.00 0.00 378.28 159.65 81.81 375.48 264.38 91.29 81.16 150.00 205.73 338.37 0.00 82.60 80.10 385.30 255.58 375.97 347.65 209.39 378.00 81.47 89.32 88.85 0.00 0.00 0.00 0.00 0.00 0.00 0.00 97.73 280.15 84.66 383.42 191.48 95.31 88.39 379.39 378.70 0.00 88.39 291.32 377.78 377.17 391.63 303.47 376.22
134.83 371.01 382.58 82.60 81.99 83.05 120.52 349.78 383.24 0.00 222.46 376.67 151.55 377.78 273.79 375.72 373.12 195.61 88.68 133.61 222.79 121.01 0.00 86.34 347.19 146.35 82.82 378.53 163.64 83.54-9999.00-9999.00-9999.00-9999.00-9999.00-9999.00-9999.00-9999.00-9999.00-9999.00-9999.00-9999.00-9999.00-9999.00 -9999.00-9999.00-9999.00-9999.00-9999.00-9999.00-9999.00-9999.00-9999.00-9999.00-9999.00 95.71 89.98 94.67 86.62 378.46 85.10 377.85 84.12 86.07 87.63 225.53 380.61 0.00 0.00 0.00 83.82 79.92 128.35 0.00 0.00 0.00 82.49 0.00 93.21 135.19 323.49 87.47 78.45 291.97 0.00
97.67 174.33 84.12 377.50 80.29 88.76 78.47 131.66 297.06 121.38 84.43 0.00 335.28 78.49 94.67 97.80 89.72 92.41 85.83 378.23 78.54 157.76 376.86 199.97 0.00 0.00 0.00 378.53 321.76 379.90 94.95 375.99 384.99 383.85 151.66 90.89 96.00 84.66 89.79 82.19 84.07 377.49 82.19 79.09 79.93 142.85 375.58 94.95 85.29 83.54 165.79 98.68 90.89 141.40 235.60 379.76 132.40 93.08 112.03 91.27 90.19
377.93 378.95 379.22 86.22 0.00 80.43 207.36 78.57 79.80 142.57 372.10 79.92 159.04 225.75 143.43 123.15 81.43 0.00 146.84 80.58 82.99 0.00 0.00 79.92 88.64 354.03 80.90 98.92 89.14 83.53 89.87 87.05 88.30 79.69 378.08 0.00 390.61 336.79 80.43 85.46 208.79 89.87 91.16 214.51 415.67 0.00 86.62 376.05 126.08 140.28 90.54 377.06 79.23 79.59 96.36 89.55 85.63 85.29 95.31 85.98 81.64
376.48 376.95 375.28 220.03 120.86-9999.00-9999.00-9999.00-9999.00-9999.00-9999.00-9999.00-9999.00-9999.00-9999.00-9999.00-9999.00-9999.00-9999.00-9999.00-9999.00-9999.00-9999.00-9999.00-9999.00 -9999.00-9999.00-9999.00-9999.00-9999.00-9999.00-9999.00-9999.00-9999.00-9999.00-9999.00-9999.00-9999.00-9999.00-9999.00-9999.00-9999.00-9999.00-9999.00 102.99 88.91 98.50 88.41 139.19 84.43 385.11 339.03 378.68 83.25 78.73 235.60 371.89 378.49 119.50 122.26 86.19 159.84 381.13 0.00 376.09 121.12 209.27 85.46 79.08 79.80 382.49 408.12 274.42 91.16 89.14 89.98 88.64 156.12 88.20 92.66 87.25 78.78 243.15 102.99 0.00 94.84 0.00 275.84 97.71 376.50 243.92 115.39 143.51 375.15 379.92 89.98 91.10 93.18 93.45
92.91 86.22 324.47 106.86 377.53 82.26 392.07 375.40 372.90 381.60 80.04 79.16 86.06 86.08 128.59 138.15 0.00 141.95 132.77 96.47 83.82 97.71 0.00 87.48 78.61 95.71 83.82 375.83 291.09 336.20 86.62 379.67 121.89 131.16 372.06 328.70 323.81 377.67 144.94 0.00 381.45 379.36 202.09 142.93 80.73 79.40 267.34 81.83 91.95 85.10 379.26 167.12 0.00 98.71 376.88 145.95 94.84 0.00 136.68 87.04 92.49
197.93 378.83 375.62 91.16 0.00 86.62 82.49 186.00 91.80 379.24 375.57 88.91 205.51 184.49 100.68 98.71 100.68 167.74 133.36 186.98 133.36 316.43 104.55 88.52 182.80 92.25 200.00 224.90 98.50 81.24 85.10 82.04 94.00 396.97 287.62 377.42 379.78 82.49 384.49 89.98 0.00 383.55 246.81 385.64 208.43 183.48 231.85 381.92 164.85 0.00 0.00 375.98 112.61 88.39 84.07 375.98 89.82 92.84 80.01 380.72 81.99
97.71 100.68 0.00 196.47 117.89 380.44 375.62 377.66 392.35 382.74 94.00 97.67 101.05 106.86 88.91 377.50 99.34 92.41 85.10 96.71 377.47 0.00 226.70 377.80 91.16 268.51 261.01 375.17 358.71 376.26 250.03 89.64 123.54 178.31 353.26 99.04 82.60 124.60 342.29 83.54 82.19 376.72 347.15 120.02 90.34 88.38 81.64 80.75 369.68 379.72 80.10 128.51 378.13 0.00 377.77 192.15 128.63 93.83 88.15 89.55 88.39
239.52 100.67 88.00 94.67 87.48 91.16 379.92 346.35 91.16 97.26 80.58 131.08 363.57 378.57 379.86 0.00 273.38 305.69 376.21 222.27 325.16 391.18 357.53 376.80 152.80 133.36 367.18 0.00 218.42 96.71 305.51 82.82 334.16 80.88 86.72 93.32 81.02 138.98 328.32 380.96 82.19 380.53 81.16 0.00 377.91 132.88 383.60 80.29 151.69 170.49 345.06 80.19 364.14 80.29 100.54 0.00 353.71 121.67 83.05 98.65 93.08
365.58 209.16 381.06 258.85 0.00 246.81 209.16 205.18 375.30 0.00 325.86 373.01 0.00 152.80 118.63 103.53 377.37 225.50 113.68 291.54 378.24 81.02 81.64 376.45 86.34 376.21 84.66 366.33 0.00 86.72 98.65 91.29 79.20 87.00 90.53 199.66 88.30 82.60 322.09 135.30 81.81 93.83 128.80 382.58 142.55 80.19 91.44 91.10-9999.00-9999.00-9999.00-9999.00-9999.00-9999.00-9999.00-9999.00-9999.00-9999.00-9999.00-9999.00-9999.00-9999.00-9999.00-9999.00-9999.00-9999.00-9999.00-9999.00-9999.00-9999.00-9999.00-9999.00 -9999.00-9999.00-9999.00-9999.00-9999.00-9999.00-9999.00-9999.00-9999.00-9999.00-9999.00-9999.00-9999.00-9999.00-9999.00-9999.00-9999.00-9999.00-9999.00-9999.00-9999.00 92.17 88.41 85.46 98.71 170.80 377.77 376.74 382.60 387.26 382.71 413.81 103.18
88.76 80.43 83.25 85.10 345.08 339.72 377.39 377.36 378.00 339.71 334.38 0.00 363.25 376.12 378.44 364.56 130.59 113.17 0.00 376.16 377.49 182.17 200.61 180.79 109.93 92.81 83.53 85.83 95.63 365.21 291.38 376.20 375.63 377.98 166.15 225.48 318.03 261.01 375.93 373.13 309.40 337.97 0.00 328.17 0.00 377.63 328.17 377.30 379.72 0.00 375.68 286.85 325.86 377.07 375.34 376.44 306.47 90.12 281.69 96.98 82.75
367.67 148.17 138.16 80.15 79.30 87.13 89.95 87.83 80.23 88.58 83.43 124.60 142.79 272.48 155.09 144.61 359.59 83.80 96.00 375.39 100.37 381.24 122.85 89.82-9999.00-9999.00-9999.00-9999.00-9999.00-9999.00-9999.00-9999.00-9999.00-9999.00-9999.00-9999.00-9999.00-9999.00-9999.00-9999.00-9999.00-9999.00-9999.00-9999.00-9999.00 -9999.00-9999.00-9999.00-9999.00-9999.00-9999.00-9999.00-9999.00-9999.00-9999.00-9999.00-9999.00-9999.00-9999.00-9999.00-9999.00-9999.00-9999.00-9999.00-9999.00-9999.00-9999.00-9999.00-9999.00-9999.00-9999.00-9999.00-9999.00-9999.00-9999.00-9999.00-9999.00-9999.00 98.59 242.20 377.69 196.47 381.52 379.97 376.11 376.35 375.42 211.49 375.29 297.23 0.00 326.30 0.00 375.14 375.13 102.50 98.40 122.15 107.30 92.93 100.71 115.83 141.26 98.40 382.36 376.47 152.27 91.66 357.82 92.27 376.18 361.28 95.37 128.48
376.10 382.44 376.27 379.52 82.17 84.48 380.00 382.35 401.99 379.97 79.35 88.66 106.00 98.19 80.51 88.51 387.29 92.27 222.97 85.73 377.97 256.63 414.78 94.38 0.00 0.00 383.88 98.03 160.52-9999.00-9999.00-9999.00-9999.00-9999.00-9999.00-9999.00-9999.00-9999.00-9999.00-9999.00-9999.00-9999.00-9999.00-9999.00-9999.00-9999.00-9999.00-9999.00-9999.00-9999.00-9999.00-9999.00 -9999.00-9999.00-9999.00-9999.00-9999.00-9999.00-9999.00-9999.00-9999.00-9999.00-9999.00-9999.00-9999.00-9999.00-9999.00-9999.00-9999.00-9999.00-9999.00-9999.00-9999.00-9999.00-9999.00-9999.00-9999.00-9999.00-9999.00-9999.00-9999.00-9999.00-9999.00-9999.00-9999.00-9999.00-9999.00-9999.00-9999.00 288.60 368.86 375.00 375.39 374.18 352.03 375.27 375.27 375.14 0.00 297.23 333.97 292.03 0.00 360.45 297.23 376.71 375.01 297.23 297.23 297.23 376.82 376.97 297.23 375.25 0.00 354.02 103.86 103.86 114.88 382.18
0.00 297.23 297.23 297.23 378.47 0.00 360.36 375.00 297.23 0.00 0.00 0.00 0.00 375.00 297.23 375.00 297.23 320.66 0.00 0.00 375.77 378.04 182.40 375.51 280.63 375.32 368.93 140.55 375.18 319.71 166.32 377.51 169.32 81.99 172.15 79.45 153.72 143.77 89.35 101.84 253.66 373.57 376.44 105.24 376.54 182.20 99.10 88.06 369.28 377.05 89.47 383.47 83.93 191.84 80.23 376.46 86.08 376.95 92.70 377.63 90.12
300.51 0.00 375.00 0.00 375.40 297.23 0.00 297.23 375.52 375.18 297.23 297.23 375.97 375.00 330.91 375.00 0.00 0.00 297.23 297.23 0.00 378.06 375.55 229.86 375.41 298.34 132.53 154.96 375.50 104.81 375.26 375.33 377.60 85.40 83.43 379.07 304.88 143.97 82.97 0.00 87.63 144.28 88.06 175.97 83.43 81.21 414.44 101.29 379.82 87.63 93.63 0.00 386.73 155.66 88.06 100.89 89.47 179.92 104.56 83.57 0.00
