蒙特卡罗+CDRMV3/输出数据/2D水深分布/WaterDepthGIS_0145.ASC
ncols         539            
nrows         744            
xllcorner     602630.84259341
yllcorner     3914823.670891 
cellsize      50             
NODATA_value  -9999.00       
[rows 0 to 26 of 32, columns 427 to 487 of 539]
80.21 78.14 166.77 0.00 81.67 380.84 78.71 86.23 87.04 83.35 376.01 95.07-9999.00-9999.00 100.88 97.46-9999.00-9999.00-9999.00-9999.00-9999.00 -9999.00-9999.00-9999.00-9999.00-9999.00-9999.00-9999.00-9999.00-9999.00-9999.00-9999.00-9999.00-9999.00-9999.00-9999.00 80.09 142.79 371.66 82.58 128.25 0.00 156.50 85.96 113.35-9999.00-9999.00-9999.00-9999.00-9999.00-9999.00-9999.00-9999.00-9999.00-9999.00-9999.00-9999.00-9999.00-9999.00-9999.00-9999.00-9999.00-9999.00-9999.00-9999.00-9999.00-9999.00-9999.00-9999.00-9999.00-9999.00-9999.00-9999.00-9999.00-9999.00-9999.00-9999.00-9999.00-9999.00-9999.00-9999.00-9999.00-9999.00-9999.00-9999.00-9999.00-9999.00-9999.00-9999.00-9999.00-9999.00-9999.00-9999.00-9999.00-9999.00-9999.00-9999.00-9999.00-9999.00-9999.00 90.41 80.98 365.02 79.42-9999.00-9999.00-9999.00-9999.00-9999.00-9999.00-9999.00-9999.00-9999.00-9999.00-9999.00 83.03-9999.00-9999.00-9999.00-9999.00-9999.00-9999.00-9999.00-9999.00-9999.00-9999.00-9999.00-9999.00-9999.00 94.66 78.71 376.02 78.20 380.88 89.19 216.50 133.67 79.87 85.92 151.89 318.16 89.51 225.74 197.64 87.13 80.98 85.83 88.09 89.30 0.00 92.49 375.78 148.39 78.62 77.77 79.16 378.00 84.36 91.76 378.54 222.02
77.90 0.00 0.00 183.20 193.98 82.74 0.00 264.72 383.96 281.19 77.77 99.84 217.88 84.36 375.77 78.93 78.93 270.71 378.16 394.57 379.00 0.00 79.04 77.50 356.72 89.85 79.57 376.43 305.86 371.56 78.07 79.29 90.03 88.24 86.80 0.00 89.30 0.00 249.97 85.51 378.69 300.22 78.93 88.47 100.88-9999.00-9999.00-9999.00-9999.00 -9999.00-9999.00-9999.00-9999.00-9999.00-9999.00-9999.00-9999.00-9999.00-9999.00-9999.00-9999.00-9999.00 91.62 90.87 77.51 116.39 377.34 0.00 156.13 77.39 87.76 113.35 122.74 161.61 84.30 93.40-9999.00-9999.00-9999.00-9999.00-9999.00-9999.00-9999.00-9999.00-9999.00-9999.00-9999.00-9999.00-9999.00-9999.00-9999.00-9999.00-9999.00-9999.00-9999.00-9999.00-9999.00-9999.00-9999.00-9999.00-9999.00-9999.00-9999.00-9999.00-9999.00-9999.00-9999.00-9999.00-9999.00-9999.00-9999.00 82.74
79.29 77.63 144.22 85.11 0.00 83.67 361.76 0.00 387.39 382.47 383.32 376.53 393.22 127.94 81.92 377.83 82.18-9999.00-9999.00-9999.00-9999.00-9999.00-9999.00 -9999.00-9999.00-9999.00-9999.00-9999.00-9999.00-9999.00-9999.00-9999.00-9999.00-9999.00 81.71 116.97 229.98 380.06 86.68 85.01 83.22 0.00 298.60 116.73 79.05 84.74 378.45 87.76 381.66 246.22 178.53 93.40 82.58 258.78 86.03 138.02-9999.00-9999.00-9999.00-9999.00-9999.00 90.63 79.71 149.09 95.42 211.92 92.49 379.31 224.58-9999.00-9999.00-9999.00-9999.00-9999.00 88.76 282.13 370.67 91.76 84.01 408.15 79.04 93.01 83.03 377.11 85.92 85.11 189.61
360.01 82.18 359.27 89.30 375.92 232.29 81.43 77.61 352.86 81.20 153.71 0.00 194.75 80.39 90.41 86.17 192.66 0.00 0.00 375.99 294.20 291.29 93.27 80.98 150.93 377.68 329.31 383.67 80.03 99.01 0.00 139.28 77.81 91.93 78.82 376.87 81.43 0.00 323.63 140.05 77.52 86.02 95.81 79.71 93.31 88.24 121.57 363.53 375.50 403.92 380.74 79.16 109.36 77.81 254.86 335.07 380.44 381.56 89.30 254.81 0.00
177.27 376.55 0.00 78.35 142.24 189.94 81.43 79.04 134.42 382.14 79.42 89.51 122.55 87.97 87.74 194.08 121.58 79.57 117.10 381.16 91.23 87.52 84.73 156.87 386.06 141.35 79.71 123.67 376.86 198.65 379.00 78.07 142.50 84.73 196.33 307.34 100.67 88.34 86.49 117.55 95.42 88.47 77.81 85.42 81.20 412.23 0.00 86.80 227.76 138.77 98.07 94.36 378.45 99.01 135.33 102.98 371.48 82.74-9999.00-9999.00-9999.00-9999.00-9999.00-9999.00-9999.00-9999.00-9999.00 -9999.00-9999.00-9999.00-9999.00-9999.00 191.71 79.71
86.07 146.40 122.58 87.26 386.51 258.14 78.71 95.03 96.22 77.50 88.34 86.35 135.41 296.11 0.00 78.44 89.68 90.41 83.67 356.14 80.21 77.77 85.45 78.52 90.81 83.03 87.13 175.15 78.44 240.65 379.41 376.72 79.29 78.14 82.45 378.52 78.93 79.87 305.47 0.00 360.35 375.84 227.25 103.77 0.00 385.32 386.19 382.17 381.81 251.68 80.77 84.73 100.24-9999.00-9999.00-9999.00-9999.00-9999.00-9999.00-9999.00-9999.00-9999.00 -9999.00-9999.00 78.18 375.99 376.19 79.53 377.29 354.97 174.62
79.71 167.19 248.81 376.05 382.25 0.00 127.86 97.05 377.99 378.63 220.22 90.46 264.06 376.41 94.30 116.48 0.00 83.03 140.66 79.57 89.68 84.73 82.45 377.26 78.62 81.20 117.17 378.62 77.69 77.61 193.62 86.07 80.77 85.79 88.09 85.79 88.61 142.70 0.00 114.86 0.00 0.00 0.00 389.02 255.69 264.07 126.51 121.31 126.94 191.83 99.88 96.67 162.53 135.19 81.67 376.28 79.42-9999.00-9999.00-9999.00-9999.00-9999.00-9999.00 -9999.00-9999.00-9999.00-9999.00-9999.00 91.11 86.38 77.81
0.00 80.39 243.21 119.41 162.33 79.42 79.29 88.24 135.25 79.42 116.94 0.00 364.12 117.18 81.67 84.73 141.38 380.88 79.16 286.89 93.63 80.77 132.24 82.18 389.50 86.35 167.36 77.77 77.73 141.81 82.18 375.70 0.00 129.32 387.98 383.41 383.78 385.72 382.01 383.95 388.17 380.86 262.12 267.49 93.57 99.54 79.71 79.71 377.66 83.35 97.05-9999.00-9999.00-9999.00-9999.00-9999.00-9999.00-9999.00 -9999.00-9999.00-9999.00-9999.00-9999.00-9999.00-9999.00-9999.00 77.15 116.91 0.00 300.39 140.36 77.98 77.46 385.63 0.00
122.43 89.85 81.92 0.00 378.52 293.17 120.34 88.24 86.29 86.02 80.98 128.66 0.00 382.49 377.73 376.68 177.47 127.38 77.81 88.21 86.36 86.80 375.88 129.25 79.29 77.50 93.96 102.27-9999.00-9999.00-9999.00-9999.00-9999.00-9999.00-9999.00-9999.00-9999.00 -9999.00-9999.00-9999.00-9999.00-9999.00-9999.00-9999.00-9999.00-9999.00 77.15 119.96 0.00 82.90 81.71 0.00 81.71 197.18 116.62 76.99 88.51 130.53 77.39 377.82 86.90 89.02 84.53 84.59 77.73 394.92 0.00 376.40 77.23 85.79 151.12 195.17 85.09 79.53 91.89 85.87 286.60 232.34
366.09 85.92-9999.00-9999.00-9999.00-9999.00-9999.00-9999.00-9999.00-9999.00 -9999.00-9999.00-9999.00-9999.00-9999.00-9999.00-9999.00-9999.00-9999.00-9999.00 78.40 135.46 135.75 0.00 181.68 77.89 82.28 90.87 78.08 172.50 380.13 87.49 91.11 86.57 84.68 140.80 0.00 151.06 363.37 79.21 131.90 80.50 81.45 83.93 395.75 159.57 80.95 85.52 81.71 80.29 189.13 277.38 89.58 360.42 96.96 199.15 91.11 94.86 88.46 101.04 141.93 282.12 87.63 84.70 77.80 375.56 378.71 0.00 77.65 95.42 376.26 365.98 78.71 170.84 111.41 85.34 85.79 79.87
81.99 167.61 88.68 77.33 378.55 0.00 79.05 373.08 202.02 94.14 80.72 375.35 365.21 86.03 207.22 85.87 79.05 310.16 376.44 80.95 0.00 378.52 231.89 193.39 122.33 92.49 87.63 79.29 244.08 78.20 132.74 78.52 260.56 0.00 344.49 154.67 79.87 85.11 148.38 385.91 296.92 376.14 119.54 83.03 98.27 79.57 367.68 378.40 326.27 87.04 84.73 77.58 119.81 377.00 87.74 0.00 376.56 289.40 131.00 78.71 78.01
180.00 375.32 146.10 79.63 91.23 78.52 375.89 0.00 78.01 79.87 376.14 326.56 138.47 87.26 88.89 122.71 77.66 77.50 395.10 79.57 88.75 78.52 0.00 163.04 121.43 77.53 87.32 122.08 87.85 83.35 381.56 84.73 77.50 223.07 353.38 412.55 82.18 379.64 102.27 338.65 377.58 379.18 377.89 376.48 380.52 0.00 379.02 377.80 313.04 384.87 377.03 345.54 82.56 88.27 146.63 148.73 78.93 376.46 392.49 215.70 78.93
378.15 0.00 375.88 380.95 375.64 379.01 105.85 211.04 85.10 108.04 189.09 119.54 350.88 99.84 381.87 384.17 373.99 124.97 77.66 92.19-9999.00-9999.00-9999.00-9999.00-9999.00-9999.00-9999.00-9999.00-9999.00-9999.00-9999.00-9999.00-9999.00-9999.00 -9999.00-9999.00-9999.00-9999.00-9999.00-9999.00-9999.00-9999.00-9999.00 79.53 196.04 86.90 88.85 367.45 376.68 106.76 377.86 103.30 90.64 89.98 92.42 0.00 84.30 90.00 377.07 78.91 87.63 77.11 142.93 102.25 0.00 87.49 88.05 381.06 87.37 86.29 96.09 81.45 115.60 0.00 81.71 137.27 77.15 77.51 84.86 79.53 0.00 81.99 406.20
140.97 77.45 81.20 128.29 79.89 0.00 377.04 376.69 328.61 124.04 79.89 85.34 85.19 77.45 265.04 0.00 88.46 78.52 0.00 180.54 76.89 76.88 84.59 86.68 77.75 365.54 84.30 189.55 119.39 95.42 191.87 377.26 89.51 145.55 376.92 0.00 380.52 249.53 88.96 101.14 107.19 379.72 96.07 377.91 96.42 114.67 389.03 376.37 135.67 89.15 101.10 87.22 87.85 78.07 379.50 109.89 96.22 89.35 85.92 92.45 78.52
88.47 94.66 99.91 0.00 103.77 0.00 378.74 200.68 376.14 376.20 375.14 206.24 116.56 78.28 93.96 89.51 81.67 378.79 83.67 252.31 87.22 175.34 140.61 96.63-9999.00-9999.00-9999.00-9999.00-9999.00-9999.00-9999.00-9999.00-9999.00-9999.00-9999.00-9999.00-9999.00-9999.00 -9999.00-9999.00-9999.00-9999.00-9999.00-9999.00-9999.00-9999.00-9999.00-9999.00-9999.00-9999.00-9999.00-9999.00-9999.00-9999.00-9999.00 101.43 373.30 380.60 379.19 77.28 141.83 240.44 376.31 0.00 78.91 86.29 81.45 377.79 89.15 78.18 118.69 209.53 0.00 112.01 323.42 77.89 77.15 141.27 0.00 122.11 78.40 89.02 117.23 0.00 79.89 87.12 376.55 90.63 187.22 80.95 77.65
383.62 375.79 139.14 85.11 87.85 124.25 90.60 83.67 0.00 0.00 0.00 0.00 381.67 381.68 215.29 86.80 88.89 93.31 91.46 79.42 138.18 375.60 409.69 383.45 156.29 85.76 78.01 78.14 0.00 109.89 258.91 142.15 380.84 375.45 86.59 91.51 85.83 85.92 86.79 82.18 86.63 90.03 120.85 194.69 83.35-9999.00-9999.00-9999.00-9999.00-9999.00-9999.00-9999.00-9999.00-9999.00-9999.00-9999.00-9999.00-9999.00-9999.00-9999.00-9999.00-9999.00-9999.00 -9999.00-9999.00-9999.00-9999.00-9999.00-9999.00-9999.00-9999.00-9999.00-9999.00-9999.00-9999.00-9999.00-9999.00-9999.00-9999.00-9999.00 359.25 102.99 88.46 93.75 82.58 377.90 378.86 0.00 142.84 352.06 144.27 77.65 85.52 334.76 128.89
227.82 95.26 79.71 126.49 387.42 84.73 0.00 102.08 129.32 343.48 381.59 271.14 0.00 83.35 92.73 78.28 86.49 101.66 373.28 122.51 78.93 79.42 78.07 93.01 86.80 125.14 156.48 80.98 77.90 121.77 322.37 377.19 77.77 88.89 79.87 132.22 0.00 187.45 265.91 384.59 79.29 217.23 120.03 85.92 80.58 367.72 263.33 88.47 134.29 135.01 90.60-9999.00-9999.00-9999.00-9999.00-9999.00-9999.00-9999.00-9999.00-9999.00-9999.00-9999.00-9999.00-9999.00-9999.00-9999.00-9999.00-9999.00-9999.00-9999.00-9999.00 -9999.00-9999.00-9999.00-9999.00-9999.00-9999.00-9999.00-9999.00-9999.00-9999.00-9999.00-9999.00-9999.00-9999.00-9999.00-9999.00-9999.00-9999.00-9999.00 234.12 130.71 85.96 178.47 353.16 389.86 98.21 103.86 184.51
361.57 118.99 99.83 120.28 96.42 126.92 244.13 86.80 232.61 78.35 89.51 88.24 405.19 77.59 86.36 79.04 133.00 80.03 91.76 255.85 314.78 79.87 90.60 79.16 116.74 379.43 78.52 78.01 354.90 0.00 248.80 92.49 0.00 331.97 250.53 312.21 77.69 131.77 278.47 116.52 78.82 117.70 247.54 80.58 84.73-9999.00-9999.00-9999.00-9999.00-9999.00-9999.00-9999.00-9999.00-9999.00-9999.00-9999.00-9999.00-9999.00-9999.00-9999.00-9999.00-9999.00-9999.00-9999.00 -9999.00-9999.00-9999.00-9999.00-9999.00-9999.00-9999.00-9999.00-9999.00-9999.00-9999.00-9999.00-9999.00-9999.00-9999.00-9999.00-9999.00-9999.00-9999.00-9999.00 107.95 231.50 82.90 96.96 88.46 90.63 81.45 88.20 86.11 77.28 385.82 134.11 85.29 84.86 87.76
142.61 78.71 109.89 184.04 378.52 191.76 79.42 78.62 116.45 0.00 376.14 358.63 144.35 81.43 104.09 260.80 224.04 0.00 116.92 132.51 191.68 119.30 78.71 78.28 376.85 380.81 77.58 79.16 165.36 81.43-9999.00-9999.00-9999.00-9999.00-9999.00-9999.00-9999.00-9999.00-9999.00-9999.00-9999.00-9999.00-9999.00-9999.00-9999.00-9999.00-9999.00-9999.00 -9999.00-9999.00-9999.00-9999.00-9999.00-9999.00-9999.00-9999.00-9999.00-9999.00-9999.00-9999.00-9999.00-9999.00-9999.00-9999.00-9999.00-9999.00-9999.00-9999.00-9999.00-9999.00-9999.00-9999.00-9999.00 95.11 226.95 377.80 76.88 383.38 125.30 88.68 92.76 142.83 80.29 148.65 89.78 85.96 363.13 78.64 0.00 204.51 80.50 191.38 242.46 201.27 89.04 377.91 267.47 90.27 85.52 83.57 384.37 382.67 377.56
0.00 376.70 378.07 366.49 128.07 77.63 139.98 83.03 131.02 139.13-9999.00-9999.00-9999.00-9999.00-9999.00-9999.00-9999.00-9999.00-9999.00-9999.00-9999.00-9999.00-9999.00-9999.00-9999.00-9999.00-9999.00-9999.00-9999.00 -9999.00-9999.00-9999.00-9999.00-9999.00-9999.00-9999.00-9999.00-9999.00-9999.00-9999.00-9999.00-9999.00-9999.00-9999.00-9999.00-9999.00-9999.00-9999.00-9999.00-9999.00 82.28 84.30 352.00 99.23 83.22 84.30 97.40 79.53 83.22 164.82 206.72 0.00 184.05 83.57 79.89 0.00 375.41 117.39 371.24 128.04 79.71 96.96 99.60 82.90 92.17 94.14 93.08 88.46 111.12 91.62 210.46 171.14 386.75 117.39 118.75 89.04 0.00 324.60 0.00 0.00 0.00 0.00 0.00 379.90 377.65 376.29 90.27 143.08 97.84 89.04
99.84-9999.00-9999.00-9999.00-9999.00-9999.00-9999.00-9999.00-9999.00-9999.00-9999.00-9999.00-9999.00-9999.00-9999.00-9999.00-9999.00-9999.00-9999.00-9999.00-9999.00-9999.00-9999.00 -9999.00-9999.00-9999.00-9999.00-9999.00-9999.00-9999.00-9999.00-9999.00-9999.00-9999.00-9999.00-9999.00-9999.00-9999.00-9999.00-9999.00 337.84 80.29 79.71 290.45 91.65 109.18 88.35 102.25 89.98 77.58 0.00 79.21 79.53 78.91 86.57 78.77 89.04 193.24 378.24 177.20 377.39 0.00 204.46 231.34 375.10 375.84 376.74 317.63 89.04 346.07 82.90 89.64 124.16 99.23 163.54 83.22 280.39 271.93 372.73 124.16 385.93 386.12 0.00 377.31 115.85 299.48 87.92 103.86 230.43 82.90 377.24 257.61 251.15 96.09 82.58 93.08 109.18 101.43 94.14
95.11 338.34 376.10 117.39 377.15 290.46 0.00 387.97 253.00 376.59 376.20 377.23 258.38 376.02 188.88 380.12 378.88 385.71 377.28 242.85 221.85 90.94 91.65 376.01 207.34 225.02 380.78 301.62 96.13 114.20 376.85 0.00 0.00 0.00 0.00 0.00 0.00 308.98 386.61 272.47 376.68 377.20 0.00 0.00 224.90 207.13 376.05 375.28 0.00 359.61 375.00 240.91 0.00 149.88 375.68 84.26 173.95 387.22 382.56 375.54 78.77
155.10 149.50 87.06 78.36 298.77 348.48 383.29 0.00 86.80 194.26 88.99 103.60 383.65 138.01 77.85 86.95 85.62 77.50 116.46 307.43 375.68 77.73 88.09 98.67 281.73 85.11 98.27 98.67 81.92 94.66 93.31-9999.00-9999.00-9999.00-9999.00-9999.00-9999.00-9999.00-9999.00-9999.00-9999.00-9999.00-9999.00-9999.00-9999.00-9999.00-9999.00-9999.00-9999.00-9999.00-9999.00-9999.00-9999.00 -9999.00-9999.00-9999.00-9999.00-9999.00-9999.00-9999.00-9999.00-9999.00-9999.00-9999.00-9999.00-9999.00-9999.00-9999.00-9999.00-9999.00-9999.00-9999.00-9999.00-9999.00-9999.00-9999.00-9999.00-9999.00-9999.00-9999.00-9999.00-9999.00-9999.00-9999.00 81.99 377.23 377.10 109.18 141.81 207.34 207.34 215.89 240.91 324.60 376.07 358.88 0.00 327.77 378.63 357.04 99.26 99.51 99.26 0.00 220.63 392.05 375.60 376.52 142.92 83.93 140.11 230.56 81.71
142.59 375.24 375.67 320.47 91.10 108.63 390.22 417.75 420.61 302.61 269.81 0.00 253.89 376.34 0.00 168.03 228.75 375.27 375.40 386.55 329.88 375.17 156.94 375.51 120.85 346.19 375.78 120.90 153.20 82.34 382.36 375.44 88.16 81.78 90.81 382.91 348.57 345.65 78.58 372.01 88.38 175.84 295.56 377.20 95.26 365.06 93.01 369.64 132.19 98.27 377.53 98.27 379.18 95.81 326.92-9999.00-9999.00-9999.00-9999.00-9999.00-9999.00-9999.00-9999.00-9999.00-9999.00-9999.00-9999.00-9999.00-9999.00-9999.00-9999.00-9999.00-9999.00-9999.00-9999.00-9999.00 -9999.00-9999.00-9999.00-9999.00-9999.00-9999.00-9999.00-9999.00-9999.00-9999.00-9999.00-9999.00-9999.00-9999.00-9999.00-9999.00-9999.00-9999.00-9999.00-9999.00-9999.00-9999.00-9999.00-9999.00-9999.00-9999.00-9999.00-9999.00-9999.00-9999.00-9999.00-9999.00-9999.00 97.42 254.13 378.40 204.79 376.55
117.10 143.40 159.05 92.96 141.13 119.85 149.62 307.15 92.46 79.25 89.86 90.41 91.31 89.14 375.30 0.00 375.63 378.77 112.28 87.50 378.62 0.00 378.48 375.14 340.57 201.65 131.90 375.70 375.71 208.97 136.44 79.63 82.32 80.07 78.93 86.07 260.52 81.82 101.76 0.00 0.00 118.62 248.19 181.12 84.83 85.61 0.00 0.00 0.00 86.90 88.91 94.37 96.47 153.14-9999.00-9999.00-9999.00-9999.00-9999.00-9999.00-9999.00-9999.00-9999.00-9999.00-9999.00-9999.00-9999.00-9999.00-9999.00-9999.00-9999.00-9999.00-9999.00-9999.00-9999.00-9999.00-9999.00 -9999.00-9999.00-9999.00-9999.00-9999.00-9999.00-9999.00-9999.00-9999.00-9999.00-9999.00-9999.00-9999.00-9999.00-9999.00-9999.00-9999.00-9999.00-9999.00-9999.00-9999.00-9999.00-9999.00-9999.00-9999.00-9999.00-9999.00-9999.00-9999.00-9999.00-9999.00-9999.00-9999.00-9999.00-9999.00-9999.00-9999.00-9999.00-9999.00 228.75 273.22 273.22 209.99 375.26 375.29
91.10 101.27-9999.00-9999.00-9999.00-9999.00-9999.00-9999.00-9999.00-9999.00-9999.00-9999.00-9999.00-9999.00-9999.00-9999.00-9999.00-9999.00-9999.00-9999.00 -9999.00-9999.00-9999.00-9999.00-9999.00-9999.00-9999.00-9999.00-9999.00-9999.00-9999.00-9999.00-9999.00-9999.00-9999.00-9999.00-9999.00-9999.00-9999.00-9999.00-9999.00-9999.00-9999.00-9999.00-9999.00-9999.00-9999.00-9999.00-9999.00-9999.00-9999.00-9999.00-9999.00-9999.00-9999.00-9999.00-9999.00-9999.00-9999.00-9999.00-9999.00-9999.00-9999.00-9999.00-9999.00-9999.00-9999.00-9999.00 375.47 375.00 0.00 296.81 375.11 375.64 330.57 0.00 375.02 273.22 353.27 378.88 325.95 375.36 296.80 377.74 0.00 296.80 375.00 296.80 0.00 296.80 375.00 296.80 0.00 296.80 375.18 375.00 296.80 330.58 375.51 317.55 360.50 0.00 330.57 376.43 286.59 375.63 375.27 0.00 0.00 0.00 0.00 375.27 112.28 143.00 379.30 375.36 336.39 364.26 84.12 377.69 378.48 126.01 90.61 83.47 370.42 382.74
379.05 85.02 89.31 103.52 104.90-9999.00-9999.00-9999.00-9999.00-9999.00-9999.00-9999.00-9999.00-9999.00-9999.00-9999.00-9999.00-9999.00-9999.00-9999.00-9999.00-9999.00-9999.00 -9999.00-9999.00-9999.00-9999.00-9999.00-9999.00-9999.00-9999.00-9999.00-9999.00-9999.00-9999.00-9999.00-9999.00-9999.00-9999.00-9999.00-9999.00-9999.00-9999.00-9999.00-9999.00-9999.00-9999.00-9999.00-9999.00-9999.00-9999.00-9999.00-9999.00-9999.00-9999.00-9999.00-9999.00-9999.00-9999.00-9999.00-9999.00-9999.00-9999.00-9999.00-9999.00-9999.00-9999.00-9999.00-9999.00-9999.00-9999.00-9999.00-9999.00-9999.00-9999.00-9999.00-9999.00 0.00 353.29 323.71 376.03 375.21 325.87 376.02 334.82 296.80 0.00 0.00 375.38 0.00 296.80 375.34 296.81 375.00 296.81 375.72 296.81 375.32 325.87 375.00 0.00 375.22 375.00 0.00 296.81 375.97 228.69 375.52 194.17 375.37 258.87 92.60 138.67 375.74 91.82 80.76 77.86 88.22 81.15 376.93 376.04 142.99 79.03 0.00 330.82 79.77 80.57 88.91 375.76 85.61 95.26 382.03
