蒙特卡罗+CDRMV3/输出数据/2D水深分布/WaterDepthGIS_0146.ASC
ncols         539            
nrows         744            
xllcorner     602630.84259341
yllcorner     3914823.670891 
cellsize      50             
NODATA_value  -9999.00       
[rows 0 to 26 of 32, columns 244 to 304 of 539]
0.00 83.15 85.84 92.20 80.26 79.70 82.22-9999.00-9999.00-9999.00-9999.00-9999.00-9999.00-9999.00-9999.00-9999.00-9999.00-9999.00-9999.00-9999.00 -9999.00-9999.00-9999.00-9999.00-9999.00-9999.00-9999.00-9999.00-9999.00 98.24 91.15 375.77 349.09 85.93 382.18 436.29 84.60 91.12 351.20 153.41 88.90-9999.00-9999.00-9999.00-9999.00-9999.00-9999.00-9999.00-9999.00-9999.00-9999.00-9999.00-9999.00-9999.00-9999.00-9999.00-9999.00-9999.00-9999.00-9999.00-9999.00-9999.00-9999.00-9999.00-9999.00-9999.00-9999.00-9999.00-9999.00-9999.00-9999.00-9999.00-9999.00-9999.00-9999.00-9999.00-9999.00-9999.00-9999.00-9999.00-9999.00-9999.00-9999.00-9999.00-9999.00-9999.00-9999.00-9999.00-9999.00-9999.00-9999.00-9999.00-9999.00-9999.00-9999.00-9999.00-9999.00-9999.00-9999.00-9999.00-9999.00-9999.00-9999.00-9999.00-9999.00-9999.00-9999.00-9999.00-9999.00-9999.00-9999.00-9999.00-9999.00-9999.00-9999.00-9999.00-9999.00-9999.00-9999.00-9999.00-9999.00-9999.00-9999.00-9999.00-9999.00-9999.00-9999.00-9999.00-9999.00-9999.00-9999.00 78.54 85.98 94.87 79.88 195.02 78.54 78.21 310.68 88.84 78.79 87.23 77.06 115.96 377.71 0.00 171.62 77.05 78.12 80.26 120.36 142.66 87.34-9999.00-9999.00-9999.00-9999.00-9999.00-9999.00-9999.00-9999.00-9999.00-9999.00-9999.00-9999.00 -9999.00-9999.00-9999.00-9999.00-9999.00-9999.00-9999.00-9999.00-9999.00 92.74 376.46 100.94 130.42 376.58 100.94 379.11 0.00 82.40 376.04 219.91 89.70 79.22-9999.00-9999.00-9999.00-9999.00-9999.00-9999.00-9999.00-9999.00-9999.00-9999.00-9999.00-9999.00-9999.00-9999.00-9999.00-9999.00-9999.00-9999.00-9999.00-9999.00-9999.00-9999.00-9999.00-9999.00-9999.00-9999.00-9999.00-9999.00-9999.00-9999.00-9999.00-9999.00-9999.00-9999.00-9999.00-9999.00-9999.00-9999.00-9999.00-9999.00-9999.00-9999.00-9999.00-9999.00-9999.00-9999.00-9999.00-9999.00-9999.00-9999.00-9999.00-9999.00-9999.00-9999.00-9999.00-9999.00-9999.00-9999.00-9999.00-9999.00-9999.00-9999.00-9999.00-9999.00-9999.00-9999.00-9999.00-9999.00-9999.00-9999.00-9999.00-9999.00-9999.00-9999.00-9999.00-9999.00-9999.00-9999.00-9999.00-9999.00-9999.00-9999.00-9999.00-9999.00-9999.00-9999.00-9999.00-9999.00 81.40 174.10 116.30 86.71 115.47
377.34 394.13 320.05 83.15 92.78-9999.00-9999.00-9999.00-9999.00-9999.00-9999.00-9999.00 81.40 86.81 79.36 86.05 85.41 379.08 159.62 378.38 80.06 140.42 377.55 91.42 96.10 376.34 92.48 382.05 77.41 81.66 371.73 78.66 77.13 77.86 77.27 77.86 308.88 0.00 376.10 142.84 78.32 118.33 77.46 365.24 154.53 214.90 80.91 86.36 119.54 376.31 374.13 376.59 0.00 80.06 88.25 0.00 101.55 98.98 84.59 82.22 91.42 372.01 91.25-9999.00-9999.00-9999.00 -9999.00-9999.00-9999.00-9999.00-9999.00-9999.00-9999.00-9999.00-9999.00-9999.00-9999.00-9999.00-9999.00-9999.00 85.89 84.80 126.63 89.78
87.23 193.57 79.36 174.00 86.75 365.59 82.52 204.13 382.82 79.21 382.29 79.70 380.27 172.83 77.71 94.49 88.24 78.66 78.66 382.90 94.12 83.84 0.00 127.78 88.25 89.18 80.06 89.01 77.78 380.96 78.32 151.85 85.72 94.49 86.53 87.01 81.40 77.20 378.68 118.97 78.54 85.84 88.53 120.28 137.86 85.02 77.20 307.82 79.36 78.92 77.94 0.00 369.43 84.99 126.55 120.49 121.46 79.06 177.08 118.16 122.56
0.00 0.00 0.00 0.00 144.63 149.69 77.46 88.10 97.77 79.36 90.09 77.31 377.99 0.00 376.68 0.00 97.56 95.53 199.66 113.91 98.18 378.03 79.36 247.56 347.35 89.36-9999.00-9999.00-9999.00-9999.00-9999.00-9999.00 -9999.00-9999.00-9999.00-9999.00-9999.00-9999.00-9999.00-9999.00-9999.00-9999.00-9999.00-9999.00 98.24 98.68 82.40 89.70 87.87 77.10 118.30 0.00 76.52 77.25 76.80 0.00 76.46 77.60 333.08 86.52 78.88 382.71 377.56 193.31 78.42-9999.00-9999.00-9999.00 82.40 85.47 287.13 90.14 81.78 152.38 388.67 98.53 90.94 143.71 115.47 377.38 377.29
85.89 80.23 88.19 86.52 78.57 85.38 98.24 86.41 96.67 380.58 83.07 322.24 380.95 86.41 379.37 81.22 163.98 77.60 378.98 77.60 325.99 124.47 0.00 378.80 82.52 98.18 161.25 99.44 152.99 124.38 288.50 93.09 77.31 296.24 0.00 78.79 96.10 126.83 0.00 379.68 116.91 80.47 78.66 376.52 81.15 84.59 117.39 377.52 379.08 95.53 0.00 77.51 92.20 88.10 147.27 128.43 77.41 120.95 0.00 376.02 272.73
89.92 86.40 85.03 374.83 309.21 81.50 83.81 163.01 84.20 0.00 372.55 138.96 78.92 91.17 134.54 77.09 376.18 375.37 77.51 78.79 379.65 0.00 77.41 77.00 370.02 0.00 115.60 88.80 88.69 156.75 88.10 77.23 377.90 121.50 79.06 223.47 131.12 0.00 117.02 80.47 77.71 117.53 0.00 78.02 89.01 91.42 311.37 78.92 90.30 79.70 82.52 140.52 217.88 385.20 222.30 164.46 83.84 90.30 86.91 84.99 87.23
80.95 86.63 81.78 87.14 141.16 322.73 87.42 82.73 0.00 115.35 135.66 80.23 81.78 383.90 80.01 92.25 78.12 121.50 382.05 148.82 133.13 77.64 199.41 0.00 0.00 122.91 77.05 77.41 77.20 154.00 378.86 77.86 77.23 115.97 366.53 376.25 84.21 0.00 77.14 89.71 77.64 0.00 270.48 77.36 78.79 375.94 143.21 78.92 83.49 149.23 264.34 378.88 212.08 0.00 385.42 378.95 378.19 383.43 137.64 89.36 79.70
376.03 378.70 77.70 87.56 77.91 0.00 89.78 78.72 381.58 381.95 199.02 78.16 88.19 99.58 81.78 76.97 164.88 79.70 121.47 88.24 91.67 84.99 117.13 0.00 381.69 78.02 89.53 141.21 89.01 86.71 85.98 77.86 116.28 158.57 209.10 0.00 77.41 82.83 0.00 185.27 116.75 79.06 81.15 90.58 92.78 90.50 136.77 77.23 120.50 201.58 376.03 0.00 77.27 120.40 86.71 87.12 86.36 88.80 188.04 88.39 84.98
84.40 84.60 80.47 379.29 379.72 0.00 376.91 374.21 379.65 375.35 77.78 84.99 336.79 77.31 266.17 78.92 196.49 79.88 0.00 354.12 78.42 172.34 87.46 378.46 77.78 91.17 79.36 142.49 342.05 377.65 78.66 121.45 87.12 79.88 121.93 0.00 77.94 81.66 193.05 77.27 93.42 376.22 123.55 79.52 272.20 98.53 0.00 116.67 77.46 89.71 77.51 124.31 0.00 132.22 91.67 77.20 79.70 256.58 0.00 91.25 87.83
89.90 121.94 77.94 135.07 186.66 94.87 79.88 122.29 0.00 131.68 120.05 88.53 89.53 188.97 133.75 0.00 322.60 120.98 81.66 230.77 85.91 87.01 77.36 227.62 377.72 380.15 171.19 80.47 142.85 0.00 0.00 0.00 349.13 260.45 78.54 166.90 77.57 137.58 376.75 0.00 391.10 387.05 141.96 84.60 237.09 119.95 77.46 86.44 86.27 126.42 368.77 237.58 78.92 359.73 364.79 375.72 79.36-9999.00-9999.00-9999.00-9999.00-9999.00-9999.00-9999.00-9999.00 -9999.00-9999.00-9999.00-9999.00-9999.00-9999.00-9999.00-9999.00-9999.00-9999.00 88.36 91.66 76.42
376.40 378.89 385.91 110.51 93.09 88.80 383.51 0.00 107.80 0.00 375.30 211.76 380.94 180.97 0.00 0.00 314.73 81.40 80.91 0.00 128.18 77.64 86.20 96.94 79.88 93.76 87.83 81.15 90.72-9999.00-9999.00-9999.00-9999.00-9999.00-9999.00-9999.00-9999.00-9999.00 -9999.00-9999.00-9999.00-9999.00-9999.00-9999.00-9999.00-9999.00-9999.00-9999.00 76.67 156.93 0.00 311.50 76.49 193.01 81.50 78.03 367.40 0.00 136.11 77.50 76.91 153.26 196.34 0.00 373.67 239.62 163.70 132.55 84.20 79.80 381.14 129.27 81.78 96.01 102.45 83.43 77.10 375.69 78.42
0.00 76.49 84.91 81.78 0.00 78.16 88.19 80.46 77.60 77.33 161.05 0.00 0.00 77.10 263.71 78.88 93.23 82.73 385.43 375.71 378.46 78.16 77.17 80.23 380.22 76.54 85.62 77.80 0.00 116.49 80.01 91.66 84.56 190.39 89.70 87.56 377.54 77.25 378.24 76.55 151.51 227.30 82.73 0.00 77.03 89.49 87.87 78.03 144.75 90.86 190.23 77.94 130.08 407.87 78.79 0.00 379.49 193.44 125.35 87.73 79.14
77.41 114.53 0.00 126.20 77.25 89.29 95.16 76.52 80.23 262.29 378.68 77.41 305.07 0.00 86.28 355.32 91.42 378.25 91.11 91.84 375.74 190.49 0.00 79.88 86.91 77.71 381.95 85.84 295.03 81.66 85.41 377.57 78.66 77.11 0.00 125.59 276.63 0.00 365.31 83.15 83.84 82.83 375.06 83.49 85.66 78.42 383.28 84.99 91.42 100.39 112.82 384.11 106.83 102.41 96.55 387.19 239.39 376.22 377.69 370.23 0.00
79.70 363.37 83.84 390.76 88.80 119.34 79.21 79.70 354.64 377.53 0.00 375.59 169.18 0.00 0.00 0.00 81.46 98.93 93.99 0.00 364.44 97.56 0.00 377.99 379.72 78.32 93.09 138.35 81.40 335.15 87.23-9999.00-9999.00-9999.00-9999.00-9999.00-9999.00-9999.00-9999.00-9999.00-9999.00-9999.00-9999.00-9999.00-9999.00 -9999.00-9999.00-9999.00-9999.00-9999.00-9999.00-9999.00-9999.00-9999.00-9999.00-9999.00 85.03 184.96 92.89 81.50 87.98 377.16 78.16 380.23 76.44 150.46 373.03 0.00 157.53 169.63 116.59 85.38 85.89 85.38 77.33 80.95 140.78 0.00 0.00 80.95 77.25 207.53 85.99 76.60 0.00
76.60 165.58 78.42 84.40 80.01 0.00 164.18 108.42 131.25 292.53 77.41 76.60 164.89 77.91 81.50 76.47 0.00 216.13 76.49 88.36 177.05 86.29 91.39 78.42 187.91 85.80 305.15 131.76 376.54 77.60 247.26 91.25 0.00 421.28 391.41 394.04 386.00 384.31 110.89 377.33 366.88 82.22 89.53 79.88 80.91 97.96 89.36 413.80 397.97 379.13 360.33 87.23 376.98 77.64 85.84 77.09 78.42 85.98 85.66 77.41 77.46
134.36 377.61 376.46 122.31 83.49 94.87-9999.00-9999.00-9999.00-9999.00-9999.00-9999.00-9999.00-9999.00-9999.00-9999.00-9999.00-9999.00-9999.00-9999.00-9999.00-9999.00-9999.00-9999.00 -9999.00-9999.00-9999.00-9999.00-9999.00-9999.00-9999.00-9999.00-9999.00-9999.00-9999.00-9999.00-9999.00-9999.00-9999.00-9999.00-9999.00 85.93 383.93 376.47 360.83 79.60 77.03 78.03 80.23 0.00 207.65 82.73 86.52 80.70 85.54 196.03 254.95 77.03 377.74 360.20 0.00 0.00 0.00 128.28 80.01 85.09 80.01 82.73 0.00 152.97 77.17 149.48 121.95 76.80 86.29 80.95 136.15 280.41 376.52 378.04 0.00 363.10 121.56 166.13 86.91 83.43 78.88 196.23 359.99 377.56 375.89 0.00 0.00 377.57 375.86
138.58 376.56 0.00 132.39 89.96 108.52 301.06 88.80 384.48 379.73 380.67 78.21 77.11 84.83 85.45 84.98 85.28 85.10 94.49-9999.00-9999.00-9999.00-9999.00-9999.00-9999.00-9999.00-9999.00-9999.00-9999.00-9999.00-9999.00-9999.00-9999.00-9999.00-9999.00-9999.00-9999.00-9999.00 -9999.00-9999.00-9999.00-9999.00-9999.00-9999.00-9999.00-9999.00-9999.00-9999.00-9999.00-9999.00-9999.00-9999.00-9999.00-9999.00-9999.00-9999.00 89.78 85.03 93.23 95.16 84.60 77.70 0.00 145.29 81.78 81.78 96.01 84.91 146.49 168.64 148.58 78.29 79.40 125.79 84.24 76.43 0.00 98.76 215.21 181.36 123.00 83.07 92.75 78.88 129.84 382.92 380.02 80.95 89.92 91.12 76.49 93.96 85.89 122.48 375.33 375.88 0.00
236.62 0.00 380.21 118.56 77.64 85.98 86.53 320.18 138.20 115.88 77.78 88.53 87.46 81.40-9999.00-9999.00-9999.00-9999.00-9999.00-9999.00-9999.00-9999.00-9999.00-9999.00-9999.00-9999.00-9999.00-9999.00-9999.00-9999.00-9999.00-9999.00-9999.00-9999.00-9999.00 -9999.00-9999.00-9999.00-9999.00-9999.00-9999.00-9999.00-9999.00-9999.00-9999.00-9999.00-9999.00-9999.00-9999.00-9999.00-9999.00-9999.00-9999.00-9999.00 85.47 135.23 380.71 415.41 333.22 152.31 93.59 353.05 94.34 352.88 114.85 84.48 78.42 114.55 368.28 379.45 0.00 239.15 77.70 84.28 88.71 79.80 121.59 0.00 127.09 77.91 77.50 209.02 132.22 221.23 152.56 95.58 378.46 77.91 79.60 375.15 142.97 98.76 376.35 131.30 0.00 351.39 78.29 77.82 89.09 107.96
380.91 379.93 367.44 77.20 195.46 82.52-9999.00-9999.00-9999.00-9999.00-9999.00-9999.00-9999.00-9999.00-9999.00-9999.00-9999.00-9999.00-9999.00-9999.00-9999.00-9999.00-9999.00 -9999.00-9999.00-9999.00-9999.00-9999.00-9999.00-9999.00-9999.00-9999.00-9999.00-9999.00-9999.00-9999.00-9999.00-9999.00-9999.00-9999.00-9999.00-9999.00-9999.00-9999.00-9999.00-9999.00-9999.00-9999.00 86.91 284.53 79.60 281.15 80.95 83.07 382.75 127.53 139.63 161.74 77.33 131.08 0.00 0.00 0.00 0.00 0.00 341.53 89.15 77.17 90.45 378.90 0.00 0.00 376.62 302.61 360.56 360.03 272.19 308.85 378.80 307.70 96.67 344.53 120.59 83.00 98.60 88.30 83.07 85.03 377.02 123.16 79.80 198.17 376.64 400.78 84.60 356.29 82.73 82.28 0.00 376.85 176.33 382.56
0.00 0.00 378.60 128.41 148.20 162.61 97.35 315.93 380.10 87.98 378.43 88.55 100.94 99.58 95.16 97.73 0.00 0.00 139.15 0.00 291.18 375.44 94.28 88.21 132.91 98.81 377.27 384.67 96.67 169.04 91.12 83.43 342.55 108.42 79.80 81.78 185.95 153.68 376.79 0.00 176.33 376.98 307.28 220.08 286.99 187.05 352.03 376.05 378.84 213.23 85.41 82.52 359.84 77.78 80.26 87.23 378.51 364.91 77.46 86.12 165.90
101.11 309.99 377.43 380.07 385.40 116.46 278.95 339.15 91.91 110.31 135.76 95.62 349.87 0.00 176.33 375.63 376.40 375.30 80.70 96.67 235.36 91.15 95.58 262.85 91.91 82.73 131.97 332.74 378.08 140.78 0.00 376.39 245.07 375.92 356.37 240.49 358.95 387.89 240.55 384.80 110.87 115.26 89.78 0.00 101.55 80.26 93.42 89.90 87.73 179.65 79.70 96.55 337.05 361.93 78.42 87.34 377.12 85.72 78.42 0.00 0.00
254.51 353.23 102.39 176.80 99.79 376.51 375.45 267.29 211.18 0.00 382.06 81.50 80.01 92.74 378.52 237.00 364.72 154.98 174.94 104.38 380.76 376.17 224.45 206.45 0.00 375.42 220.08 375.16 318.33 0.00 0.00 267.31 0.00 391.66 376.93 223.47 119.14 135.76 78.72 86.28 242.57 82.83 105.55 265.18 382.80 85.41 248.05 0.00 376.23 158.00 83.84 172.21 131.23 375.24 119.49 77.00 140.46 377.70 78.12 90.94 92.48
78.02 147.94 380.68 0.00 82.83 90.72 159.86 86.21 86.05 84.21 120.33 116.70 383.73 366.09 377.11 304.31 263.20 79.52 250.58 130.20 268.49 89.90 119.06 77.36 365.53 80.91-9999.00-9999.00-9999.00-9999.00-9999.00-9999.00-9999.00-9999.00-9999.00-9999.00-9999.00-9999.00-9999.00-9999.00-9999.00-9999.00-9999.00-9999.00-9999.00-9999.00-9999.00-9999.00 -9999.00-9999.00-9999.00-9999.00-9999.00-9999.00-9999.00-9999.00-9999.00-9999.00-9999.00-9999.00-9999.00-9999.00-9999.00-9999.00-9999.00-9999.00-9999.00-9999.00-9999.00-9999.00-9999.00-9999.00-9999.00-9999.00-9999.00-9999.00-9999.00 86.91 85.47 172.96 377.46 375.10 78.16 378.29 379.44 176.33 351.08 375.86 383.35 0.00 327.67 378.35 375.55 121.74 203.97 326.78 0.00 220.08 308.94 121.44 376.57 101.75 93.84 89.07 97.44 97.35 90.86 91.58 93.92 101.75 85.47
375.38 296.66 353.20 253.62 336.22 375.02 0.00 228.30 0.00 323.52 317.28 376.79 317.28 0.00 376.96 365.55 253.62 337.75 375.39 193.75 377.98 382.20 378.51 123.75 135.96 93.83 382.03 101.65 375.45 135.99 91.04 172.12 122.68 77.50 79.56 78.87 86.30 85.02 86.71 80.06 77.23 115.94 115.95 77.17 168.53 87.96 324.40 88.65 93.76 375.21 375.32 106.91-9999.00-9999.00-9999.00-9999.00-9999.00-9999.00-9999.00-9999.00-9999.00-9999.00-9999.00-9999.00-9999.00-9999.00-9999.00-9999.00-9999.00-9999.00-9999.00-9999.00-9999.00 -9999.00-9999.00-9999.00-9999.00-9999.00-9999.00-9999.00-9999.00-9999.00-9999.00-9999.00-9999.00-9999.00-9999.00-9999.00-9999.00-9999.00-9999.00-9999.00-9999.00-9999.00-9999.00-9999.00-9999.00-9999.00-9999.00-9999.00-9999.00-9999.00-9999.00-9999.00 140.78 91.91 92.74 248.59 374.51 380.43 254.25 370.09
383.64 258.67 299.96 387.37 398.91 375.19 109.23 273.08 395.23 325.48 118.12 107.94 377.28 380.67 100.29 378.30 381.99 86.39 147.94 130.62 375.40 104.49 375.29 123.97 375.46 0.00 375.66 375.50 379.45 83.87 106.45 197.82 375.99 375.46 111.51 109.04 129.44 92.92 94.16 382.75 404.13 122.04 88.96 80.64 124.29 378.80 77.80 376.35 157.63 106.45 97.73 88.40 386.22 379.33 321.49 79.26 83.60 267.68 378.59 85.09 88.96
87.13 79.56 88.69 103.68 90.80 378.52 85.50 368.57 84.69 128.32 247.98 100.29 82.35 94.34 328.24 365.59 127.13 89.71 138.48 86.08 81.00 372.86 79.95 86.65-9999.00-9999.00-9999.00-9999.00-9999.00-9999.00-9999.00-9999.00-9999.00-9999.00-9999.00-9999.00-9999.00-9999.00-9999.00-9999.00-9999.00-9999.00-9999.00-9999.00 -9999.00-9999.00-9999.00-9999.00-9999.00-9999.00-9999.00-9999.00-9999.00-9999.00-9999.00-9999.00-9999.00-9999.00-9999.00-9999.00-9999.00-9999.00-9999.00-9999.00-9999.00-9999.00-9999.00-9999.00-9999.00-9999.00-9999.00-9999.00-9999.00-9999.00-9999.00-9999.00-9999.00-9999.00-9999.00-9999.00-9999.00-9999.00-9999.00-9999.00-9999.00-9999.00-9999.00-9999.00-9999.00-9999.00 375.28 375.12 0.00 296.66 375.91 318.19 308.98 375.12 253.62 0.00 375.00 296.67 375.41 296.66 375.00 375.00 377.16 375.00 0.00 253.62 296.66 377.21 296.66 376.22 377.88 377.40 377.40 379.81 258.67 299.96 377.75 0.00 0.00 375.21 375.21 375.58
83.50 114.86 96.96 98.70 103.49 376.26 314.42 84.67 88.24 151.20 88.40 99.12 0.00 82.95 206.60 88.40 94.71 379.00 82.64 162.72 77.58 90.50 139.21 384.15 93.83 381.93 360.41 388.57 217.29 96.84 380.04 99.84 128.66 81.78 377.53 235.81 83.56-9999.00-9999.00-9999.00-9999.00-9999.00-9999.00-9999.00-9999.00-9999.00-9999.00-9999.00-9999.00-9999.00-9999.00-9999.00-9999.00-9999.00-9999.00 -9999.00-9999.00-9999.00-9999.00-9999.00-9999.00-9999.00-9999.00-9999.00-9999.00-9999.00-9999.00-9999.00-9999.00-9999.00-9999.00-9999.00-9999.00-9999.00-9999.00-9999.00-9999.00-9999.00-9999.00-9999.00-9999.00-9999.00-9999.00-9999.00-9999.00-9999.00-9999.00-9999.00-9999.00-9999.00-9999.00-9999.00-9999.00-9999.00-9999.00-9999.00-9999.00-9999.00-9999.00-9999.00-9999.00-9999.00-9999.00-9999.00-9999.00-9999.00-9999.00 375.32 253.62 0.00 377.04 296.66 320.41 325.73 278.19 233.06 0.00 381.15 296.66 0.00 375.87 296.66 0.00 0.00 296.66 296.67 375.31 296.66 375.53 375.20
