蒙特卡罗+CDRMV3/输出数据/2D水深分布/WaterDepthGIS_0162.ASC
ncols         539            
nrows         744            
xllcorner     602630.84259341
yllcorner     3914823.670891 
cellsize      50             
NODATA_value  -9999.00       
[rows 0 to 26 of 32, columns 183 to 243 of 539]
83.10 72.61 218.99 0.00 380.58 376.94 377.94 302.55 242.86 76.77-9999.00-9999.00-9999.00-9999.00-9999.00-9999.00-9999.00-9999.00-9999.00-9999.00-9999.00-9999.00-9999.00 -9999.00-9999.00-9999.00-9999.00-9999.00-9999.00-9999.00-9999.00-9999.00-9999.00-9999.00 79.54 180.28 378.06 82.67 379.07 75.93 82.14 86.72 77.89-9999.00-9999.00-9999.00-9999.00-9999.00-9999.00-9999.00-9999.00-9999.00-9999.00-9999.00-9999.00-9999.00-9999.00-9999.00-9999.00-9999.00-9999.00-9999.00-9999.00-9999.00-9999.00-9999.00-9999.00-9999.00-9999.00-9999.00-9999.00-9999.00-9999.00-9999.00-9999.00-9999.00-9999.00-9999.00-9999.00-9999.00-9999.00-9999.00-9999.00-9999.00-9999.00-9999.00-9999.00-9999.00-9999.00-9999.00-9999.00-9999.00-9999.00-9999.00-9999.00-9999.00-9999.00-9999.00-9999.00-9999.00-9999.00-9999.00-9999.00-9999.00-9999.00-9999.00-9999.00-9999.00-9999.00-9999.00-9999.00-9999.00-9999.00-9999.00-9999.00-9999.00-9999.00-9999.00-9999.00-9999.00-9999.00-9999.00-9999.00-9999.00-9999.00-9999.00-9999.00-9999.00-9999.00-9999.00-9999.00-9999.00-9999.00-9999.00-9999.00-9999.00-9999.00 74.54 117.12 193.72 377.44 379.10 285.72 72.60 81.38 72.53 173.56 83.83 0.00 80.34 176.95 78.16 180.41 79.17 84.05-9999.00-9999.00-9999.00-9999.00-9999.00-9999.00-9999.00-9999.00-9999.00-9999.00-9999.00-9999.00-9999.00 -9999.00-9999.00-9999.00-9999.00-9999.00-9999.00-9999.00-9999.00-9999.00-9999.00 206.27 127.13 75.40 380.44 95.20 378.14 283.81 72.94 128.86 201.79 103.94-9999.00-9999.00-9999.00-9999.00-9999.00-9999.00-9999.00-9999.00-9999.00-9999.00-9999.00-9999.00-9999.00-9999.00-9999.00-9999.00-9999.00-9999.00-9999.00-9999.00-9999.00-9999.00-9999.00-9999.00-9999.00-9999.00-9999.00-9999.00-9999.00-9999.00-9999.00-9999.00-9999.00-9999.00-9999.00-9999.00-9999.00-9999.00-9999.00-9999.00-9999.00-9999.00-9999.00-9999.00-9999.00-9999.00-9999.00-9999.00-9999.00-9999.00-9999.00-9999.00-9999.00-9999.00-9999.00-9999.00-9999.00-9999.00-9999.00-9999.00-9999.00-9999.00-9999.00-9999.00-9999.00-9999.00-9999.00-9999.00-9999.00-9999.00-9999.00-9999.00-9999.00-9999.00-9999.00-9999.00-9999.00-9999.00-9999.00-9999.00-9999.00-9999.00-9999.00-9999.00-9999.00-9999.00-9999.00-9999.00-9999.00-9999.00-9999.00-9999.00-9999.00 73.54 116.65 363.88 74.98 75.31 155.86 81.56 72.53 127.60 189.64 331.35
162.46 372.48 144.79 87.46 378.11 72.84 81.47 110.02 82.82 81.97 82.96 72.88 142.38 0.00 217.66 72.56 145.04 81.13 72.69 121.69 127.22 73.63 72.56 83.55 82.31 80.65 74.40 72.58 0.00 192.87 74.27 78.16 376.99 0.00 260.29 224.11 378.30 362.51 72.69 84.22-9999.00-9999.00-9999.00 -9999.00-9999.00-9999.00-9999.00-9999.00-9999.00-9999.00-9999.00-9999.00-9999.00-9999.00-9999.00-9999.00-9999.00-9999.00 79.37 71.95 230.38 375.24 71.46 0.00 313.51 360.77 128.56 76.84-9999.00-9999.00-9999.00-9999.00-9999.00-9999.00-9999.00-9999.00-9999.00-9999.00-9999.00-9999.00-9999.00-9999.00-9999.00-9999.00-9999.00-9999.00-9999.00-9999.00-9999.00-9999.00-9999.00-9999.00-9999.00-9999.00-9999.00-9999.00-9999.00-9999.00-9999.00-9999.00-9999.00-9999.00-9999.00-9999.00-9999.00-9999.00-9999.00-9999.00 111.89 164.33 88.87 82.72-9999.00-9999.00-9999.00-9999.00 74.54 117.95 363.19 377.28 81.70 380.93
124.95 74.04 75.31 85.58 85.03 0.00 0.00 0.00 0.00 0.00 347.32 124.66 87.69 0.00 0.00 0.00 198.14 114.07 73.04 73.93 0.00 79.54 73.04 75.68 103.54 0.00 75.14 86.71 79.54 0.00 376.55 157.63 111.89 376.22 221.85 113.29 75.14 84.59 96.59-9999.00-9999.00-9999.00-9999.00-9999.00 -9999.00-9999.00-9999.00-9999.00-9999.00-9999.00-9999.00-9999.00-9999.00-9999.00-9999.00-9999.00 71.40 141.40 346.92 71.18 236.12 0.00 75.93 78.87 79.04 82.14 73.54 380.20 119.88 75.66 249.20 175.10 80.49 205.12 179.54-9999.00-9999.00-9999.00-9999.00-9999.00-9999.00-9999.00-9999.00-9999.00-9999.00-9999.00-9999.00-9999.00-9999.00-9999.00-9999.00-9999.00-9999.00-9999.00-9999.00-9999.00-9999.00 74.68 97.99
74.15 192.93 380.65 417.31 75.49 91.48 131.18 75.14 166.70 376.85 83.40 116.78 0.00 113.04 83.88 94.54 332.21 84.22 81.70 322.76 375.19 73.10 118.75 0.00 76.77 83.10 84.40 84.78 149.54 82.96 77.02 0.00 360.33 73.16 139.19 297.78 72.69 92.94 87.69 73.93 126.86 73.37 112.55 376.18 376.47 353.50 200.37 83.10 73.54 73.82 74.83 75.49 85.80 77.85 73.45 115.71 81.97 119.86 0.00 0.00 0.00
211.19 73.63 81.06 73.30 91.04 83.25 80.17 113.98 384.78 75.88 81.30 74.04 81.47 79.93 382.59 375.34 91.48 74.83 74.83 380.40 221.57 80.59 88.28 84.78 77.02 377.78 126.20 80.34 79.79 72.88 135.76 74.27 114.73 384.98 342.34 132.78 210.59 0.00 375.85 330.40 179.60 94.46 394.34 327.14 144.10 80.77-9999.00-9999.00-9999.00-9999.00-9999.00-9999.00-9999.00-9999.00-9999.00-9999.00 -9999.00-9999.00-9999.00-9999.00-9999.00-9999.00-9999.00-9999.00-9999.00 374.25 82.67 250.07 80.49 80.84 77.17 133.37 72.80 119.17 110.85 0.00 73.54 72.23 78.11
302.57 133.65 82.82 85.17 88.28 80.30 147.83 110.25 72.69 131.78 337.02 76.09 375.93 87.69 0.00 376.71 122.35 0.00 376.41 376.07 79.62 78.48 276.74 77.02 80.34 375.42 76.30 86.71-9999.00-9999.00-9999.00-9999.00-9999.00-9999.00-9999.00-9999.00-9999.00 -9999.00-9999.00-9999.00 81.00 341.40 389.42 377.39 73.54 79.45 72.44 402.27 118.00 126.45 81.53 81.53 378.05 73.71 71.24 115.06 146.00 0.00 380.29 378.17 339.28 72.33 76.84 81.82 77.17 380.39 81.53 79.23 376.16 81.10 81.67 380.48
157.99 111.91 81.38 83.10 73.93 72.61 147.70 352.11 376.71 73.04 72.58 110.06 386.43 383.82 0.00 86.32 101.60 112.76 101.60 166.88 114.14 379.03 378.02 337.02 75.68 381.42 403.76 76.77 81.70 199.93-9999.00-9999.00-9999.00-9999.00-9999.00-9999.00-9999.00 -9999.00-9999.00-9999.00-9999.00 159.46 368.77 87.81 80.37 380.03 73.71 380.38 84.57 71.64 110.98 86.28 71.26 119.63 388.51 70.96 0.00 115.73 84.57 375.56 112.82 73.71 309.58 72.33 79.10 76.84 109.07 125.88 0.00 126.99 89.31
110.17 220.97 79.93 384.61 77.02 82.31 74.83 133.18 262.20 73.30 112.17 390.23 0.00 210.27 81.22 251.48 95.86 89.22 104.47 378.95 240.18 216.38 381.78 379.99 384.97 131.20 75.14 89.87 77.56 73.37-9999.00-9999.00-9999.00-9999.00-9999.00-9999.00-9999.00 -9999.00-9999.00-9999.00-9999.00-9999.00-9999.00 89.31 219.93 78.87 72.44 0.00 71.05 80.37 78.47 71.11 377.52 79.87 113.50 0.00 71.30 78.15 71.35 133.65 71.01 78.72 85.47 71.95 121.56 266.41 79.69 108.66 0.00 112.66 75.93 80.49 73.22
257.41 94.63 380.54 99.24 202.88 86.15 95.61 85.31 371.81 73.82 84.05 379.26 252.67 115.95 78.81 81.70-9999.00-9999.00-9999.00-9999.00-9999.00-9999.00-9999.00-9999.00 -9999.00-9999.00-9999.00-9999.00-9999.00-9999.00-9999.00-9999.00-9999.00 79.87 71.79 0.00 72.94 71.30 141.34 0.00 133.09 108.85 171.39 110.61 73.71 71.71 375.87 178.68 82.67 71.11 148.96 143.97 74.91 86.28 378.03 0.00 376.07 187.78 78.38 81.37 72.80 186.07 71.58 0.00 113.69 0.00 90.13 383.76 109.53 80.49 71.51 378.11 374.36 80.00 84.27 80.72 79.10
127.44 385.90 72.56 79.53 74.47 196.78 81.37 71.30 0.00 137.96 123.41 70.96 378.68 210.87 373.17 109.51 75.40 81.37 82.84 115.28 80.97 83.28 88.88 78.27 76.84 83.91 238.80 85.25 378.30 74.91 92.10 84.57 133.74 180.84 222.45 151.47 71.51 78.59 75.31 0.00 72.51 73.63 378.56 369.32 72.88 88.87 80.43 120.60 110.83 271.91 378.80 0.00 241.20 357.13 130.41 89.22 83.88 79.93 83.26 106.55 92.43
93.18 392.43 81.00 88.88 76.22 168.42 79.69 70.94 316.09 376.02 0.00 86.72 82.48 138.88 73.20 222.21 324.56 81.70 75.88 72.93 112.51 131.71 271.99 0.00 73.10 88.28 130.46 85.66 73.63 377.43 390.70 377.74 376.49 238.02 77.56 326.75 80.77 83.71 72.72 81.56 86.25 80.30 72.72 204.95 74.40 0.00 168.89 74.83 76.30 83.40 378.02 201.38 122.07 72.84 81.76 196.18 84.22 81.30 73.23 135.94 181.00
74.98 147.75 134.09 91.94 80.54 72.72 347.63 382.23 113.34 82.19 74.15 117.50 379.19 0.00 228.83 162.42 119.72 72.50 81.56 75.14 165.40 236.66 81.06 83.55 83.25 378.28 84.97 314.19 79.93 303.92 80.77 368.86 81.22 136.95 379.68 377.63 0.00 0.00 375.18 105.33 188.28 383.25 76.84 94.46 90.78 86.73 87.76 107.77 348.56 85.79 377.50 72.61 87.21 112.34 323.84 237.64 78.81-9999.00-9999.00-9999.00-9999.00-9999.00-9999.00-9999.00-9999.00-9999.00-9999.00 -9999.00-9999.00-9999.00-9999.00-9999.00-9999.00-9999.00-9999.00-9999.00 71.30 112.09 386.79
99.69 351.29 117.77 379.13 162.04 73.81 82.89 93.46 206.03 73.82 72.52 72.55 72.52 82.08 317.80 174.88 75.14-9999.00-9999.00-9999.00-9999.00-9999.00-9999.00-9999.00-9999.00-9999.00-9999.00-9999.00-9999.00-9999.00 -9999.00-9999.00-9999.00-9999.00-9999.00-9999.00-9999.00-9999.00-9999.00 81.00 322.47 368.63 72.56 72.13 378.38 116.23 75.93 379.50 382.86 0.00 337.99 78.67 0.00 71.95 218.14 125.55 93.07 83.83 71.30 0.00 145.25 82.14 81.37 114.94 382.39 132.36 125.42 73.89 71.11 136.25 0.00 71.51 79.61 79.10 154.04 375.66 80.84 389.34 80.84 73.38 379.76 74.91
0.00 262.33 126.58 70.99 83.28 215.49 378.93 72.56 0.00 74.69 81.67 81.24 84.50 70.93 120.63 71.58 122.60 0.00 73.71 71.87 145.51 0.00 133.11 72.13 143.57 72.56 186.19 72.33 80.57 78.48 84.22 84.59 73.16 142.30 83.71 83.71 78.48 0.00 371.36 375.98 0.00 73.93 76.30 386.60 285.42 380.61 191.70 0.00 227.03 82.72 365.61 85.80 97.32 73.10 81.97 74.83 379.08 88.00 81.22 76.30 368.32
376.75 75.31 73.04 333.99 370.15 78.81 380.50 73.37 82.43 85.17 73.72 377.44 377.98 380.23 0.00 375.89 377.89 195.48 131.98 83.25 126.98 75.31 83.25 156.14 86.32 72.55 382.96 73.54 375.85 73.04 72.84 375.52 240.89 82.72-9999.00-9999.00-9999.00-9999.00-9999.00-9999.00-9999.00-9999.00-9999.00-9999.00-9999.00-9999.00-9999.00-9999.00 -9999.00-9999.00-9999.00-9999.00-9999.00-9999.00-9999.00-9999.00-9999.00-9999.00-9999.00-9999.00-9999.00-9999.00-9999.00 348.29 86.28 87.51 93.18 77.89 376.81 82.84 80.06 70.93 0.00 81.46 110.73 115.45 364.93 380.67 108.85 76.84 78.11 71.58 378.43 0.00 73.89 78.14 71.05 213.59 0.00
85.47 76.22 133.49 376.87 377.17 71.40 382.53 74.47 91.50 0.00 71.30 78.77 79.61 80.16 157.19 144.98 98.39 216.92 117.50 341.52 95.05 203.10 379.43 377.39 131.25 82.72 218.20 73.82 77.28 308.32 79.93 177.12 82.43 81.70 392.43 78.16 187.23 91.04 376.13 75.14 76.53 76.09 85.58 73.04 141.85 232.62 202.31 0.00 128.02 85.17 75.49 299.89 210.59 0.00 382.05 375.15 254.03 139.98 75.14 72.50 79.84
86.57 121.83 76.84 379.36 74.91 143.82 71.71 115.51 153.87 393.45 74.91 127.12 0.00 83.86 375.64 81.67 71.87 92.73 376.57 0.00 124.00 78.44 73.64 85.56 202.83 72.33 140.37 129.61 73.08 76.52 123.67 239.36 381.23 89.19 75.31 389.65 171.97 83.83 84.42 376.07 336.98 379.40 0.00 78.81 81.30 87.73 88.57 74.98 85.58 214.14 234.13 82.19 83.83 76.30 376.18 380.51 118.32 82.82 80.34 74.83 112.85
72.23 89.27 378.28 72.56 71.87 241.73 73.54 142.76 88.37 126.13 0.00 253.45 71.51 77.64 300.72 75.15 81.53 74.69 146.80 380.13 117.13 383.98 78.67 377.90 96.96 128.35 74.69 365.25 75.40 0.00 110.10 137.78 81.22 83.26 392.66 396.72 84.42 115.11 82.89 265.71 76.30 379.57 73.93 101.60 85.58 75.88 378.62 397.47 226.19 132.22 72.84 221.12 73.23 131.49 374.04 88.00 76.77 119.03 376.82 81.22 82.72
85.85 75.31 76.54 358.56 212.02 96.96 83.03 86.00 92.73 196.82 99.84 77.17 375.31 376.87 0.00 196.59 206.27 393.92 379.29 139.97 388.56 377.72 377.41 231.73 370.00 87.69 234.10 157.99 300.84 0.00 0.00 83.26 0.00 124.90 198.01 79.93 194.60 72.79 77.56 73.45 372.11 376.85 413.76 385.77 72.72 171.28 379.01 0.00 83.26 377.11 82.20 0.00 375.50 86.15 72.79 72.50 81.21 0.00 0.00 377.44 77.56
0.00 0.00 247.65 95.53 235.83 86.88 90.65 94.54 98.49 78.16 86.96 84.42 78.16 72.63 75.88 124.83 79.54 92.43 86.96 74.04 80.91 163.00 74.15 73.10 110.53 186.66 0.00 377.39 355.60 131.48 83.65 175.62 79.54 73.72 175.35 0.00 188.42 158.38 112.47 80.34 84.97 78.81 117.16 330.20 84.97-9999.00-9999.00-9999.00-9999.00-9999.00-9999.00-9999.00-9999.00-9999.00-9999.00-9999.00-9999.00-9999.00-9999.00-9999.00-9999.00-9999.00-9999.00-9999.00 -9999.00-9999.00-9999.00-9999.00-9999.00-9999.00-9999.00-9999.00-9999.00-9999.00-9999.00-9999.00-9999.00-9999.00-9999.00-9999.00-9999.00-9999.00-9999.00-9999.00-9999.00-9999.00-9999.00 82.52 94.55 144.51 371.78 379.89 77.89 86.00 80.37 72.04 157.08 130.34 259.52 218.43 83.91 340.97
128.31 75.31 352.47 78.81 80.77 89.19 74.68 183.76 79.54 377.82 74.15 82.31 79.77 115.39 377.00 0.00 142.68 72.50 80.12 375.28 72.16 81.13 80.30 88.57 0.00 116.38 202.39 122.64 73.54 359.93 157.28 113.28 91.08-9999.00-9999.00-9999.00-9999.00-9999.00-9999.00-9999.00-9999.00-9999.00-9999.00-9999.00-9999.00-9999.00-9999.00-9999.00-9999.00-9999.00-9999.00-9999.00-9999.00 -9999.00-9999.00-9999.00-9999.00-9999.00-9999.00-9999.00-9999.00-9999.00-9999.00-9999.00-9999.00-9999.00-9999.00-9999.00-9999.00-9999.00-9999.00 101.47-9999.00 86.86 80.49 266.38 74.69 72.94 384.15 389.42 89.27 74.69 376.11 0.00 378.43 88.51 72.44 75.15 114.59 360.22 0.00 378.64 369.59 88.37 96.87 305.40 299.39 377.61 81.00
78.48 377.94 381.57 342.10 0.00 0.00 383.16 377.06 277.70 85.17 90.93 197.97 377.88 155.42 115.41 252.39 75.31 83.71 0.00 80.04 242.87 191.42 79.54-9999.00-9999.00-9999.00-9999.00-9999.00-9999.00-9999.00-9999.00-9999.00-9999.00-9999.00-9999.00-9999.00-9999.00-9999.00-9999.00-9999.00-9999.00-9999.00-9999.00-9999.00-9999.00-9999.00-9999.00 -9999.00-9999.00-9999.00-9999.00-9999.00-9999.00-9999.00-9999.00-9999.00-9999.00-9999.00-9999.00-9999.00-9999.00-9999.00-9999.00-9999.00 84.27 86.28 76.52 387.74 384.34 85.25 388.57 385.44 387.48 92.73 93.73 86.00 160.76 88.15 72.04 386.03 126.71 87.81 81.00 0.00 377.80 0.00 234.53 376.07 376.52 278.60 278.76 375.68 112.80 375.17 138.30 375.31 375.84 104.97 91.50 379.09 91.50
235.07 381.91 238.97 0.00 0.00 379.92 309.75 122.27 260.20 213.93 318.44 366.77 0.00 212.27 324.72 86.00 88.53 95.78 82.79 83.77 375.10 85.25 86.72 375.23 375.49 183.89 98.63 382.97 149.51 194.60 167.69 122.27 381.21 263.31 373.28 375.43 0.00 326.75 326.75 379.90 381.73 326.83 377.94 309.17 378.30 0.00 0.00 376.34 378.36 383.75 375.88 375.42 83.86 217.81 81.00 88.51 80.49 377.23 80.00 85.47 71.51
110.46 169.77 376.91 271.42 145.50 128.67 75.31 83.26 73.16 82.82 111.35 131.57 127.32 88.42 367.76 73.82 134.17 135.97-9999.00-9999.00-9999.00-9999.00-9999.00-9999.00-9999.00-9999.00-9999.00-9999.00-9999.00-9999.00-9999.00-9999.00-9999.00-9999.00-9999.00-9999.00-9999.00-9999.00-9999.00 -9999.00-9999.00-9999.00-9999.00-9999.00-9999.00-9999.00-9999.00-9999.00-9999.00-9999.00-9999.00-9999.00-9999.00-9999.00-9999.00-9999.00-9999.00-9999.00-9999.00-9999.00-9999.00-9999.00-9999.00-9999.00-9999.00-9999.00-9999.00-9999.00-9999.00 74.07 379.27 379.24 85.97 377.96 99.17 360.61 376.36 364.25 377.32 377.33 376.65 376.68 0.00 263.31 0.00 326.75 377.29 175.91 0.00 416.96 415.32 385.02 389.28 389.17 387.93 72.36 88.76 75.38 81.27 87.34 78.39 81.84 78.82 109.31 184.00 221.97 104.77 104.69 375.70 168.76 168.76
312.66 139.63 112.77 143.76 321.46 88.48 83.07 255.59 260.27 79.26 75.12 73.78 125.30 79.26 77.61 71.90 376.25 111.64 336.83 85.07 91.49 90.49 379.63 93.17 378.99 73.78 83.84 72.92 86.41 383.81 92.69 378.78 84.42 383.08 75.70-9999.00-9999.00-9999.00-9999.00-9999.00-9999.00-9999.00-9999.00-9999.00-9999.00-9999.00-9999.00-9999.00-9999.00-9999.00-9999.00-9999.00-9999.00-9999.00-9999.00-9999.00-9999.00 -9999.00-9999.00-9999.00-9999.00-9999.00-9999.00-9999.00-9999.00-9999.00-9999.00-9999.00-9999.00-9999.00-9999.00-9999.00-9999.00-9999.00-9999.00-9999.00-9999.00-9999.00-9999.00-9999.00-9999.00-9999.00-9999.00-9999.00-9999.00-9999.00-9999.00-9999.00-9999.00-9999.00 245.17 225.92 179.45 355.70 376.93 377.31 376.72 375.66 376.61 377.25 375.00 375.00 351.21 375.30 0.00 323.70 378.88 328.62 375.75 376.83 254.06 378.75 381.14 377.24 328.61
76.25 88.76 87.52 123.43-9999.00-9999.00-9999.00-9999.00-9999.00-9999.00-9999.00-9999.00-9999.00-9999.00-9999.00-9999.00-9999.00-9999.00-9999.00-9999.00-9999.00-9999.00-9999.00-9999.00-9999.00-9999.00 -9999.00-9999.00-9999.00-9999.00-9999.00-9999.00-9999.00-9999.00-9999.00-9999.00-9999.00-9999.00-9999.00-9999.00-9999.00-9999.00-9999.00-9999.00-9999.00-9999.00-9999.00-9999.00-9999.00-9999.00-9999.00-9999.00-9999.00-9999.00-9999.00-9999.00-9999.00-9999.00-9999.00-9999.00-9999.00-9999.00-9999.00-9999.00-9999.00-9999.00-9999.00-9999.00-9999.00-9999.00-9999.00 375.28 373.84 375.12 0.00 294.37 375.34 323.68 375.83 221.97 0.00 376.12 375.00 294.37 375.34 328.62 294.37 377.05 375.00 0.00 282.63 315.16 375.63 377.85 249.10 379.97 320.37 375.97 226.56 386.92 375.12 375.03 297.67 382.65 254.06 0.00 0.00 0.00 379.14 226.56 274.46 0.00 375.31 372.30 375.09 284.46 187.75 0.00 0.00 0.00 0.00 0.00 0.00 0.00 117.08 80.21 78.10
94.95 376.80 266.50 77.61 379.63 135.41 73.78 383.94 156.40 77.24 378.08 378.30 241.33 80.22 82.12 384.75 88.40 195.48 380.37 361.99 76.99-9999.00-9999.00-9999.00-9999.00-9999.00-9999.00-9999.00-9999.00-9999.00-9999.00-9999.00-9999.00-9999.00-9999.00-9999.00-9999.00-9999.00-9999.00 -9999.00-9999.00-9999.00-9999.00-9999.00-9999.00-9999.00-9999.00-9999.00-9999.00-9999.00-9999.00-9999.00-9999.00-9999.00-9999.00-9999.00-9999.00-9999.00-9999.00-9999.00-9999.00-9999.00-9999.00-9999.00-9999.00-9999.00-9999.00-9999.00-9999.00-9999.00-9999.00-9999.00-9999.00-9999.00-9999.00-9999.00-9999.00-9999.00-9999.00-9999.00-9999.00-9999.00-9999.00-9999.00-9999.00-9999.00-9999.00-9999.00-9999.00-9999.00 269.34 249.10 0.00 294.37 375.66 323.68 378.07 360.06 226.56 0.00 254.06 380.87 328.71 0.00 376.21 375.24 0.00 294.37 0.00 375.00 294.37 294.37 375.47 328.62 375.31 294.37 0.00 294.37 375.00 323.70 0.00 249.10 373.84 377.97 377.13 376.84 383.26 376.58 203.56
