蒙特卡罗+CDRMV3/输出数据/2D水深分布/WaterDepthGIS_0155.ASC
ncols         539            
nrows         744            
xllcorner     602630.84259341
yllcorner     3914823.670891 
cellsize      50             
NODATA_value  -9999.00       
[rows 0 to 26 of 32, columns 305 to 365 of 539]
88.48 79.99 82.41 81.57 74.29 132.67 74.61 73.82 134.43 79.04 0.00 77.50 81.82 186.68 121.16 225.76 170.03 75.15-9999.00-9999.00-9999.00-9999.00-9999.00-9999.00-9999.00-9999.00-9999.00-9999.00-9999.00-9999.00 -9999.00-9999.00-9999.00-9999.00-9999.00-9999.00-9999.00-9999.00-9999.00-9999.00-9999.00-9999.00 87.06 74.49 276.23 85.75 140.95 0.00 78.34 361.59 89.72 162.97 101.31-9999.00-9999.00-9999.00-9999.00-9999.00-9999.00-9999.00-9999.00-9999.00-9999.00-9999.00-9999.00-9999.00-9999.00-9999.00-9999.00-9999.00-9999.00-9999.00-9999.00-9999.00-9999.00-9999.00-9999.00-9999.00-9999.00-9999.00-9999.00-9999.00-9999.00-9999.00-9999.00-9999.00-9999.00-9999.00-9999.00-9999.00-9999.00-9999.00-9999.00-9999.00-9999.00-9999.00-9999.00-9999.00-9999.00-9999.00-9999.00-9999.00-9999.00-9999.00-9999.00-9999.00-9999.00-9999.00-9999.00-9999.00-9999.00-9999.00-9999.00-9999.00-9999.00-9999.00-9999.00-9999.00-9999.00-9999.00-9999.00-9999.00-9999.00-9999.00-9999.00-9999.00-9999.00-9999.00-9999.00-9999.00-9999.00-9999.00-9999.00-9999.00-9999.00-9999.00-9999.00-9999.00-9999.00-9999.00 126.58 305.94 172.85 150.66 83.54 81.91 381.02 138.48 227.51 376.08 251.20 127.22 76.03 84.82 76.03 0.00 377.57 169.29 84.66 154.31 378.43 74.19 81.86 76.88-9999.00-9999.00-9999.00-9999.00-9999.00-9999.00-9999.00-9999.00-9999.00-9999.00-9999.00 -9999.00-9999.00-9999.00-9999.00-9999.00-9999.00-9999.00-9999.00-9999.00-9999.00-9999.00-9999.00-9999.00 90.85 117.12 83.38 131.76 124.24 0.00
359.50 334.95 0.00 112.50 178.41 73.00 87.58-9999.00-9999.00-9999.00-9999.00-9999.00-9999.00-9999.00-9999.00-9999.00-9999.00-9999.00-9999.00-9999.00-9999.00-9999.00-9999.00-9999.00-9999.00-9999.00-9999.00-9999.00-9999.00-9999.00-9999.00-9999.00-9999.00-9999.00-9999.00-9999.00-9999.00-9999.00-9999.00-9999.00-9999.00-9999.00-9999.00-9999.00-9999.00-9999.00-9999.00 100.88 380.32 83.77 282.65 103.26-9999.00-9999.00 81.49 77.97 85.11 78.22 77.29 376.48 425.36 78.75 95.17 75.15 196.05 78.22 85.76 76.03 84.66-9999.00-9999.00-9999.00 76.03 168.74 74.35 143.16 74.86 77.73 73.93 382.99 83.28 0.00 0.00 0.00 78.75 74.77 375.50 378.36 143.80 75.49 75.37 89.24 371.27 380.44 137.84 128.93 74.19 74.29 79.66 0.00 77.73 83.24 155.62 77.50 376.67 189.27
145.42 74.19 73.82 82.41 76.88 0.00 123.27 74.29 74.47 378.67 0.00 86.55 93.95 0.00 369.46 86.55 91.15 97.03 81.49 147.23 77.73 82.34 171.34-9999.00-9999.00-9999.00-9999.00-9999.00-9999.00 -9999.00-9999.00-9999.00-9999.00-9999.00-9999.00-9999.00-9999.00-9999.00-9999.00-9999.00 74.01 129.08 83.84 73.90 379.17 378.78 0.00 289.02 112.51 148.64 73.61 80.90 77.73 380.63 126.06 378.05 75.61 378.14 91.27 77.45 172.07-9999.00-9999.00-9999.00-9999.00-9999.00-9999.00-9999.00 85.46 77.97 89.52 79.66 89.24 77.73 80.71-9999.00-9999.00-9999.00-9999.00-9999.00-9999.00 79.04 188.43 96.13 87.30 324.23 375.09 84.82 85.59 202.29
82.34 376.86 77.08 119.33 377.48 84.82 386.01 114.48 84.66 365.24 75.89 154.40 378.88 79.04 0.00 78.22 84.00 98.36 384.66 88.96 83.34 132.90 86.49 377.90 83.88 79.99 0.00 157.94 74.41 92.82 131.69 319.96 75.15 0.00 89.24 85.43 176.14 73.81 90.45 82.48 74.47 372.49 275.90 76.52 254.57 74.41 76.70 76.35 88.96 163.64 76.70 228.25 74.95 117.76 132.28 84.13 75.75 116.67 226.31 88.48 0.00
228.51 75.05 83.77 350.71 315.34 74.02 75.89 74.77 376.70 81.49 76.88 82.48 73.80 381.94 92.34 74.19 364.32 218.56 388.00 85.38 93.24 400.53 74.61 85.27 379.09 75.75 320.77 75.37 74.69 379.91 81.09 82.96 84.13 73.80 147.35 256.73 376.83 377.37 81.49 388.98 381.65 0.00 81.09 89.81 361.30 76.19 147.38 214.57 378.78 326.20 128.17-9999.00-9999.00-9999.00-9999.00-9999.00-9999.00-9999.00-9999.00-9999.00-9999.00 -9999.00-9999.00-9999.00-9999.00-9999.00-9999.00-9999.00-9999.00 375.69 92.64 75.25 87.85 375.94 377.11 77.18 81.41 94.13
375.82 0.00 113.45 82.80 76.19 382.69 93.95 258.34 169.59 83.14 118.00 89.81 196.25 84.52 83.14 82.48 74.02 140.08 181.84 380.26 379.92 381.17 380.61 0.00 0.00 0.00 0.00 95.10 364.50 112.13 0.00 91.77 280.37 83.28 92.78 110.63 340.28 81.91 363.99 79.99-9999.00-9999.00-9999.00-9999.00-9999.00-9999.00-9999.00-9999.00-9999.00 -9999.00-9999.00 82.97 76.92 80.53 91.27 272.56 368.44 75.43 82.47 81.41 379.72 112.66 79.73 125.83 332.91 80.84 80.30 72.75 116.32 0.00 77.73
115.58 73.89 226.99 0.00 364.70 193.36 140.51 74.61 80.34 377.55 74.54 82.05 73.84 160.61 232.86 84.26 82.63 132.92 82.63 132.74 75.62 120.96 74.14 136.50 73.87 138.09 0.00 106.88 152.11 380.23 375.31 363.67 105.18 361.60 100.88 378.71 75.26 94.54 74.77 85.88 379.53 396.24 75.75 93.24-9999.00-9999.00-9999.00-9999.00-9999.00-9999.00 -9999.00-9999.00-9999.00-9999.00-9999.00 85.75 148.69 257.80 387.58 378.23 75.09 134.30 376.16 275.68 82.71 77.73 79.73 379.56 74.12 0.00 73.80
75.37 0.00 119.10 164.58 74.19 83.77 73.96 380.32 116.68 76.70 130.21 73.96 112.30 385.81 93.95 183.44 74.69 82.63 74.86 112.84 377.82 77.97 0.00 0.00 237.52 85.38 378.56 376.99 242.77 115.49 92.19 115.63 98.77 96.74 93.85 84.61 379.64 378.43 339.36 164.14 79.66-9999.00-9999.00-9999.00-9999.00-9999.00-9999.00-9999.00 -9999.00-9999.00-9999.00-9999.00-9999.00-9999.00-9999.00 80.12 123.42 155.33 0.00 115.39 80.33 72.57 147.35 72.61 319.83 0.00 144.07 369.37 181.83 151.54 75.43 183.97 372.14 85.75
135.22 81.09 73.82 135.19 319.25 83.77 0.00 96.21 379.71 379.13 376.56 320.25 178.07 186.80 84.26 359.23 88.21 85.43 74.35 155.16 222.20 79.34-9999.00-9999.00-9999.00-9999.00-9999.00-9999.00-9999.00-9999.00-9999.00 -9999.00-9999.00-9999.00-9999.00-9999.00-9999.00-9999.00-9999.00-9999.00 74.12 139.70 0.00 87.06 80.45 75.61 0.00 113.37 72.61 82.71 82.59 75.09 73.90 395.01 129.39 87.09 73.44 110.05 375.90 120.24 74.12 0.00 114.01 73.80 375.42 154.53 73.23 132.37 73.90 120.97 111.23 0.00 0.00 162.83 73.30 380.89 408.48 386.61
0.00 84.52 338.23 375.62 73.80 74.93 323.72 381.00 116.03 80.12 76.44 126.99 255.71 117.96 0.00 262.76 220.62 72.57 72.90 129.63 77.45 82.59 320.07 113.71 90.31 85.12 84.69 92.17 77.73 192.70 143.42 376.40 84.52 98.20 87.09 95.14 92.17 84.69 75.81 202.27 208.76 376.19 315.69 72.90 0.00 381.02 382.95 380.80 73.80 88.45 82.87 88.45 73.89 129.20 376.43 77.08 0.00 148.52 75.26 76.03 83.77
117.90 382.34 75.09 84.88 132.79 78.34 213.16 377.14 87.58 129.73 76.01 290.54 127.12 72.65 129.13 90.31 0.00 198.33 116.33 75.62 90.82 79.04 82.87 128.68 84.39 74.77 113.47 222.36 0.00 75.49 85.43 87.09 100.78 81.91 380.02 89.52 88.48 84.96 89.24 92.82 376.25 83.34 73.84 167.04 82.56 76.52 135.39 284.97 77.29 186.55 0.00 308.64 209.57 142.07 76.88 137.04 82.28 153.12 80.71 115.40 377.93
129.22 81.09 0.00 86.89 84.39 254.45 78.75 333.03 82.80 86.30 81.86 76.35 76.35 411.25 83.77 75.49 120.09 0.00 334.70 112.61 74.47 82.00 73.89 76.03 181.59 301.62 84.39 82.79 134.12 120.49 380.05 79.04 378.22 222.45 87.81 379.33 378.97 322.33 214.57 196.20 0.00 388.07 384.40 383.77 365.42 367.16 108.20 376.28 380.91 381.51 375.46 375.55 85.74 89.25 93.77 83.98 253.29 121.57 74.54 160.31 85.43
376.05 378.68 219.52 125.68 377.21 133.30 376.29 376.47 379.63 270.10 89.20 356.85 158.19 203.87 379.48 376.89 156.32 138.02 74.77-9999.00-9999.00-9999.00-9999.00-9999.00-9999.00-9999.00-9999.00-9999.00-9999.00-9999.00-9999.00-9999.00 -9999.00-9999.00-9999.00-9999.00-9999.00-9999.00-9999.00-9999.00-9999.00 83.10 79.75 322.73 74.49 380.33 376.93 76.92 379.11 72.67 136.28 76.01 0.00 378.49 0.00 258.83 125.56 75.09 85.94 131.78 162.71 0.00 167.84 73.80 82.84 180.25 383.02 152.86 140.62 74.77 72.56 0.00 376.14 168.22 112.66 79.73 73.70 379.39 377.11 84.51 72.57 381.50
77.73 80.21 81.10 95.41 91.95 80.47 0.00 121.10 79.73 88.42 137.05 79.00 73.23 131.28 169.94 282.04 0.00 81.41 73.80 129.06 0.00 72.86 80.41 72.75 81.10 81.17 77.71 86.11 72.63 74.19 135.87 81.78 74.86 83.77 86.49 88.48 0.00 0.00 0.00 287.93 83.52 81.22 376.19 376.11 136.65 353.51 376.73 87.05 85.11 121.93 378.89 169.96 73.89 77.97 188.22 377.60 352.63 85.38 75.75 375.70 87.30
384.62 147.97 84.39 76.88 198.70 371.20 84.82 376.14 0.00 0.00 229.86 377.32 84.56 103.29 76.83 84.52 129.95 126.22 75.26 89.24 82.79 354.73 84.00 376.43 80.34 76.52 379.46 120.78 86.12-9999.00-9999.00-9999.00-9999.00-9999.00-9999.00-9999.00-9999.00-9999.00-9999.00-9999.00-9999.00-9999.00-9999.00 -9999.00-9999.00-9999.00-9999.00-9999.00-9999.00-9999.00-9999.00-9999.00-9999.00-9999.00-9999.00-9999.00-9999.00-9999.00 90.31 87.09 359.21 100.33 92.64 88.58 284.07 376.23 378.91 0.00 116.01 73.16 72.60 110.22 355.16 81.65 74.93 110.91 180.62 0.00 131.77 81.87 80.33 72.70 154.89 0.00 193.04 72.78 84.69 72.95 0.00
190.54 84.52 81.74 113.43 76.19 287.25 96.59 91.92 93.95 93.24 75.26 383.52 81.09 377.04 273.08 76.52 81.09 76.52 352.66 262.32 119.54 75.62 116.68 377.19 88.45 383.09 359.22 130.77 142.64 79.04 88.21 81.82 73.81 75.37 169.45 389.08 81.91 74.95 73.84 158.39 0.00 0.00 388.41 83.28 81.53 91.68 380.45 153.46 111.81 74.10 74.41 113.54 74.47 366.11 129.88 76.88-9999.00-9999.00-9999.00-9999.00-9999.00-9999.00-9999.00-9999.00-9999.00-9999.00-9999.00-9999.00-9999.00-9999.00-9999.00-9999.00-9999.00-9999.00 -9999.00-9999.00-9999.00-9999.00-9999.00-9999.00-9999.00-9999.00-9999.00-9999.00-9999.00-9999.00-9999.00-9999.00-9999.00-9999.00-9999.00 82.87 83.40 95.87 114.64
377.56 99.51 81.81 0.00 0.00 0.00 99.76 317.62 90.56 164.36 78.03 379.03 376.19 375.96 75.43 117.66 91.27 72.72 309.50 379.12 93.24 186.77 391.46 82.34 89.97 376.99 81.09 83.77 0.00 91.77 381.33 319.23 298.12 139.25 76.35 83.34 83.77 163.30 83.05 234.33 376.29 334.62 121.18 74.95 90.12 149.56 74.86 74.02 127.88 77.73 0.00 83.28 171.45 281.33 100.02 382.96 76.35 83.05 93.71 384.79 379.29
78.34 125.13 376.85 79.73 378.63 378.49 0.00 379.95 86.40 360.80 375.90 82.36 388.61 0.00 80.12 78.34 86.55 140.05 367.62 90.82 390.40 383.97 391.64 385.22 380.12 116.33 82.11 84.13 79.66 381.78 76.52 358.76 74.47 81.39 87.30 252.44 77.29 75.49 128.17 310.29 377.31 106.06 86.55 82.16 74.77 112.13 0.00 0.00 363.83 321.47 334.91 230.16 124.88 74.29 81.67 123.64 85.76 73.84 113.21 89.52-9999.00-9999.00-9999.00-9999.00-9999.00-9999.00-9999.00-9999.00-9999.00-9999.00-9999.00-9999.00-9999.00-9999.00-9999.00-9999.00-9999.00-9999.00-9999.00-9999.00 -9999.00-9999.00-9999.00-9999.00-9999.00-9999.00-9999.00-9999.00-9999.00-9999.00-9999.00-9999.00-9999.00-9999.00-9999.00-9999.00-9999.00-9999.00-9999.00-9999.00
200.36 382.72 377.87 130.79 174.70 375.62 123.40 196.58 0.00 0.00 0.00 378.29 81.91 0.00 84.82 384.93 76.88 375.80 126.52 73.99 124.84 75.05 126.86 379.41 376.57 79.34 380.64 382.33 0.00 369.89 82.34 322.98 84.82 114.61 0.00 75.37 81.91 86.49 87.09 87.81 126.83 0.00 383.53 75.89 86.12 379.52 235.77 128.17 75.49-9999.00-9999.00-9999.00-9999.00-9999.00-9999.00-9999.00-9999.00-9999.00-9999.00-9999.00-9999.00-9999.00-9999.00-9999.00-9999.00-9999.00 -9999.00-9999.00-9999.00-9999.00-9999.00-9999.00-9999.00-9999.00-9999.00-9999.00-9999.00-9999.00-9999.00-9999.00-9999.00-9999.00-9999.00-9999.00-9999.00-9999.00-9999.00-9999.00-9999.00-9999.00-9999.00 90.08 73.44 189.97 353.00 78.66 421.01 121.30 77.18 74.36 131.07 89.04
82.80 75.26 112.87 364.69 140.05 75.49 73.99 127.64 377.45 0.00 370.96 128.11 81.18 86.49 83.34 82.79 89.52 0.00 116.71 75.26 84.26 376.41 194.10 75.26 76.35 177.31 360.57-9999.00-9999.00-9999.00-9999.00-9999.00-9999.00-9999.00-9999.00-9999.00-9999.00-9999.00-9999.00-9999.00-9999.00-9999.00-9999.00-9999.00-9999.00-9999.00 -9999.00-9999.00-9999.00-9999.00-9999.00-9999.00-9999.00-9999.00-9999.00-9999.00-9999.00-9999.00-9999.00-9999.00-9999.00-9999.00-9999.00-9999.00-9999.00-9999.00-9999.00-9999.00 87.06 87.09 157.79 377.61 93.13 75.09 93.13 83.38 83.84 124.04 75.25 0.00 0.00 0.00 305.94 0.00 154.95 108.91 91.57 125.33 88.13 90.08 155.62 90.31 174.75 89.37 241.52 94.64 89.37 80.96 78.34 393.38 376.66
381.53 378.30 356.35 294.59 87.73 367.07 122.10 75.05 83.77 0.00 75.62 85.94 125.20 86.89 118.73 85.59-9999.00-9999.00-9999.00-9999.00-9999.00-9999.00-9999.00-9999.00-9999.00-9999.00-9999.00-9999.00-9999.00-9999.00-9999.00-9999.00-9999.00-9999.00-9999.00-9999.00-9999.00-9999.00 -9999.00-9999.00-9999.00-9999.00-9999.00-9999.00-9999.00-9999.00-9999.00-9999.00-9999.00-9999.00-9999.00-9999.00-9999.00-9999.00-9999.00 77.18 175.78 82.36 75.61 88.73 81.87 74.24 173.72 126.66 133.47 382.07 0.00 0.00 127.82 73.05 73.90 371.63 76.01 135.70 370.03 376.99 0.00 359.29 97.29 358.76 375.81 108.91 380.52 153.76 88.58 94.73 348.79 378.75 358.76 132.79 85.12 80.12 79.00 101.65 99.51 114.82 376.31 0.00 382.49
385.51 0.00 73.85 79.66 137.18 87.09-9999.00-9999.00-9999.00-9999.00-9999.00-9999.00-9999.00-9999.00-9999.00-9999.00-9999.00-9999.00-9999.00-9999.00-9999.00-9999.00-9999.00-9999.00-9999.00-9999.00-9999.00-9999.00-9999.00-9999.00 -9999.00-9999.00-9999.00-9999.00-9999.00-9999.00-9999.00-9999.00-9999.00-9999.00-9999.00-9999.00-9999.00-9999.00-9999.00-9999.00-9999.00-9999.00-9999.00 84.88 87.09 89.41 381.98 167.04 92.40 89.72 76.68 76.68 125.12 357.83 79.73 384.42 73.53 75.25 77.45 115.61 380.03 0.00 0.00 270.11 375.08 395.02 367.60 375.40 260.10 376.43 209.33 113.52 379.08 376.10 352.00 381.55 82.36 93.13 77.45 81.41 93.55 375.12 375.65 376.23 376.62 142.66 136.12 0.00 376.52 367.04 375.77 363.64 183.63 375.81 378.29 386.85 183.63
303.90 402.20 98.69 205.74 136.12 377.39 375.54 264.57 326.53 377.29 0.00 0.00 381.70 375.15 326.55 376.24 377.78 0.00 318.79 380.29 191.08 386.70 270.11 140.37 375.26 193.38 92.76 137.97 89.72 74.93 75.43 84.15 81.25 132.68 74.12 379.76 0.00 100.78 383.13 380.72 381.59 74.61 81.91 82.63 75.75 74.77 113.56 379.46 368.76 73.91 128.91 125.89 177.27 75.15 137.55 86.89 81.09 352.12 119.51 84.00-9999.00-9999.00-9999.00-9999.00-9999.00-9999.00-9999.00-9999.00-9999.00-9999.00-9999.00-9999.00-9999.00-9999.00-9999.00-9999.00-9999.00-9999.00-9999.00-9999.00-9999.00-9999.00 -9999.00-9999.00-9999.00-9999.00-9999.00-9999.00-9999.00-9999.00-9999.00-9999.00-9999.00-9999.00-9999.00-9999.00-9999.00-9999.00-9999.00-9999.00-9999.00-9999.00-9999.00-9999.00-9999.00-9999.00-9999.00-9999.00-9999.00-9999.00-9999.00-9999.00-9999.00
375.38 375.58 236.62 375.17 236.62 0.00 324.57 375.16 376.15 0.00 261.05 94.62 237.56 104.00 119.09 149.50 375.77 114.69 81.26 360.80 358.63 94.62 77.63 86.71 85.93 97.66 121.02 99.57 117.29 129.89 379.04 376.19 376.52 160.47 295.38 280.44 376.15 376.15 376.15 0.00 0.00 0.00 329.43 376.56 314.70 0.00 360.41 270.95 377.06 361.40 188.17 224.81 375.65 138.27 373.17 381.52 375.05 86.57 367.03 380.22 92.31
379.91 383.75 79.95-9999.00-9999.00-9999.00-9999.00-9999.00-9999.00-9999.00-9999.00-9999.00-9999.00-9999.00-9999.00-9999.00-9999.00-9999.00-9999.00-9999.00-9999.00-9999.00-9999.00-9999.00-9999.00-9999.00 -9999.00-9999.00-9999.00-9999.00-9999.00-9999.00-9999.00-9999.00-9999.00-9999.00-9999.00-9999.00-9999.00-9999.00-9999.00-9999.00-9999.00-9999.00-9999.00-9999.00-9999.00-9999.00-9999.00-9999.00-9999.00-9999.00-9999.00-9999.00-9999.00-9999.00-9999.00-9999.00-9999.00-9999.00-9999.00-9999.00 133.07 376.78 375.14 375.48 377.38 375.92 375.96 377.57 377.59 377.90 295.38 295.38 0.00 0.00 314.71 375.00 383.42 375.92 298.67 298.67 375.00 377.37 298.68 376.21 298.68 0.00 352.42 90.47 90.61 84.60 86.52 92.49 95.96 79.79 192.06 218.91 114.16 80.84 387.39 80.84 103.04 107.80 84.16 89.40 373.37 114.51 90.78 0.00 384.22 285.65 375.96 83.46 383.46 177.00 0.00 376.52 376.29
375.21 229.42 0.00 382.55 375.22 224.30 375.37 375.33 317.91 160.47 372.67 314.15 366.51 123.73 89.46 84.00 84.95 82.99 74.38 82.67 100.52 97.42 83.10 375.87 86.57 380.04 81.69 88.44 99.18 86.08 75.18 123.23 95.74 378.33 77.89 74.69 76.93 379.48 74.38 117.25 97.16 371.78 98.48-9999.00-9999.00-9999.00-9999.00-9999.00-9999.00-9999.00-9999.00-9999.00-9999.00-9999.00-9999.00-9999.00-9999.00-9999.00-9999.00-9999.00-9999.00-9999.00-9999.00 -9999.00-9999.00-9999.00-9999.00-9999.00-9999.00-9999.00-9999.00-9999.00-9999.00-9999.00-9999.00-9999.00-9999.00-9999.00-9999.00-9999.00-9999.00-9999.00-9999.00-9999.00-9999.00-9999.00-9999.00-9999.00-9999.00-9999.00-9999.00-9999.00-9999.00-9999.00-9999.00-9999.00-9999.00-9999.00-9999.00-9999.00-9999.00-9999.00-9999.00-9999.00-9999.00-9999.00-9999.00-9999.00-9999.00-9999.00 375.62 295.38 0.00 375.27 270.95 375.34 314.71 379.91 0.00 375.00 295.38 375.52 352.09 270.95 375.00 375.00 378.90
295.38 295.38 0.00 295.38 0.00 0.00 295.38 375.13 377.80 375.43 375.25 242.69 324.64 196.42 376.37 375.48 187.15 129.89 205.08 184.55 93.83 397.78 362.09 312.39 81.70 81.69 0.00 81.26 89.93 77.15 94.58 124.97 381.86 81.69 194.22 206.27 85.93 372.79 388.34 383.86 181.56 87.94 87.94 93.37 94.58 381.06 79.48 345.24 408.36 372.56 133.54 87.91-9999.00-9999.00-9999.00-9999.00-9999.00-9999.00-9999.00-9999.00-9999.00-9999.00-9999.00-9999.00-9999.00-9999.00-9999.00-9999.00-9999.00-9999.00 -9999.00-9999.00-9999.00-9999.00-9999.00-9999.00-9999.00-9999.00-9999.00-9999.00-9999.00-9999.00-9999.00-9999.00-9999.00-9999.00-9999.00-9999.00-9999.00-9999.00-9999.00-9999.00-9999.00-9999.00-9999.00-9999.00-9999.00-9999.00-9999.00-9999.00-9999.00-9999.00-9999.00-9999.00-9999.00-9999.00-9999.00-9999.00-9999.00-9999.00-9999.00-9999.00-9999.00-9999.00-9999.00-9999.00-9999.00-9999.00-9999.00-9999.00-9999.00-9999.00-9999.00 375.59 0.00 295.38 375.71 224.76 367.62 276.10 314.71
