蒙特卡罗+CDRMV3/输出数据/2D水深分布/WaterDepthGIS_0162.ASC
ncols         539            
nrows         744            
xllcorner     602630.84259341
yllcorner     3914823.670891 
cellsize      50             
NODATA_value  -9999.00       
[rows 0 to 26 of 32, columns 122 to 182 of 539]
78.16 380.57 130.57 73.54 154.85 83.26-9999.00-9999.00-9999.00-9999.00-9999.00-9999.00-9999.00-9999.00-9999.00-9999.00-9999.00-9999.00-9999.00-9999.00 -9999.00-9999.00-9999.00-9999.00-9999.00-9999.00-9999.00-9999.00-9999.00-9999.00-9999.00-9999.00-9999.00-9999.00-9999.00-9999.00-9999.00-9999.00-9999.00-9999.00-9999.00-9999.00-9999.00-9999.00-9999.00-9999.00-9999.00-9999.00-9999.00-9999.00-9999.00-9999.00-9999.00-9999.00-9999.00-9999.00-9999.00-9999.00-9999.00-9999.00-9999.00-9999.00-9999.00-9999.00-9999.00-9999.00-9999.00-9999.00-9999.00-9999.00-9999.00-9999.00-9999.00-9999.00-9999.00-9999.00-9999.00-9999.00-9999.00-9999.00-9999.00-9999.00-9999.00-9999.00-9999.00-9999.00-9999.00-9999.00-9999.00-9999.00-9999.00-9999.00-9999.00-9999.00-9999.00-9999.00-9999.00-9999.00-9999.00-9999.00-9999.00-9999.00-9999.00-9999.00-9999.00-9999.00-9999.00-9999.00-9999.00-9999.00-9999.00-9999.00-9999.00-9999.00-9999.00-9999.00-9999.00-9999.00-9999.00-9999.00-9999.00-9999.00-9999.00-9999.00-9999.00-9999.00-9999.00-9999.00-9999.00-9999.00-9999.00-9999.00-9999.00-9999.00-9999.00-9999.00 72.72 164.26 73.93 124.97 72.55 367.70 385.89 72.57 177.87 0.00 127.88 73.37 345.42 73.37 74.98-9999.00-9999.00-9999.00-9999.00-9999.00-9999.00-9999.00-9999.00-9999.00-9999.00-9999.00-9999.00-9999.00-9999.00 -9999.00-9999.00-9999.00-9999.00-9999.00-9999.00-9999.00-9999.00-9999.00-9999.00-9999.00-9999.00 86.00 76.84 88.88 89.31 77.52 86.86-9999.00-9999.00-9999.00-9999.00-9999.00-9999.00-9999.00-9999.00-9999.00-9999.00-9999.00-9999.00-9999.00-9999.00-9999.00-9999.00-9999.00-9999.00-9999.00-9999.00-9999.00-9999.00-9999.00-9999.00-9999.00-9999.00-9999.00-9999.00-9999.00-9999.00-9999.00-9999.00-9999.00-9999.00-9999.00-9999.00-9999.00-9999.00-9999.00-9999.00-9999.00-9999.00-9999.00-9999.00-9999.00-9999.00-9999.00-9999.00-9999.00-9999.00-9999.00-9999.00-9999.00-9999.00-9999.00-9999.00-9999.00-9999.00-9999.00-9999.00-9999.00-9999.00-9999.00-9999.00-9999.00-9999.00-9999.00-9999.00-9999.00-9999.00-9999.00-9999.00-9999.00-9999.00-9999.00-9999.00-9999.00-9999.00-9999.00-9999.00-9999.00-9999.00-9999.00-9999.00-9999.00-9999.00-9999.00-9999.00-9999.00-9999.00-9999.00-9999.00-9999.00-9999.00-9999.00-9999.00-9999.00 73.23 109.86 150.39 376.21 74.04 275.69 384.29 78.81 79.78 73.37 0.00 76.53 320.36 74.54 80.17 130.00 81.13-9999.00-9999.00-9999.00-9999.00-9999.00-9999.00-9999.00-9999.00-9999.00-9999.00-9999.00-9999.00-9999.00 -9999.00-9999.00-9999.00-9999.00-9999.00-9999.00-9999.00-9999.00-9999.00-9999.00-9999.00 76.84 139.69 174.75 90.13 172.84 287.91 74.91-9999.00-9999.00-9999.00-9999.00-9999.00-9999.00-9999.00-9999.00-9999.00-9999.00-9999.00-9999.00-9999.00-9999.00-9999.00-9999.00-9999.00-9999.00-9999.00-9999.00-9999.00-9999.00-9999.00-9999.00-9999.00-9999.00-9999.00-9999.00-9999.00-9999.00-9999.00-9999.00-9999.00-9999.00-9999.00-9999.00-9999.00-9999.00-9999.00-9999.00-9999.00-9999.00-9999.00-9999.00-9999.00-9999.00-9999.00-9999.00-9999.00-9999.00-9999.00-9999.00-9999.00-9999.00-9999.00-9999.00-9999.00-9999.00-9999.00-9999.00-9999.00-9999.00-9999.00-9999.00-9999.00-9999.00-9999.00-9999.00-9999.00-9999.00-9999.00-9999.00-9999.00-9999.00-9999.00-9999.00-9999.00-9999.00-9999.00-9999.00-9999.00-9999.00-9999.00-9999.00-9999.00-9999.00-9999.00-9999.00-9999.00-9999.00-9999.00-9999.00-9999.00-9999.00-9999.00-9999.00-9999.00 80.30 80.91 84.05 73.82 378.66 384.36 77.85
112.00 82.19 209.22 73.63 80.59 83.40 80.98 73.93 85.80 84.97 73.23 85.66 126.67 77.02 80.34 0.00 171.20 73.16 75.68 227.10 378.62 383.28 381.87 73.93 72.88 191.78 121.05 83.26-9999.00-9999.00 -9999.00-9999.00-9999.00-9999.00-9999.00-9999.00-9999.00-9999.00-9999.00-9999.00-9999.00-9999.00-9999.00-9999.00-9999.00 71.64 122.13 340.29 72.33 71.08 0.00 85.47 88.15 132.35 81.00-9999.00-9999.00-9999.00-9999.00-9999.00-9999.00-9999.00-9999.00-9999.00-9999.00-9999.00-9999.00-9999.00-9999.00-9999.00-9999.00-9999.00-9999.00-9999.00-9999.00-9999.00-9999.00-9999.00-9999.00-9999.00-9999.00-9999.00-9999.00-9999.00-9999.00-9999.00-9999.00-9999.00-9999.00-9999.00-9999.00-9999.00-9999.00-9999.00-9999.00-9999.00 79.93 95.60-9999.00-9999.00-9999.00-9999.00-9999.00-9999.00 83.10 82.20 116.59 82.43 79.54 380.25 76.30 83.88 320.62 162.71-9999.00-9999.00-9999.00-9999.00-9999.00-9999.00-9999.00-9999.00 73.72 113.65 135.27 384.54 278.70 83.25 367.48 83.88 77.02 377.88
72.56 166.94 129.61 368.27 0.00 131.42 115.58 72.56 71.58 398.83 229.78 85.22 167.57 92.10 90.13 96.37-9999.00-9999.00-9999.00-9999.00-9999.00-9999.00-9999.00-9999.00-9999.00-9999.00-9999.00-9999.00-9999.00-9999.00-9999.00-9999.00-9999.00-9999.00-9999.00-9999.00-9999.00-9999.00-9999.00-9999.00-9999.00-9999.00 76.30 97.99 84.42 95.60 78.48 85.80 86.25 200.41 87.21 377.88 81.47 376.72 83.10 80.71 86.71 86.25 74.15 129.69 377.46 85.80 75.14 0.00 0.00 361.09 76.53 75.88 116.47 380.86 75.88 81.47 77.85 83.40 81.47 73.54 161.51 73.93 80.71 72.79 379.17 115.63 81.66 79.17 73.63 74.54 73.82
128.10 165.62 0.00 0.00 281.31 75.31 76.53 80.78 91.04 80.84 76.30 0.00 145.12 0.00 145.12 378.32 173.64 80.34 87.09 416.18 377.79 376.49 81.22 89.19-9999.00-9999.00-9999.00-9999.00-9999.00-9999.00 -9999.00-9999.00-9999.00-9999.00-9999.00-9999.00-9999.00-9999.00-9999.00-9999.00-9999.00-9999.00 202.85 85.25 76.52 74.47 107.71 164.51 334.00 0.00 141.32 72.33 71.26 0.00 377.41 72.56 71.08 224.46 72.80 377.66 81.53 131.27 80.60-9999.00-9999.00-9999.00-9999.00 88.51 89.69 72.44 166.04 378.63 76.09 381.09 75.14 81.22 186.58 85.03 178.04 79.54 355.51 85.58
121.84 134.46 76.22 90.13 309.98 84.73 79.10 377.77 84.57 379.07 131.95 91.50 84.05 76.22 79.23 72.94 386.86 378.05 87.46 381.86 150.43 85.66 97.99 94.54 82.82 78.16 85.37 77.02 361.02 0.00 87.46 380.25 72.84 0.00 74.83 124.18 79.54 85.80 88.43 102.91 73.37 289.95 132.12 74.27 78.81 0.00 72.93 82.43 81.86 77.02 78.16 83.10 290.37 77.85 0.00 117.03 73.45 144.71 81.97 112.60 293.34
85.66 91.48 76.53 126.80 110.73 75.31 77.56 380.65 72.58 0.00 79.93 81.66 72.52 0.00 72.76 87.46 84.78 375.65 79.93 82.19 376.34 73.63 135.03 81.38 73.54 0.00 111.39 73.54 73.82 154.11 0.00 178.97 121.64 295.76 94.54 180.19 124.54 73.93 81.97 146.25 94.00 380.01 332.21 73.93 86.02 74.54 131.28 395.48 379.98 72.98 380.99 128.78 77.28 73.37 376.35 172.89 86.02 343.02 73.10 213.52 85.58
79.10 90.13 87.46 109.92 377.61 74.83 378.82 378.33 0.00 0.00 73.30 122.06 0.00 109.77 73.10 86.25 79.93 381.34 72.84 73.23 148.97 82.31 74.04 73.82 0.00 111.14 73.72 79.96 119.76 0.00 77.56 248.71 74.98 124.21 83.10 88.00 114.80 231.98 97.52 378.84 385.14 299.57 228.90 88.57 324.65 200.89 73.63 89.52 80.17 72.79 0.00 80.77 84.22 124.26 81.76 81.86 82.96 73.72 193.67 75.14 81.97
289.30 264.73 90.35 329.26 84.50 87.73 78.16 80.77 73.93 121.42 127.45 79.54 0.00 77.85 384.94 375.93 298.72 195.72 74.27 74.04 121.18 80.54 81.47 75.31 0.00 73.04 83.55 122.40 0.00 73.23 73.10 114.57 81.38 80.71 85.58 78.48 72.98 114.37 173.48 93.38 0.00 109.94 73.10 81.97 73.72 83.71 81.30 75.88 252.78 110.26 0.00 83.83 83.88 82.08 80.98 77.28 110.49 380.41 111.10 81.47 75.49
73.64 72.52 83.88 261.66 76.30 82.20 137.63 74.15 112.42 376.07 377.55 81.70 0.00 76.09 383.21 379.01 382.14 75.14 75.31 81.86 89.87 146.35 376.14 75.68 81.22 94.00 81.21 80.77 0.00 327.41 131.39 73.23 81.21 208.94 115.79 75.31 88.87 213.11 363.35 0.00 159.51 73.45 92.18 127.22 384.87 373.51 83.40 89.87 72.57 246.49 86.96 78.16 0.00 111.09 78.81 81.13 81.86 79.99 75.88 378.27 0.00
146.30 0.00 0.00 83.25 86.25 91.48 141.10 87.46 134.30 121.41 0.00 83.83 343.50 129.77 123.40 80.49 81.76 81.30 74.15 142.84 378.38 0.00 0.00 135.05 78.81 0.00 83.26 132.43 131.22 74.68 80.78 121.46 79.54 378.23 0.00 99.13 381.07 380.80 116.12 76.09 83.55 82.69 81.13 75.88 75.68 93.46 88.87 172.54 77.28 139.84 90.63-9999.00-9999.00-9999.00-9999.00-9999.00-9999.00-9999.00-9999.00 -9999.00-9999.00-9999.00-9999.00-9999.00-9999.00-9999.00-9999.00-9999.00-9999.00 78.82 111.61 113.24 0.00 377.46 71.79 75.15 80.84 81.82
0.00 375.54 75.58 0.00 387.00 381.06 313.37 0.00 375.63 367.86 235.01 85.14 84.22 80.77 386.05 74.83 75.88 74.15 74.04 86.71 87.46 349.28 132.84 81.70-9999.00-9999.00-9999.00-9999.00-9999.00-9999.00-9999.00-9999.00 -9999.00-9999.00-9999.00-9999.00-9999.00-9999.00-9999.00-9999.00-9999.00-9999.00 82.31 121.31 109.91 0.00 175.33 82.48 89.73 78.32 71.11 81.53 392.26 71.18 79.45 79.78 71.24 0.00 141.49 71.71 89.27 76.84 123.93 71.46 172.35 380.00 198.43 113.92 75.93 72.13 211.31 382.41 84.73 80.49 387.23 72.68 84.27 82.09
0.00 75.15 85.47 78.27 125.55 118.95 73.89 0.00 270.91 250.39 110.53 81.53 84.97 378.63 86.28 125.72 334.84 75.40 83.03 376.48 79.87 71.46 158.70 0.00 81.52 87.48 81.82 78.63 70.95 80.27 83.62 375.79 78.59 258.57 78.11 79.78 70.93 294.17 0.00 147.17 123.13 71.05 78.41 77.52 291.94 75.14 140.95 375.56 374.73 72.76 143.75 0.00 126.50 73.23 82.69 84.40 74.04 134.53 0.00 116.72 81.22
0.00 117.53 73.71 167.64 88.37 70.96 137.51 314.41 378.41 146.78 83.83 76.53 0.00 379.91 77.02 396.42 74.98 102.07 82.72 125.24 0.00 136.69 75.49 73.93 380.92 79.17 77.85 159.47 87.21 375.77 86.48 72.52 386.22 95.83 74.27 84.42 0.00 376.38 313.59 79.54 77.28 376.31 72.55 82.08 74.54 379.91 75.68 312.38 376.92 383.89 85.66 91.08 158.61 381.96 231.88 376.32 255.90 255.90 0.00 375.37 375.87
83.83 75.31 80.34 262.39 0.00 0.00 253.20 376.71 378.78 255.97 0.00 0.00 0.00 100.96 165.40 210.11 0.00 0.00 0.00 77.44 0.00 0.00 380.50 91.48 75.49 338.16 376.97 111.00 73.54 74.68 85.80-9999.00-9999.00-9999.00-9999.00-9999.00-9999.00-9999.00-9999.00-9999.00-9999.00-9999.00-9999.00-9999.00-9999.00 -9999.00-9999.00-9999.00-9999.00-9999.00-9999.00-9999.00-9999.00-9999.00-9999.00 87.51 163.43 193.47 81.98 149.75 139.18 349.78 81.37 81.98 308.15 373.76 0.00 76.52 70.98 71.30 79.61 80.60 80.49 181.12 74.69 114.56 0.00 290.46 0.00 126.79 110.44 109.28 79.23 72.04
0.00 110.04 71.40 85.63 0.00 142.28 109.14 79.97 78.59 75.40 0.00 71.87 168.36 72.94 84.97 141.36 80.84 78.55 71.71 80.16 71.21 0.00 0.00 112.62 71.22 300.77 120.58 79.30 85.47 74.27 358.91 81.67 122.34 333.41 138.62 113.47 73.10 379.27 0.00 376.82 375.82 367.98 82.20 98.02 84.34 84.60 73.82 76.09 331.67 287.89 81.38 381.29 112.76 74.98 74.54 164.63 81.30 114.79 75.31 366.26 193.21
228.93 199.86 0.00 128.37 71.80 74.42 82.08 384.09 376.91 376.30 72.72 83.25 72.58 113.44 82.19 83.25 74.27-9999.00-9999.00-9999.00-9999.00-9999.00-9999.00-9999.00-9999.00-9999.00-9999.00-9999.00-9999.00-9999.00-9999.00-9999.00-9999.00 -9999.00-9999.00-9999.00-9999.00-9999.00-9999.00-9999.00-9999.00-9999.00-9999.00-9999.00-9999.00-9999.00-9999.00-9999.00-9999.00-9999.00 96.42 83.91 77.52 74.91 81.98 72.80 71.03 115.46 0.00 71.30 82.84 72.68 208.27 70.99 158.24 378.72 71.30 386.18 0.00 110.10 73.71 71.87 0.00 78.27 78.98 71.51 161.27 376.23 0.00 382.26 381.44 377.78 294.53 155.14 73.08 78.22 110.65 160.14 359.31 0.00 77.89 79.87 80.49
89.87 378.81 74.98 130.69 81.86 74.15 73.37 381.19 75.49 80.98 74.40 72.50 109.99 0.00 114.01 84.42 87.21 94.00 211.95 77.76 88.42 75.49 87.21 162.46 114.41 73.54 85.80 274.78 149.60 121.75 85.66-9999.00-9999.00-9999.00-9999.00-9999.00-9999.00-9999.00-9999.00-9999.00-9999.00-9999.00-9999.00-9999.00-9999.00-9999.00-9999.00-9999.00-9999.00-9999.00 -9999.00-9999.00-9999.00-9999.00-9999.00-9999.00-9999.00-9999.00-9999.00-9999.00-9999.00-9999.00-9999.00-9999.00-9999.00-9999.00-9999.00 75.66 248.37 134.37 76.52 163.54 358.16 72.04 0.00 135.83 74.69 82.67 85.74 84.05 82.66 72.94 74.69 81.98 86.57 74.27 107.72 143.78 0.00 91.50 378.70 71.14 83.62 74.47 91.07 83.83
177.21 74.68 114.16 157.70 80.30 80.71 73.45 83.10 80.39 73.72 72.57 113.33 162.09 381.96 402.68 379.35 0.00 0.00 82.20 376.58 375.86 376.27 219.17 135.65 109.66 72.93 76.53 134.72 82.43 87.21-9999.00-9999.00-9999.00-9999.00-9999.00-9999.00-9999.00-9999.00-9999.00-9999.00-9999.00-9999.00-9999.00-9999.00-9999.00-9999.00-9999.00-9999.00-9999.00-9999.00-9999.00 -9999.00-9999.00-9999.00-9999.00-9999.00-9999.00-9999.00-9999.00-9999.00-9999.00-9999.00-9999.00-9999.00-9999.00-9999.00-9999.00-9999.00-9999.00-9999.00 88.37 376.85 137.77 84.57 382.35 80.49 86.57 141.83 87.81 348.31 73.38 77.17 195.21 235.89 119.39 109.78 377.15 0.00 145.40 108.40 83.28 74.27 113.16 0.00 289.18 113.99 71.95 71.22 72.94 110.45
376.62 82.69 73.63 364.88 0.00 0.00 0.00 0.00 77.28 75.31 94.29 0.00 0.00 0.00 79.54 73.54 113.97 376.76 72.53 72.56 120.68 223.63 72.79 83.71-9999.00-9999.00-9999.00-9999.00-9999.00-9999.00-9999.00-9999.00-9999.00-9999.00-9999.00-9999.00-9999.00-9999.00-9999.00-9999.00-9999.00 -9999.00-9999.00-9999.00-9999.00-9999.00-9999.00-9999.00-9999.00-9999.00-9999.00-9999.00-9999.00-9999.00-9999.00-9999.00-9999.00-9999.00-9999.00-9999.00-9999.00-9999.00-9999.00-9999.00-9999.00-9999.00 171.50 249.03 377.65 374.95 379.56 388.88 379.61 0.00 0.00 0.00 0.00 0.00 361.84 74.91 75.93 156.63 85.25 0.00 0.00 0.00 0.00 0.00 323.45 101.47 0.00 0.00 377.12 278.43 369.65 378.96 268.18 375.92 86.72 87.82 81.19 87.43
381.39 110.93 73.93-9999.00-9999.00-9999.00-9999.00-9999.00-9999.00-9999.00-9999.00-9999.00-9999.00-9999.00-9999.00-9999.00-9999.00-9999.00-9999.00-9999.00-9999.00 -9999.00-9999.00-9999.00-9999.00-9999.00-9999.00-9999.00-9999.00-9999.00-9999.00-9999.00-9999.00-9999.00-9999.00-9999.00-9999.00-9999.00-9999.00-9999.00-9999.00-9999.00-9999.00-9999.00-9999.00 99.84 82.48 80.37 73.22 379.77 77.52 80.27 78.44 79.69 119.69 108.88 109.40 88.15 77.52 74.91 77.52 0.00 379.09 342.64 145.75 85.25 91.57 85.97 284.34 377.91 381.31 194.14 81.00 279.53 85.25 365.65 163.57 0.00 258.28 96.67 264.93 174.17 78.67 79.54 75.93 301.71 81.00 382.65 377.60 79.10 85.97 219.39 377.72 380.00 81.00 90.13 76.22 294.28 0.00 0.00 0.00 0.00
0.00 78.67 79.97 72.80 112.20 352.00 0.00 379.15 95.20 142.39 72.60 109.50 84.77 367.27 127.43 85.47 74.91 88.37 315.86 95.20 418.28 317.55 105.95 92.73 74.69 300.44 377.26 0.00 0.00 103.88 86.61 81.00 81.00 86.86 100.94 112.80 375.63 181.50 82.09 104.97 75.40 121.54 304.66 378.35 378.61 238.97 0.00 238.97 375.78 247.65 263.34 371.99 384.35 375.52 223.79 383.13 173.74 86.72 82.09 0.00 372.68
377.99 0.00 376.56 381.79 297.58 376.96 375.48 107.17 155.95 105.64 80.00 355.86 82.09 334.48 206.95 84.02 113.61 402.97 156.95 333.51 97.61 83.28 387.31 408.19 0.00 0.00 355.62 321.39 384.71 99.17 89.69 256.13 81.00 221.09 75.93 75.66 377.03 206.25 343.45 126.13 0.00 378.39 0.00 375.25 375.38 378.15 288.61 375.29 0.00 212.14 377.14 233.02 82.58 107.07 88.72 73.22 75.31 89.19 87.73 92.43 86.02
0.00 376.77 0.00 304.10 375.34 375.44 381.57 326.75 326.83 377.02 0.00 376.22 0.00 375.25 379.67 95.53 104.82 375.82 91.95 312.16 88.37 75.31 344.25 123.98 78.27 74.04 110.72 360.35 254.05 0.00 377.31 217.43 94.04 134.92 81.76 111.31 138.63 384.99 110.38 375.68 309.47 130.75 127.07 74.83 217.93 236.07 305.36 73.23 133.11 377.55 73.82 152.78-9999.00-9999.00-9999.00-9999.00-9999.00-9999.00-9999.00-9999.00-9999.00-9999.00-9999.00-9999.00-9999.00-9999.00-9999.00-9999.00-9999.00-9999.00-9999.00-9999.00-9999.00-9999.00 -9999.00-9999.00-9999.00-9999.00-9999.00-9999.00-9999.00-9999.00-9999.00-9999.00-9999.00-9999.00-9999.00-9999.00-9999.00-9999.00-9999.00-9999.00-9999.00-9999.00-9999.00-9999.00-9999.00-9999.00-9999.00-9999.00-9999.00-9999.00 86.72 126.22 94.28 90.13 85.25 73.71 376.46 83.28
376.85 375.70 115.62 345.28 0.00 160.69 94.14 231.08 307.37 323.61 377.58 379.89 242.20 96.37 85.25 374.18 315.23 247.65 376.87 379.67 381.24 0.00 0.00 0.00 0.00 0.00 376.68 184.00 294.37 109.31 184.00 336.06 0.00 294.37 375.35 0.00 377.97 375.18 294.37 376.98 294.37 0.00 0.00 0.00 0.00 0.00 0.00 0.00 377.00 158.18 91.42 86.57 376.60 390.36 378.78 77.82 86.66 333.66 107.48 71.45 74.18
380.05 80.34 92.18 382.20 84.41-9999.00-9999.00-9999.00-9999.00-9999.00-9999.00-9999.00-9999.00-9999.00-9999.00-9999.00-9999.00-9999.00-9999.00-9999.00-9999.00-9999.00-9999.00-9999.00-9999.00-9999.00 -9999.00-9999.00-9999.00-9999.00-9999.00-9999.00-9999.00-9999.00-9999.00-9999.00-9999.00-9999.00-9999.00-9999.00-9999.00-9999.00-9999.00-9999.00-9999.00-9999.00-9999.00-9999.00-9999.00-9999.00-9999.00-9999.00-9999.00-9999.00-9999.00-9999.00-9999.00-9999.00-9999.00 342.46 377.53 379.14 150.57 385.37 382.62 376.34 377.22 269.34 294.37 294.37 294.37 269.34 269.34 0.00 375.23 375.14 378.17 375.33 377.57 379.02 378.78 378.46 379.00 391.90 81.27 78.82 378.79 384.49 249.10 397.19 388.33 394.46 353.98 87.32 91.80 94.95 81.27 376.34 376.42 375.45 376.33 256.74 89.20 88.25 377.25 85.92 375.84 381.95 0.00 375.99 375.15 291.33 80.14 103.74
294.37 294.37 392.20 294.37 375.13 221.97 0.00 375.89 274.46 378.87 239.06 377.55 378.69 158.18 357.51 316.66 390.15 387.75 380.78 254.06 274.46 381.14 377.68 377.20 0.00 378.88 375.66 375.65 0.00 0.00 0.00 0.00 0.00 375.60 348.06 279.00 358.24 113.40 77.99 139.61 0.00 200.20 108.84 78.82 213.60 70.91 88.02 93.17 85.81 227.81 77.24 382.50 375.48 74.18 77.24 93.17 88.76 139.68 73.24 82.23 88.02
379.84 77.96 83.59 379.84 78.48-9999.00-9999.00-9999.00-9999.00-9999.00-9999.00-9999.00-9999.00-9999.00-9999.00-9999.00-9999.00-9999.00-9999.00-9999.00-9999.00-9999.00-9999.00 -9999.00-9999.00-9999.00-9999.00-9999.00-9999.00-9999.00-9999.00-9999.00-9999.00-9999.00-9999.00-9999.00-9999.00-9999.00-9999.00-9999.00-9999.00-9999.00-9999.00-9999.00-9999.00-9999.00-9999.00-9999.00-9999.00-9999.00-9999.00-9999.00-9999.00-9999.00-9999.00-9999.00-9999.00-9999.00-9999.00-9999.00-9999.00-9999.00-9999.00-9999.00-9999.00-9999.00-9999.00-9999.00-9999.00-9999.00-9999.00-9999.00-9999.00-9999.00 294.37 0.00 249.10 294.37 375.62 375.06 0.00 0.00 0.00 378.47 226.56 315.78 364.44 0.00 312.66 375.12 0.00 294.37 294.37 0.00 375.00 375.00 294.37 375.68 375.41 294.37 294.37 0.00 375.00 294.37 376.45 0.00 221.97 269.34 312.66 222.03 375.53 375.35 375.35 156.43 77.04 179.71 90.70 390.50 379.07 379.69 382.26 71.11 79.99 80.97 93.76 75.94 384.80 147.80 82.43
