蒙特卡罗+CDRMV3/输出数据/2D水深分布/WaterDepthGIS_0140.ASC
ncols         539            
nrows         744            
xllcorner     602630.84259341
yllcorner     3914823.670891 
cellsize      50             
NODATA_value  -9999.00       
[rows 0 to 26 of 32, columns 366 to 426 of 539]
158.68 207.35 162.36 96.47-9999.00-9999.00-9999.00-9999.00-9999.00-9999.00-9999.00-9999.00-9999.00-9999.00-9999.00-9999.00-9999.00-9999.00-9999.00-9999.00-9999.00-9999.00-9999.00-9999.00-9999.00-9999.00-9999.00-9999.00-9999.00-9999.00-9999.00-9999.00-9999.00-9999.00-9999.00-9999.00-9999.00-9999.00-9999.00-9999.00-9999.00-9999.00-9999.00-9999.00-9999.00-9999.00-9999.00-9999.00-9999.00-9999.00-9999.00-9999.00-9999.00-9999.00-9999.00-9999.00-9999.00-9999.00-9999.00-9999.00-9999.00 102.33 89.96 98.63-9999.00-9999.00-9999.00-9999.00-9999.00-9999.00-9999.00-9999.00-9999.00-9999.00-9999.00-9999.00-9999.00-9999.00-9999.00-9999.00-9999.00-9999.00-9999.00-9999.00-9999.00-9999.00-9999.00-9999.00-9999.00-9999.00 80.75 375.36 94.47 377.53 122.21 88.78 80.53 89.00 81.04 123.71 146.79 377.59 378.01 382.40 385.92 384.85 86.10 0.00 126.95 90.02 378.48 146.50 84.43 81.13 323.47 84.43-9999.00-9999.00-9999.00-9999.00-9999.00-9999.00-9999.00-9999.00-9999.00-9999.00 -9999.00-9999.00-9999.00-9999.00-9999.00-9999.00-9999.00-9999.00-9999.00-9999.00-9999.00-9999.00-9999.00-9999.00 88.11 92.18 89.82 93.50 286.54 0.00 0.00 121.91 90.34-9999.00-9999.00-9999.00-9999.00-9999.00-9999.00-9999.00-9999.00-9999.00-9999.00-9999.00-9999.00-9999.00-9999.00-9999.00-9999.00-9999.00-9999.00-9999.00-9999.00-9999.00-9999.00-9999.00-9999.00-9999.00-9999.00-9999.00-9999.00-9999.00-9999.00-9999.00-9999.00-9999.00-9999.00-9999.00-9999.00-9999.00-9999.00-9999.00-9999.00-9999.00-9999.00-9999.00-9999.00-9999.00-9999.00-9999.00-9999.00-9999.00-9999.00-9999.00-9999.00-9999.00-9999.00-9999.00-9999.00-9999.00 100.65 379.12 84.94-9999.00-9999.00-9999.00-9999.00-9999.00-9999.00-9999.00-9999.00-9999.00-9999.00-9999.00-9999.00-9999.00-9999.00-9999.00-9999.00-9999.00-9999.00-9999.00-9999.00-9999.00-9999.00-9999.00-9999.00-9999.00-9999.00 90.32 244.62 91.30 377.47 272.49 80.44 315.28 82.01 94.72 80.63 122.73 376.75 375.48 384.08 86.76
317.53 162.50 89.13 92.93 86.76 86.76 134.15 0.00 90.93 92.00 0.00 379.09 310.74 370.08 183.92 97.34 141.40 95.86-9999.00-9999.00-9999.00 -9999.00-9999.00-9999.00-9999.00-9999.00-9999.00-9999.00-9999.00-9999.00-9999.00-9999.00-9999.00-9999.00-9999.00 80.47 139.03 339.59 82.70 83.12 0.00 144.21 80.56 93.50 91.10 99.96 111.39-9999.00-9999.00-9999.00-9999.00-9999.00-9999.00-9999.00-9999.00-9999.00-9999.00-9999.00-9999.00-9999.00-9999.00-9999.00-9999.00-9999.00-9999.00-9999.00-9999.00-9999.00-9999.00-9999.00-9999.00-9999.00-9999.00-9999.00-9999.00-9999.00-9999.00-9999.00-9999.00-9999.00-9999.00-9999.00-9999.00-9999.00 94.22 82.95 369.82 97.53 86.42 87.47 375.65-9999.00 91.30 122.22 132.45 83.95 350.65 323.38 0.00 97.01 298.56 90.93 377.39 89.06 84.94 87.47 377.16 83.32-9999.00-9999.00 88.48 89.00 81.63 342.91 314.12 138.88 120.97
96.83 97.89 125.16 356.64 383.65 382.49 322.23 136.84 85.79 86.10 142.67 196.81 83.32 158.55 382.20 0.00 89.96 162.57 98.63 80.69 207.83 80.75 82.01 381.91 82.95 375.45 120.59 93.99 80.69 120.14 376.79 377.12 81.04 90.66 100.83 80.23 307.96 378.35 81.41 81.52 389.63 383.77 0.00 0.00 0.00 131.19 81.13 151.92 80.16 80.36 80.75 90.22 84.43 80.48 80.96 80.44 88.34 82.29 80.82 0.00 145.80
82.60 260.33 379.34 87.84 207.44 81.75 265.56 80.44 124.41 85.50 180.87 362.17 368.67 82.01 89.13 87.47 0.00 0.00 102.41 102.77 92.00 94.29 109.69 95.56 278.68 96.17 84.68-9999.00-9999.00-9999.00-9999.00-9999.00-9999.00-9999.00-9999.00 -9999.00-9999.00-9999.00-9999.00-9999.00-9999.00-9999.00-9999.00-9999.00-9999.00-9999.00-9999.00 96.86 273.47 178.27 79.95 118.84 81.66 80.15 0.00 81.51 120.90 83.34 0.00 98.75 300.29 398.98 80.99 380.70 86.90 84.61 91.43 92.59 105.09 99.55 86.53 201.18 264.95 108.29 97.81 93.50 92.38 143.11 384.61 83.95
88.78 80.76 123.81 0.00 312.04 138.00 80.66 94.01 81.37 89.36 94.01 85.20 85.51 205.47 98.78 379.67 88.78 373.72 91.98 81.23 379.84 169.74 85.20 94.84 95.96 321.74 84.61 350.51 0.00 356.59 87.10 211.99 107.20 113.95 80.96 376.71 376.05 96.49 80.48 140.81 0.00 80.89 91.16 139.61 0.00 128.61 261.00 85.50 81.41 377.63 92.57 82.77 140.67 92.05 88.29 376.85 0.00 80.53 92.21 133.10 119.10
88.38 88.96 349.55 133.09 89.00 79.75 363.08 379.99 80.47 379.65 82.70 79.71 0.00 131.52 370.02 377.88 83.34 79.95 87.99 90.78 80.08 0.00 145.05 81.51 267.76 82.70 81.63 376.60 100.47 83.13 124.59 379.67 387.18 0.00 84.94 90.43 88.20 82.44 0.00 119.28 90.43 82.15 378.60 84.43 81.41 120.82 380.43 380.84 82.44 0.00 95.86 89.34 84.68 137.11 82.60 0.00 142.96 138.34 81.52 80.75 90.22
367.25 93.03 377.08 295.45 163.01 81.11 120.97 89.26 79.75 118.23 0.00 192.59 87.28 91.43 94.01 127.56 91.61 377.50 98.35 90.34 0.00 150.23 79.60 90.63 106.00 99.55 325.94 99.96 92.88 81.13 182.38 376.11 82.60 83.52 143.74 80.27 0.00 146.64 80.58 88.10 121.30 246.62 377.81 132.56 82.95 81.75 135.38 88.73 92.74 0.00 93.54 89.57 95.27 122.02 0.00 93.19 381.48 376.30 351.91 122.56 81.52
89.26 80.30 379.07 89.82 126.24 0.00 80.08 79.47 80.47 221.60 381.21 82.70 137.25 88.61 83.81 0.00 86.90 383.22 80.01 82.51 80.01 88.11 95.46 86.18 92.18 79.95 123.12 375.42 217.70 90.22 143.19 85.21 123.93 0.00 80.21 314.96 290.26 81.13 92.38 97.17 88.68 140.54 82.29 128.96 145.92 0.00 80.53 100.65 0.00 80.27 88.83 81.04 81.52 232.40 80.82 86.42 364.93 82.01 122.57 352.39 366.95
228.27 81.97 92.18 80.38 150.78 243.71 365.20 377.05 377.53 377.90 377.54 0.00 153.64 83.32 186.09 94.22 89.07 382.72 87.84 80.25 120.27 321.00 378.16 338.47 0.00 362.73 123.08 84.68 93.99 329.75 377.73 93.19 89.06 145.24 274.48 382.70 152.14 385.19 81.31 83.52 80.53 0.00 376.46 376.35 125.18 80.58 80.40 243.13 376.78 90.02 81.63 375.92 0.00 153.06 119.93 87.10 88.51 80.75 0.00 127.13 81.88
105.27 96.83 255.59 190.77 184.52 81.31 92.74 86.42 107.29 250.25 88.95 82.01 80.48 378.20 90.93 0.00 377.46 87.10 88.23 379.48 0.00 369.27 96.17 89.41 90.90 125.28 88.29 86.42 138.02 137.67 81.88 375.82 82.95 128.58 348.44 146.55 93.84 0.00 0.00 84.18 255.68 93.13 88.37 82.77 0.00 0.00 380.62 199.90 379.52 375.45 373.18 329.32 302.99 131.88 82.01 377.75 81.31 94.72 81.63 378.56 84.43
128.87 90.78 91.30 94.47 91.03 92.05 86.42 94.54 86.42 136.58 364.78 216.58 243.21 0.00 0.00 120.12 376.89 334.13 381.22 378.98 255.35 0.00 99.77 0.00 89.06 85.79 134.00 121.60 90.43 203.30 373.97 178.27 138.52 93.84-9999.00-9999.00-9999.00-9999.00-9999.00-9999.00-9999.00-9999.00-9999.00 -9999.00-9999.00-9999.00-9999.00-9999.00-9999.00-9999.00-9999.00-9999.00-9999.00 80.15 263.54 0.00 80.76 87.49 84.61 87.83 81.66 0.00 119.58 90.78 81.66 135.49 88.96 81.81 0.00 79.80 326.13 127.55 85.51 85.84 383.17 136.43 85.51 95.15 252.10
111.90-9999.00-9999.00-9999.00-9999.00-9999.00-9999.00-9999.00-9999.00-9999.00-9999.00 -9999.00-9999.00-9999.00-9999.00-9999.00-9999.00-9999.00-9999.00-9999.00 81.11 120.23 398.41 0.00 81.66 81.81 0.00 84.61 89.70 82.70 128.15 124.92 79.90 119.85 371.35 0.00 184.00 91.63 92.80 81.23 257.83 385.84 80.56 85.20 91.79 161.96 380.99 83.57 80.87 118.52 376.12 0.00 173.88 148.74 83.81 80.56 375.88 81.23 80.76 382.33 80.87 378.87 79.50 131.12 79.51 0.00 140.23 79.45 92.38 93.50 88.17 89.00 263.87 319.70 92.59 85.79 153.92 375.46 0.00
363.31 80.30 79.69 118.41 0.00 97.96 154.30 154.96 97.96 140.50 88.24 79.63 385.76 0.00 0.00 378.43 165.01 82.95 375.94 266.68 92.37 82.29 152.55 211.71 337.70 0.00 83.73 81.22 385.42 259.26 376.01 349.18 214.34 378.15 82.60 90.43 89.96 0.00 0.00 0.00 0.00 0.00 0.00 0.00 98.86 283.95 85.79 383.54 193.41 96.49 89.50 379.52 378.80 0.00 89.50 293.84 377.82 377.21 391.85 303.90 376.22
137.06 372.47 382.76 83.73 83.13 84.18 121.82 351.71 383.25 0.00 225.28 376.75 155.02 377.78 278.35 375.74 373.44 200.57 90.50 135.22 229.42 122.36 0.00 87.47 351.44 148.09 83.95 378.56 166.92 84.68-9999.00-9999.00-9999.00-9999.00-9999.00-9999.00-9999.00-9999.00-9999.00-9999.00-9999.00-9999.00-9999.00-9999.00 -9999.00-9999.00-9999.00-9999.00-9999.00-9999.00-9999.00-9999.00-9999.00-9999.00-9999.00 96.83 91.05 95.78 87.69 378.61 86.18 377.89 85.20 87.14 88.70 231.87 380.78 0.00 0.00 0.00 84.90 80.99 129.60 0.00 0.00 0.00 83.57 0.00 94.31 136.69 328.92 88.53 79.50 294.93 0.00
98.75 176.83 85.20 377.66 81.37 89.82 79.52 133.29 304.15 122.61 85.51 0.00 337.09 79.55 95.78 99.98 90.78 93.50 86.90 378.44 79.60 159.53 376.92 204.33 0.00 0.00 0.00 378.57 324.02 380.03 96.13 376.10 385.18 384.04 154.80 92.00 97.17 85.79 90.90 83.32 85.21 377.64 83.32 80.19 81.04 143.61 375.75 96.13 86.42 84.68 169.56 99.77 92.00 143.77 240.20 379.94 134.05 94.22 113.95 92.38 91.30
378.01 379.05 379.36 87.28 0.00 81.51 210.77 79.63 80.87 143.29 372.57 80.99 160.74 230.31 144.98 124.45 82.51 0.00 148.70 81.66 84.07 0.00 0.00 80.99 89.70 355.72 81.97 99.96 90.21 84.61 90.94 88.11 89.36 80.76 378.14 0.00 390.62 341.99 81.51 86.53 213.54 90.94 92.24 217.07 415.87 0.00 87.69 376.14 127.40 142.07 91.61 377.14 80.30 80.66 97.53 90.66 86.76 86.42 96.49 87.10 82.77
376.63 377.07 375.48 224.74 122.37-9999.00-9999.00-9999.00-9999.00-9999.00-9999.00-9999.00-9999.00-9999.00-9999.00-9999.00-9999.00-9999.00-9999.00-9999.00-9999.00-9999.00-9999.00-9999.00-9999.00 -9999.00-9999.00-9999.00-9999.00-9999.00-9999.00-9999.00-9999.00-9999.00-9999.00-9999.00-9999.00-9999.00-9999.00-9999.00-9999.00-9999.00-9999.00-9999.00 104.11 89.98 99.55 89.48 140.90 85.51 385.47 342.15 378.76 84.33 79.80 240.41 373.72 378.58 120.76 123.53 87.26 163.02 381.30 0.00 376.29 122.99 214.02 86.53 80.15 80.87 382.61 408.54 278.90 92.24 90.21 91.05 89.70 158.02 89.26 93.75 88.31 79.84 246.51 104.11 0.00 95.96 0.00 277.39 98.78 376.55 247.08 116.97 145.55 375.18 380.06 91.05 92.18 94.28 94.56
94.01 87.28 326.51 108.29 377.59 83.34 392.23 375.51 373.90 381.64 81.11 80.22 87.12 87.14 129.87 139.90 0.00 143.57 134.30 97.57 84.90 98.78 0.00 88.54 79.67 96.83 84.90 375.96 293.05 337.39 87.69 379.71 123.17 132.61 372.60 333.18 325.60 377.78 147.06 0.00 381.64 379.50 207.03 143.83 81.81 80.47 271.19 82.90 93.03 86.18 379.28 169.02 0.00 99.75 376.96 148.06 95.96 0.00 138.82 88.11 93.57
202.28 378.87 375.63 92.24 0.00 87.69 83.57 186.88 92.88 379.28 375.62 89.98 207.17 188.60 101.68 99.75 101.68 169.64 135.43 188.62 135.43 318.36 105.84 89.54 185.74 93.30 204.24 227.66 99.55 82.32 86.18 83.12 95.11 397.52 290.54 377.73 380.55 83.57 386.15 91.05 0.00 383.71 247.68 385.78 211.08 185.09 232.83 382.02 167.12 0.00 0.00 375.97 114.56 89.50 85.21 376.09 90.93 93.99 81.13 380.87 83.13
98.78 101.68 0.00 199.92 120.42 380.56 375.77 377.74 392.70 382.94 95.11 98.75 102.06 108.29 89.98 377.57 100.36 93.50 86.18 97.81 377.54 0.00 227.83 377.84 92.24 269.10 262.76 375.17 357.94 376.27 253.50 90.67 125.76 180.42 355.22 100.11 83.73 126.01 346.49 84.68 83.32 376.73 352.35 121.23 91.45 89.49 82.77 81.88 371.09 379.77 81.22 130.13 378.21 0.00 377.87 198.31 130.76 94.99 89.27 90.66 89.50
242.50 101.66 89.02 95.78 88.54 92.24 379.96 347.46 92.24 98.35 81.66 132.59 364.85 378.63 379.90 0.00 273.99 306.63 376.21 223.37 325.65 391.31 357.73 376.82 154.77 135.43 368.19 0.00 222.11 97.81 308.21 83.95 336.10 82.01 87.84 94.47 82.15 140.20 332.16 380.98 83.32 380.60 82.29 0.00 377.97 135.32 383.67 81.41 152.70 175.18 348.78 81.31 366.23 81.41 101.56 0.00 356.86 122.97 84.18 99.74 94.22
367.14 210.52 381.14 259.58 0.00 247.68 210.52 206.50 375.39 0.00 326.23 373.06 0.00 154.77 120.56 104.74 377.39 228.03 115.48 294.27 378.30 82.15 82.77 376.55 87.47 376.28 85.79 367.63 0.00 87.84 99.74 92.37 80.28 88.06 91.60 206.45 89.41 83.73 328.88 136.74 82.95 94.99 131.19 382.68 143.38 81.31 92.56 92.21-9999.00-9999.00-9999.00-9999.00-9999.00-9999.00-9999.00-9999.00-9999.00-9999.00-9999.00-9999.00-9999.00-9999.00-9999.00-9999.00-9999.00-9999.00-9999.00-9999.00-9999.00-9999.00-9999.00-9999.00 -9999.00-9999.00-9999.00-9999.00-9999.00-9999.00-9999.00-9999.00-9999.00-9999.00-9999.00-9999.00-9999.00-9999.00-9999.00-9999.00-9999.00-9999.00-9999.00-9999.00-9999.00 93.26 89.48 86.53 99.75 174.75 377.89 376.87 382.77 387.44 382.83 414.37 104.31
89.82 81.51 84.33 86.18 346.58 339.34 377.29 377.30 377.98 340.80 334.69 0.00 366.64 376.13 378.48 366.17 133.15 114.94 0.00 376.16 377.54 185.74 205.39 184.73 112.44 93.87 84.61 86.90 97.74 367.13 294.57 376.20 375.63 378.05 169.27 227.87 319.28 262.76 375.94 373.25 309.69 338.36 0.00 328.49 0.00 378.36 328.49 378.60 381.51 0.00 375.71 287.31 326.23 377.11 375.34 376.46 308.26 91.20 284.30 98.17 83.88
370.77 152.28 139.58 81.26 80.40 88.26 91.06 88.95 81.34 89.70 84.56 126.01 143.66 277.71 157.09 145.19 362.34 84.94 97.17 375.40 102.77 381.54 125.16 90.93-9999.00-9999.00-9999.00-9999.00-9999.00-9999.00-9999.00-9999.00-9999.00-9999.00-9999.00-9999.00-9999.00-9999.00-9999.00-9999.00-9999.00-9999.00-9999.00-9999.00-9999.00 -9999.00-9999.00-9999.00-9999.00-9999.00-9999.00-9999.00-9999.00-9999.00-9999.00-9999.00-9999.00-9999.00-9999.00-9999.00-9999.00-9999.00-9999.00-9999.00-9999.00-9999.00-9999.00-9999.00-9999.00-9999.00-9999.00-9999.00-9999.00-9999.00-9999.00-9999.00-9999.00-9999.00 100.81 245.61 377.73 199.92 381.55 379.99 376.11 376.36 375.43 212.49 375.29 297.51 0.00 326.64 0.00 375.16 375.16 104.98 100.70 124.64 109.87 94.07 103.12 118.49 144.11 100.70 382.49 376.57 154.44 92.78 359.77 93.40 376.26 363.62 97.23 130.78
376.15 382.75 376.32 379.73 83.29 85.61 380.15 382.51 402.52 380.09 80.46 89.79 107.26 99.38 81.62 89.63 387.41 93.40 226.70 86.86 377.93 259.43 415.07 95.54 0.00 0.00 384.18 99.22 162.04-9999.00-9999.00-9999.00-9999.00-9999.00-9999.00-9999.00-9999.00-9999.00-9999.00-9999.00-9999.00-9999.00-9999.00-9999.00-9999.00-9999.00-9999.00-9999.00-9999.00-9999.00-9999.00-9999.00 -9999.00-9999.00-9999.00-9999.00-9999.00-9999.00-9999.00-9999.00-9999.00-9999.00-9999.00-9999.00-9999.00-9999.00-9999.00-9999.00-9999.00-9999.00-9999.00-9999.00-9999.00-9999.00-9999.00-9999.00-9999.00-9999.00-9999.00-9999.00-9999.00-9999.00-9999.00-9999.00-9999.00-9999.00-9999.00-9999.00-9999.00 289.93 369.10 375.00 375.39 374.22 352.46 375.27 375.27 375.14 0.00 297.51 334.35 292.99 0.00 360.74 297.52 376.75 375.02 297.52 297.51 297.52 376.84 377.00 297.52 375.38 0.00 355.02 105.01 105.01 116.59 382.39
0.00 297.51 297.51 297.51 378.55 0.00 360.59 375.00 297.51 0.00 0.00 0.00 0.00 375.00 297.51 375.00 297.51 320.79 0.00 0.00 375.78 378.05 183.78 375.51 282.15 375.32 369.46 142.40 375.18 319.62 169.27 377.71 172.71 83.11 176.25 80.56 155.30 146.26 90.47 102.96 257.54 374.68 376.50 106.45 376.65 185.69 100.27 89.18 370.71 377.07 90.59 383.53 85.06 196.30 81.34 376.60 87.21 377.03 93.70 377.72 91.55
300.80 0.00 375.00 0.00 375.44 297.51 0.00 297.51 375.52 375.18 297.52 297.51 376.04 375.00 331.13 375.00 0.00 0.00 297.52 297.52 0.00 378.05 375.55 230.64 375.41 298.83 134.41 156.68 375.48 106.01 375.28 375.34 377.67 86.53 84.56 379.21 308.39 145.04 84.10 0.00 88.75 145.93 89.18 180.00 84.56 82.33 414.72 102.41 379.97 88.75 94.78 0.00 387.06 158.26 89.18 102.02 90.59 182.86 105.73 84.51 0.00
