蒙特卡罗+CDRMV3/输出数据/2D水深分布/WaterDepthGIS_0162.ASC
ncols         539            
nrows         744            
xllcorner     602630.84259341
yllcorner     3914823.670891 
cellsize      50             
NODATA_value  -9999.00       
[rows 0 to 26 of 32, columns 305 to 365 of 539]
86.99 78.48 80.84 80.01 72.98 129.52 73.30 72.52 129.59 77.56 0.00 76.09 80.25 177.67 118.93 206.49 167.10 73.82-9999.00-9999.00-9999.00-9999.00-9999.00-9999.00-9999.00-9999.00-9999.00-9999.00-9999.00-9999.00 -9999.00-9999.00-9999.00-9999.00-9999.00-9999.00-9999.00-9999.00-9999.00-9999.00-9999.00-9999.00 85.22 72.80 259.42 83.91 137.03 0.00 76.52 359.47 87.81 152.34 98.94-9999.00-9999.00-9999.00-9999.00-9999.00-9999.00-9999.00-9999.00-9999.00-9999.00-9999.00-9999.00-9999.00-9999.00-9999.00-9999.00-9999.00-9999.00-9999.00-9999.00-9999.00-9999.00-9999.00-9999.00-9999.00-9999.00-9999.00-9999.00-9999.00-9999.00-9999.00-9999.00-9999.00-9999.00-9999.00-9999.00-9999.00-9999.00-9999.00-9999.00-9999.00-9999.00-9999.00-9999.00-9999.00-9999.00-9999.00-9999.00-9999.00-9999.00-9999.00-9999.00-9999.00-9999.00-9999.00-9999.00-9999.00-9999.00-9999.00-9999.00-9999.00-9999.00-9999.00-9999.00-9999.00-9999.00-9999.00-9999.00-9999.00-9999.00-9999.00-9999.00-9999.00-9999.00-9999.00-9999.00-9999.00-9999.00-9999.00-9999.00-9999.00-9999.00-9999.00-9999.00-9999.00-9999.00-9999.00 123.30 289.02 161.47 144.48 81.97 80.34 380.48 134.77 220.70 375.63 232.68 123.92 74.68 83.26 74.68 0.00 377.33 163.05 83.10 148.37 378.10 72.88 80.30 75.49-9999.00-9999.00-9999.00-9999.00-9999.00-9999.00-9999.00-9999.00-9999.00-9999.00-9999.00 -9999.00-9999.00-9999.00-9999.00-9999.00-9999.00-9999.00-9999.00-9999.00-9999.00-9999.00-9999.00-9999.00 88.88 114.81 81.52 128.94 121.37 0.00
352.80 328.03 0.00 110.43 173.16 71.35 85.74-9999.00-9999.00-9999.00-9999.00-9999.00-9999.00-9999.00-9999.00-9999.00-9999.00-9999.00-9999.00-9999.00-9999.00-9999.00-9999.00-9999.00-9999.00-9999.00-9999.00-9999.00-9999.00-9999.00-9999.00-9999.00-9999.00-9999.00-9999.00-9999.00-9999.00-9999.00-9999.00-9999.00-9999.00-9999.00-9999.00-9999.00-9999.00-9999.00-9999.00 99.13 379.89 82.20 273.50 100.83-9999.00-9999.00 79.93 76.53 83.55 76.77 75.88 376.01 423.48 77.28 93.46 73.82 185.52 76.77 84.22 74.68 83.10-9999.00-9999.00-9999.00 74.68 163.12 73.04 139.13 73.54 76.30 72.62 382.51 81.70 0.00 0.00 0.00 77.28 73.45 374.06 377.33 143.65 74.15 74.04 87.73 368.07 380.14 133.35 125.21 72.88 72.98 78.16 0.00 76.30 81.66 152.89 76.09 376.41 172.81
139.92 72.88 72.52 80.84 75.49 0.00 120.85 72.98 73.16 378.52 0.00 85.03 92.18 0.00 367.86 85.03 89.52 95.60 79.93 144.01 76.30 80.77 161.00-9999.00-9999.00-9999.00-9999.00-9999.00-9999.00 -9999.00-9999.00-9999.00-9999.00-9999.00-9999.00-9999.00-9999.00-9999.00-9999.00-9999.00 72.33 124.89 81.98 72.23 378.91 378.53 0.00 273.51 110.26 143.92 71.95 79.04 75.93 380.39 122.50 377.62 73.89 378.09 89.27 75.66 170.69-9999.00-9999.00-9999.00-9999.00-9999.00-9999.00-9999.00 83.62 76.53 88.00 78.16 87.73 76.30 79.17-9999.00-9999.00-9999.00-9999.00-9999.00-9999.00 77.56 178.03 94.54 85.80 311.81 369.31 83.26 84.05 190.34
80.77 376.54 75.68 117.22 377.19 83.26 385.71 113.02 83.10 357.77 74.54 147.16 377.93 77.56 0.00 76.77 82.43 97.06 384.68 87.46 81.76 130.67 84.97 377.75 82.31 78.48 0.00 152.18 73.10 91.08 127.10 308.35 73.82 0.00 87.73 83.88 174.22 72.51 88.87 80.91 73.16 370.19 258.44 75.14 234.46 73.10 75.31 74.98 87.46 155.19 75.31 215.95 73.63 115.69 128.25 82.56 74.40 114.68 209.02 86.99 0.00
212.23 73.72 82.19 343.09 294.81 72.72 74.54 73.45 376.29 79.93 75.49 80.91 72.50 381.58 90.63 72.88 359.84 208.23 387.18 83.83 91.48 399.80 73.30 83.71 378.74 74.40 308.71 74.04 73.37 379.44 79.54 81.38 82.56 72.50 141.79 236.88 376.51 376.83 79.93 388.23 381.11 0.00 79.54 88.28 357.82 74.83 142.66 210.84 378.60 315.65 122.35-9999.00-9999.00-9999.00-9999.00-9999.00-9999.00-9999.00-9999.00-9999.00-9999.00 -9999.00-9999.00-9999.00-9999.00-9999.00-9999.00-9999.00-9999.00 375.91 90.59 73.54 86.00 375.73 376.98 75.40 79.54 92.10
374.31 0.00 111.58 81.22 74.83 382.32 92.18 248.49 165.53 81.56 115.93 88.28 192.91 82.96 81.56 80.91 72.71 136.61 172.32 379.84 379.47 380.56 379.98 0.00 0.00 0.00 0.00 93.38 359.54 107.80 0.00 90.10 271.30 81.70 91.04 106.55 335.98 80.34 359.65 78.48-9999.00-9999.00-9999.00-9999.00-9999.00-9999.00-9999.00-9999.00-9999.00 -9999.00-9999.00 81.10 75.15 78.67 89.27 261.78 365.33 73.71 80.60 79.54 379.74 110.40 77.89 123.09 314.28 78.98 78.44 71.11 113.93 0.00 75.93
114.16 72.58 216.11 0.00 355.61 187.27 136.61 73.30 78.81 377.63 73.23 80.49 72.53 154.56 217.36 82.69 81.06 129.75 81.06 128.69 74.27 118.75 72.84 131.68 72.57 133.36 0.00 103.54 146.08 379.53 375.23 359.30 104.47 357.59 99.13 378.44 73.93 95.41 73.45 87.10 379.27 395.39 74.40 91.48-9999.00-9999.00-9999.00-9999.00-9999.00-9999.00 -9999.00-9999.00-9999.00-9999.00-9999.00 83.91 144.66 235.75 386.97 378.22 73.38 130.58 376.02 260.80 80.84 75.93 77.89 379.50 72.44 0.00 72.13
74.04 0.00 117.10 159.07 72.88 82.19 72.66 380.07 114.79 75.31 126.35 72.66 110.30 384.77 92.18 178.26 73.37 81.06 73.54 110.89 377.48 76.53 0.00 0.00 227.38 83.83 378.03 376.73 230.89 114.14 93.16 114.30 98.91 97.23 94.79 85.92 378.80 377.87 327.96 156.83 78.16-9999.00-9999.00-9999.00-9999.00-9999.00-9999.00-9999.00 -9999.00-9999.00-9999.00-9999.00-9999.00-9999.00-9999.00 78.27 120.33 146.75 0.00 113.15 78.47 70.93 143.29 70.98 303.58 0.00 136.44 359.28 174.37 146.76 73.71 179.54 370.53 83.91
132.98 79.54 72.52 131.81 307.33 82.20 0.00 94.63 378.94 378.83 376.47 307.96 162.30 185.30 85.58 351.67 86.71 83.88 73.04 149.93 208.85 77.85-9999.00-9999.00-9999.00-9999.00-9999.00-9999.00-9999.00-9999.00-9999.00 -9999.00-9999.00-9999.00-9999.00-9999.00-9999.00-9999.00-9999.00-9999.00 72.44 137.33 0.00 85.22 78.59 73.89 0.00 111.05 70.97 80.84 80.72 73.38 72.23 394.28 126.40 85.25 71.79 107.73 373.87 117.63 72.44 0.00 111.73 72.13 370.00 149.01 71.58 128.06 72.23 118.84 109.02 0.00 0.00 157.36 71.64 380.71 407.61 386.20
0.00 82.67 327.27 375.35 72.13 73.22 316.56 380.95 113.71 78.27 74.69 123.27 234.18 115.64 0.00 253.69 204.85 70.93 71.26 125.75 75.66 80.72 307.23 111.86 88.37 83.28 82.84 90.13 75.93 178.30 140.49 376.31 82.67 96.42 85.25 93.18 90.13 82.84 74.07 188.89 206.78 376.18 306.68 71.26 0.00 380.59 382.53 380.47 72.50 86.96 81.30 86.96 72.59 126.26 375.79 75.68 0.00 143.97 73.93 74.68 82.19
115.74 382.22 73.38 83.03 127.13 76.52 203.28 377.20 85.74 125.52 74.27 267.67 124.08 71.01 124.86 88.37 0.00 179.48 114.07 74.27 89.22 77.56 81.30 125.05 82.82 73.45 111.53 205.49 0.00 74.15 83.88 85.58 99.06 80.34 379.43 88.00 86.99 83.40 87.73 91.08 375.91 81.76 72.53 160.58 80.98 75.14 132.07 266.99 75.88 183.23 0.00 312.82 188.75 141.31 75.49 133.48 80.71 146.50 79.17 113.44 377.73
125.41 79.54 0.00 85.37 82.82 238.13 77.28 322.42 81.22 84.78 80.30 74.98 74.98 410.18 82.20 74.15 117.92 0.00 328.00 110.63 73.16 80.43 72.58 74.68 179.21 283.33 82.82 81.21 132.09 118.42 379.52 77.56 378.08 211.24 86.32 379.10 378.73 316.33 210.84 191.70 0.00 387.34 383.52 382.68 362.73 365.96 106.18 376.03 379.84 380.47 375.34 375.45 86.97 90.18 94.72 85.31 236.53 119.39 73.23 154.07 83.88
375.85 378.20 209.84 121.85 376.63 128.15 376.11 374.72 379.20 260.62 87.69 346.09 151.11 193.21 378.80 376.30 150.13 133.64 73.45-9999.00-9999.00-9999.00-9999.00-9999.00-9999.00-9999.00-9999.00-9999.00-9999.00-9999.00-9999.00-9999.00 -9999.00-9999.00-9999.00-9999.00-9999.00-9999.00-9999.00-9999.00-9999.00 81.24 78.18 302.21 72.80 380.27 376.51 75.15 378.91 71.02 129.32 74.27 0.00 378.57 0.00 250.63 122.05 73.38 84.40 127.24 160.05 0.00 164.17 72.13 80.97 168.11 382.63 138.77 139.41 73.08 70.93 0.00 375.99 161.02 110.40 77.89 72.04 379.40 377.30 82.66 70.93 381.20
75.93 78.35 79.23 93.43 90.16 78.89 0.00 118.37 77.89 86.57 134.77 77.17 71.58 127.72 165.06 257.48 0.00 79.54 72.13 124.86 0.00 71.22 78.55 71.11 79.23 80.52 75.90 84.27 70.99 72.88 133.07 80.21 73.54 82.19 84.97 86.99 0.00 0.00 0.00 280.60 82.89 79.62 376.05 375.97 130.67 350.25 376.72 85.51 83.55 118.94 378.53 164.92 72.58 76.53 180.75 377.14 344.59 83.83 74.40 373.92 85.80
383.68 140.41 82.82 75.49 195.41 369.58 83.26 375.76 0.00 0.00 226.97 376.80 83.87 102.87 75.36 82.95 127.96 123.11 73.93 87.73 81.21 340.89 82.43 376.11 78.81 75.14 379.44 118.95 84.59-9999.00-9999.00-9999.00-9999.00-9999.00-9999.00-9999.00-9999.00-9999.00-9999.00-9999.00-9999.00-9999.00-9999.00 -9999.00-9999.00-9999.00-9999.00-9999.00-9999.00-9999.00-9999.00-9999.00-9999.00-9999.00-9999.00-9999.00-9999.00-9999.00 88.37 85.25 357.02 98.18 90.59 86.72 269.85 376.18 378.86 0.00 111.18 71.51 70.96 108.07 344.29 79.78 73.22 108.63 173.82 0.00 126.13 80.00 78.47 71.05 150.52 0.00 178.26 71.14 82.84 71.30 0.00
181.64 82.67 79.87 111.37 74.83 278.32 95.07 90.24 92.18 91.48 73.93 382.38 79.54 377.03 266.88 75.14 79.54 75.14 347.61 242.37 117.50 74.27 114.79 376.94 86.96 382.76 343.88 127.64 141.46 77.56 86.71 80.25 72.51 74.04 153.26 388.52 80.34 73.63 72.53 153.99 0.00 0.00 387.09 81.70 79.93 92.02 379.67 148.38 109.81 72.79 73.10 111.77 73.16 356.94 126.05 75.49-9999.00-9999.00-9999.00-9999.00-9999.00-9999.00-9999.00-9999.00-9999.00-9999.00-9999.00-9999.00-9999.00-9999.00-9999.00-9999.00-9999.00-9999.00 -9999.00-9999.00-9999.00-9999.00-9999.00-9999.00-9999.00-9999.00-9999.00-9999.00-9999.00-9999.00-9999.00-9999.00-9999.00-9999.00-9999.00 81.00 81.53 93.99 112.05
377.57 97.54 80.56 0.00 0.00 0.00 97.18 307.45 88.59 158.54 76.21 378.97 375.90 375.52 73.71 115.21 89.27 71.08 295.84 378.91 91.48 174.47 390.87 80.77 88.43 376.58 79.54 82.20 0.00 90.10 381.07 313.09 280.19 136.07 74.98 81.76 82.20 159.11 81.47 224.14 375.88 325.47 118.94 73.63 88.57 144.42 73.54 72.72 124.46 76.30 0.00 81.70 162.45 282.66 98.49 382.34 74.98 81.47 91.94 384.09 378.73
76.52 121.73 376.58 77.89 378.28 378.17 0.00 379.44 84.57 357.81 375.87 80.49 388.66 0.00 78.27 76.52 85.03 133.93 364.71 89.22 389.12 383.20 390.47 384.48 379.65 114.53 80.54 82.56 78.16 381.21 75.14 352.30 73.16 79.83 85.80 247.02 75.88 74.15 124.60 292.66 376.93 102.91 85.03 80.59 73.45 107.80 0.00 0.00 361.25 338.81 321.46 229.66 122.18 72.98 80.10 121.46 84.22 72.54 111.36 88.00-9999.00-9999.00-9999.00-9999.00-9999.00-9999.00-9999.00-9999.00-9999.00-9999.00-9999.00-9999.00-9999.00-9999.00-9999.00-9999.00-9999.00-9999.00-9999.00-9999.00 -9999.00-9999.00-9999.00-9999.00-9999.00-9999.00-9999.00-9999.00-9999.00-9999.00-9999.00-9999.00-9999.00-9999.00-9999.00-9999.00-9999.00-9999.00-9999.00-9999.00
196.59 382.77 377.63 126.43 167.15 375.54 123.22 192.09 0.00 0.00 0.00 378.06 80.34 0.00 83.26 384.17 75.49 370.13 123.47 72.69 119.20 73.72 123.62 378.76 375.86 77.85 380.16 381.82 0.00 367.78 80.77 314.50 83.26 113.43 0.00 74.04 80.34 84.97 85.58 86.32 123.60 0.00 383.11 74.54 84.59 379.44 217.73 124.60 74.15-9999.00-9999.00-9999.00-9999.00-9999.00-9999.00-9999.00-9999.00-9999.00-9999.00-9999.00-9999.00-9999.00-9999.00-9999.00-9999.00-9999.00 -9999.00-9999.00-9999.00-9999.00-9999.00-9999.00-9999.00-9999.00-9999.00-9999.00-9999.00-9999.00-9999.00-9999.00-9999.00-9999.00-9999.00-9999.00-9999.00-9999.00-9999.00-9999.00-9999.00-9999.00-9999.00 88.15 71.79 178.10 341.59 76.84 420.89 119.18 75.40 72.68 129.34 87.16
81.22 73.93 110.93 362.84 136.76 74.15 72.69 124.28 376.89 0.00 367.44 125.57 80.74 84.97 81.76 81.21 88.00 0.00 114.71 73.93 82.69 375.75 178.11 73.93 74.98 164.16 353.70-9999.00-9999.00-9999.00-9999.00-9999.00-9999.00-9999.00-9999.00-9999.00-9999.00-9999.00-9999.00-9999.00-9999.00-9999.00-9999.00-9999.00-9999.00-9999.00 -9999.00-9999.00-9999.00-9999.00-9999.00-9999.00-9999.00-9999.00-9999.00-9999.00-9999.00-9999.00-9999.00-9999.00-9999.00-9999.00-9999.00-9999.00-9999.00-9999.00-9999.00-9999.00 85.22 85.25 149.20 377.13 91.07 73.38 91.07 81.52 81.98 121.11 73.54 0.00 0.00 0.00 299.37 0.00 149.51 104.97 90.54 121.75 86.28 88.15 150.19 88.37 164.22 87.48 226.40 92.63 87.48 79.10 76.52 393.42 376.33
381.29 378.22 345.39 284.31 87.95 362.55 119.79 73.72 82.20 0.00 74.27 84.40 122.27 85.37 115.99 84.05-9999.00-9999.00-9999.00-9999.00-9999.00-9999.00-9999.00-9999.00-9999.00-9999.00-9999.00-9999.00-9999.00-9999.00-9999.00-9999.00-9999.00-9999.00-9999.00-9999.00-9999.00-9999.00 -9999.00-9999.00-9999.00-9999.00-9999.00-9999.00-9999.00-9999.00-9999.00-9999.00-9999.00-9999.00-9999.00-9999.00-9999.00-9999.00-9999.00 75.40 167.65 80.49 73.89 86.86 80.00 72.56 168.64 121.64 130.25 381.78 0.00 0.00 123.88 71.40 72.23 368.83 74.27 132.13 371.64 377.14 0.00 357.41 95.53 354.40 375.81 104.97 380.31 145.37 86.72 92.73 343.73 378.68 353.90 127.13 83.28 78.27 77.17 99.11 97.54 110.10 376.12 0.00 382.44
384.56 0.00 72.55 78.16 134.16 85.58-9999.00-9999.00-9999.00-9999.00-9999.00-9999.00-9999.00-9999.00-9999.00-9999.00-9999.00-9999.00-9999.00-9999.00-9999.00-9999.00-9999.00-9999.00-9999.00-9999.00-9999.00-9999.00-9999.00-9999.00 -9999.00-9999.00-9999.00-9999.00-9999.00-9999.00-9999.00-9999.00-9999.00-9999.00-9999.00-9999.00-9999.00-9999.00-9999.00-9999.00-9999.00-9999.00-9999.00 83.03 85.25 87.51 381.94 155.94 90.35 87.81 74.91 74.91 120.84 351.32 77.89 384.30 71.87 73.54 75.66 113.24 380.01 0.00 0.00 266.99 376.72 395.35 372.19 375.39 256.42 377.11 203.37 110.36 379.09 376.27 347.96 381.27 80.49 91.07 75.66 79.54 91.50 375.11 375.65 376.19 376.58 136.98 129.82 0.00 376.51 364.80 375.73 361.55 179.19 375.79 378.29 386.60 179.19
297.12 404.50 96.74 202.38 129.82 377.23 375.56 263.31 326.75 379.61 0.00 0.00 385.05 376.86 326.83 378.61 379.37 0.00 318.44 381.07 183.89 387.85 266.99 134.84 375.13 184.80 91.56 132.27 87.81 73.22 73.71 81.26 78.39 128.03 71.45 379.44 0.00 99.06 382.44 380.15 381.02 73.30 80.34 81.06 74.40 73.45 111.58 379.23 365.28 72.61 126.70 122.28 175.61 73.82 134.32 85.37 79.54 346.06 117.95 82.43-9999.00-9999.00-9999.00-9999.00-9999.00-9999.00-9999.00-9999.00-9999.00-9999.00-9999.00-9999.00-9999.00-9999.00-9999.00-9999.00-9999.00-9999.00-9999.00-9999.00-9999.00-9999.00 -9999.00-9999.00-9999.00-9999.00-9999.00-9999.00-9999.00-9999.00-9999.00-9999.00-9999.00-9999.00-9999.00-9999.00-9999.00-9999.00-9999.00-9999.00-9999.00-9999.00-9999.00-9999.00-9999.00-9999.00-9999.00-9999.00-9999.00-9999.00-9999.00-9999.00-9999.00
375.43 375.67 234.46 375.17 234.46 0.00 323.68 375.32 376.12 0.00 254.86 89.58 222.09 97.55 112.77 139.63 375.33 107.81 78.39 354.65 353.55 89.58 74.87 83.84 83.05 94.76 115.45 96.59 111.78 122.28 378.61 376.13 376.46 155.24 294.37 277.64 376.15 376.15 376.15 0.00 0.00 0.00 328.62 376.52 312.65 0.00 357.05 269.34 377.01 361.90 184.00 222.03 375.64 132.47 371.04 381.37 372.11 83.70 360.94 379.85 87.71
379.79 384.00 77.47-9999.00-9999.00-9999.00-9999.00-9999.00-9999.00-9999.00-9999.00-9999.00-9999.00-9999.00-9999.00-9999.00-9999.00-9999.00-9999.00-9999.00-9999.00-9999.00-9999.00-9999.00-9999.00-9999.00 -9999.00-9999.00-9999.00-9999.00-9999.00-9999.00-9999.00-9999.00-9999.00-9999.00-9999.00-9999.00-9999.00-9999.00-9999.00-9999.00-9999.00-9999.00-9999.00-9999.00-9999.00-9999.00-9999.00-9999.00-9999.00-9999.00-9999.00-9999.00-9999.00-9999.00-9999.00-9999.00-9999.00-9999.00-9999.00-9999.00 125.06 376.46 375.08 373.06 377.34 375.90 375.94 377.51 377.53 377.83 294.37 294.37 0.00 0.00 312.65 375.00 382.62 375.91 297.67 297.67 375.00 377.31 297.68 376.10 297.68 0.00 348.25 87.59 87.73 81.81 82.79 88.44 91.63 77.04 187.75 214.85 108.97 77.99 386.92 77.99 97.46 102.10 81.27 85.04 368.95 107.62 86.36 0.00 383.68 282.13 375.90 80.67 383.23 172.10 0.00 376.43 376.21
375.21 226.56 0.00 382.52 375.22 215.67 375.37 375.33 312.88 155.24 373.01 315.36 361.52 117.04 86.57 81.11 82.06 80.10 71.71 79.79 97.42 94.35 80.22 375.66 83.70 379.96 78.82 85.57 96.16 83.19 72.49 119.04 92.59 378.26 75.12 72.01 74.18 379.12 71.71 113.92 94.37 369.63 93.28-9999.00-9999.00-9999.00-9999.00-9999.00-9999.00-9999.00-9999.00-9999.00-9999.00-9999.00-9999.00-9999.00-9999.00-9999.00-9999.00-9999.00-9999.00-9999.00-9999.00 -9999.00-9999.00-9999.00-9999.00-9999.00-9999.00-9999.00-9999.00-9999.00-9999.00-9999.00-9999.00-9999.00-9999.00-9999.00-9999.00-9999.00-9999.00-9999.00-9999.00-9999.00-9999.00-9999.00-9999.00-9999.00-9999.00-9999.00-9999.00-9999.00-9999.00-9999.00-9999.00-9999.00-9999.00-9999.00-9999.00-9999.00-9999.00-9999.00-9999.00-9999.00-9999.00-9999.00-9999.00-9999.00-9999.00-9999.00 375.62 294.37 0.00 375.27 269.34 375.34 312.65 379.89 0.00 375.00 294.37 375.52 351.23 269.34 375.00 375.00 378.81
294.37 294.37 0.00 294.37 0.00 0.00 294.37 375.13 377.62 375.43 375.25 235.25 324.19 192.56 376.26 375.45 180.06 122.28 201.56 179.94 88.95 397.25 357.32 292.50 77.67 78.82 0.00 78.39 87.02 74.40 91.42 120.58 381.65 78.82 194.72 197.59 83.05 369.93 387.95 383.39 171.77 85.07 85.07 90.25 91.42 380.64 76.99 336.83 407.83 368.70 127.52 85.29-9999.00-9999.00-9999.00-9999.00-9999.00-9999.00-9999.00-9999.00-9999.00-9999.00-9999.00-9999.00-9999.00-9999.00-9999.00-9999.00-9999.00-9999.00 -9999.00-9999.00-9999.00-9999.00-9999.00-9999.00-9999.00-9999.00-9999.00-9999.00-9999.00-9999.00-9999.00-9999.00-9999.00-9999.00-9999.00-9999.00-9999.00-9999.00-9999.00-9999.00-9999.00-9999.00-9999.00-9999.00-9999.00-9999.00-9999.00-9999.00-9999.00-9999.00-9999.00-9999.00-9999.00-9999.00-9999.00-9999.00-9999.00-9999.00-9999.00-9999.00-9999.00-9999.00-9999.00-9999.00-9999.00-9999.00-9999.00-9999.00-9999.00-9999.00-9999.00 375.59 0.00 294.37 375.71 221.97 367.15 274.46 312.65
