蒙特卡罗+CDRMV3/输出数据/2D水深分布/WaterDepthGIS_0151.ASC
ncols         539            
nrows         744            
xllcorner     602630.84259341
yllcorner     3914823.670891 
cellsize      50             
NODATA_value  -9999.00       
[rows 0 to 26 of 32, columns 366 to 426 of 539]
143.15 201.78 148.68 90.81-9999.00-9999.00-9999.00-9999.00-9999.00-9999.00-9999.00-9999.00-9999.00-9999.00-9999.00-9999.00-9999.00-9999.00-9999.00-9999.00-9999.00-9999.00-9999.00-9999.00-9999.00-9999.00-9999.00-9999.00-9999.00-9999.00-9999.00-9999.00-9999.00-9999.00-9999.00-9999.00-9999.00-9999.00-9999.00-9999.00-9999.00-9999.00-9999.00-9999.00-9999.00-9999.00-9999.00-9999.00-9999.00-9999.00-9999.00-9999.00-9999.00-9999.00-9999.00-9999.00-9999.00-9999.00-9999.00-9999.00-9999.00 97.10 84.32 92.67-9999.00-9999.00-9999.00-9999.00-9999.00-9999.00-9999.00-9999.00-9999.00-9999.00-9999.00-9999.00-9999.00-9999.00-9999.00-9999.00-9999.00-9999.00-9999.00-9999.00-9999.00-9999.00-9999.00-9999.00-9999.00-9999.00 75.26 374.01 88.75 377.41 115.97 83.11 75.05 83.34 75.53 116.68 139.80 376.60 377.26 381.53 385.17 384.11 80.37 0.00 120.43 84.38 377.48 140.67 78.73 75.61 306.37 78.73-9999.00-9999.00-9999.00-9999.00-9999.00-9999.00-9999.00-9999.00-9999.00-9999.00 -9999.00-9999.00-9999.00-9999.00-9999.00-9999.00-9999.00-9999.00-9999.00-9999.00-9999.00-9999.00-9999.00-9999.00 82.69 86.78 84.44 88.05 251.37 0.00 0.00 115.78 84.96-9999.00-9999.00-9999.00-9999.00-9999.00-9999.00-9999.00-9999.00-9999.00-9999.00-9999.00-9999.00-9999.00-9999.00-9999.00-9999.00-9999.00-9999.00-9999.00-9999.00-9999.00-9999.00-9999.00-9999.00-9999.00-9999.00-9999.00-9999.00-9999.00-9999.00-9999.00-9999.00-9999.00-9999.00-9999.00-9999.00-9999.00-9999.00-9999.00-9999.00-9999.00-9999.00-9999.00-9999.00-9999.00-9999.00-9999.00-9999.00-9999.00-9999.00-9999.00-9999.00-9999.00-9999.00-9999.00-9999.00-9999.00 95.09 378.64 79.22-9999.00-9999.00-9999.00-9999.00-9999.00-9999.00-9999.00-9999.00-9999.00-9999.00-9999.00-9999.00-9999.00-9999.00-9999.00-9999.00-9999.00-9999.00-9999.00-9999.00-9999.00-9999.00-9999.00-9999.00-9999.00-9999.00 84.69 205.16 85.69 377.32 240.08 74.97 296.43 76.43 88.98 75.15 115.76 376.60 374.43 383.90 81.03
299.39 158.49 83.47 87.31 81.03 81.03 126.92 0.00 85.32 86.40 0.00 379.00 284.56 368.62 169.38 86.97 126.42 90.00-9999.00-9999.00-9999.00 -9999.00-9999.00-9999.00-9999.00-9999.00-9999.00-9999.00-9999.00-9999.00-9999.00-9999.00-9999.00-9999.00-9999.00 75.16 130.60 315.97 77.29 77.70 0.00 135.82 75.25 88.05 85.71 94.48 103.56-9999.00-9999.00-9999.00-9999.00-9999.00-9999.00-9999.00-9999.00-9999.00-9999.00-9999.00-9999.00-9999.00-9999.00-9999.00-9999.00-9999.00-9999.00-9999.00-9999.00-9999.00-9999.00-9999.00-9999.00-9999.00-9999.00-9999.00-9999.00-9999.00-9999.00-9999.00-9999.00-9999.00-9999.00-9999.00-9999.00-9999.00 88.53 77.31 352.55 91.55 80.70 81.75 374.62-9999.00 85.69 115.85 124.27 78.27 336.18 308.75 0.00 91.05 279.83 85.32 376.65 83.39 79.22 81.75 376.60 77.67-9999.00-9999.00 82.79 83.34 76.08 317.44 288.00 129.77 114.25
90.88 91.90 113.47 341.46 383.21 381.95 295.56 129.87 80.07 80.37 129.61 178.75 77.67 144.89 381.27 0.00 84.32 144.35 92.67 75.20 188.28 75.26 76.43 381.00 77.31 371.29 114.56 88.31 75.20 113.39 376.24 376.38 75.53 85.04 95.32 74.77 272.29 378.14 75.88 75.98 388.68 383.12 0.00 0.00 0.00 124.41 75.61 143.20 74.71 74.90 75.26 84.59 78.73 75.01 75.46 74.97 82.65 76.69 75.32 0.00 141.76
76.99 229.46 378.94 82.14 193.81 76.19 228.73 74.97 117.73 79.77 168.99 346.94 358.89 76.43 83.47 81.75 0.00 0.00 97.18 97.53 86.40 88.71 99.09 89.73 252.43 90.28 78.97-9999.00-9999.00-9999.00-9999.00-9999.00-9999.00-9999.00-9999.00 -9999.00-9999.00-9999.00-9999.00-9999.00-9999.00-9999.00-9999.00-9999.00-9999.00-9999.00-9999.00 91.19 247.54 163.36 74.67 113.23 76.29 74.86 0.00 76.15 114.43 77.91 0.00 93.11 285.89 397.36 75.65 379.82 81.47 79.16 86.05 87.18 99.35 94.01 81.09 175.35 255.15 101.45 92.12 88.05 86.97 131.54 383.58 78.27
83.38 75.44 117.17 0.00 285.69 129.66 75.34 88.53 76.01 83.97 88.53 79.75 80.06 180.97 93.15 379.44 83.38 363.02 86.59 75.89 379.30 162.52 79.75 89.30 90.33 293.79 79.16 338.36 0.00 339.09 81.39 193.37 100.43 104.72 75.46 375.66 375.86 90.58 75.01 131.67 0.00 75.39 85.55 126.65 0.00 121.92 250.78 79.77 75.88 376.92 86.97 77.15 133.29 86.45 82.60 376.62 0.00 75.05 86.61 124.16 113.21
82.97 83.56 318.53 126.65 83.60 74.48 354.80 379.93 75.16 379.13 77.29 74.44 0.00 124.97 358.92 377.65 77.91 74.67 82.58 85.40 74.79 0.00 140.65 76.15 241.68 77.29 76.08 376.24 94.86 77.49 117.62 379.09 385.99 0.00 79.22 84.81 82.50 76.84 0.00 113.28 84.81 76.56 378.20 78.73 75.88 114.02 379.95 380.29 76.84 0.00 90.00 83.68 78.97 129.59 76.99 0.00 132.05 129.26 75.98 75.26 84.59
355.00 87.60 376.64 267.02 146.83 75.77 114.91 83.86 74.48 111.88 0.00 168.49 81.86 86.05 88.53 120.47 86.22 377.24 92.68 84.96 0.00 142.58 74.34 85.25 99.96 94.01 302.27 94.48 87.46 75.61 172.08 376.08 76.99 77.86 131.33 74.81 0.00 143.00 75.10 82.40 114.45 227.23 377.08 124.05 77.31 76.19 126.34 83.05 87.13 0.00 87.89 83.92 89.47 115.99 0.00 87.56 380.97 375.52 339.77 115.62 75.98
83.86 75.00 378.77 84.44 119.62 0.00 74.79 74.22 75.16 196.86 380.72 77.29 129.93 83.21 78.38 0.00 81.47 383.01 74.73 77.10 74.73 82.70 89.87 80.73 86.78 74.67 116.51 372.28 190.20 84.59 133.43 79.49 117.17 0.00 74.75 304.06 267.15 75.61 86.78 91.21 83.00 133.30 76.69 121.17 137.18 0.00 75.05 95.09 0.00 74.81 83.16 75.53 75.98 207.15 75.32 80.70 353.73 76.43 115.65 336.05 362.06
209.68 76.59 86.78 75.08 142.51 220.42 339.62 376.96 377.41 377.79 377.42 0.00 143.44 77.67 173.48 88.53 83.40 382.17 82.14 74.79 113.51 290.33 377.77 334.18 0.00 348.41 116.92 78.97 88.31 312.19 376.81 87.56 83.39 136.52 245.48 382.35 143.41 384.48 75.78 77.86 75.05 0.00 373.81 372.32 118.04 75.10 74.93 214.75 376.34 84.38 76.08 375.86 0.00 141.15 113.46 81.39 82.83 75.26 0.00 120.34 76.31
99.30 90.88 228.06 178.88 163.89 75.78 87.13 80.70 100.48 228.79 83.27 76.43 75.01 377.22 85.32 0.00 376.59 81.39 82.54 379.09 0.00 357.05 90.28 83.76 85.29 118.58 82.60 80.70 131.64 131.29 76.31 371.36 77.31 121.92 328.10 136.27 88.17 0.00 0.00 78.49 239.21 87.50 82.68 77.15 0.00 0.00 380.24 189.33 379.52 375.45 365.89 311.31 270.96 125.14 76.43 377.58 75.78 88.98 76.08 378.48 78.73
121.96 85.16 85.69 88.75 85.42 86.45 80.70 88.82 80.70 129.83 361.57 207.75 236.44 0.00 0.00 109.33 376.87 332.60 381.03 379.03 243.96 0.00 93.99 0.00 83.39 80.07 127.50 114.27 84.81 182.91 366.59 156.18 128.86 88.17-9999.00-9999.00-9999.00-9999.00-9999.00-9999.00-9999.00-9999.00-9999.00 -9999.00-9999.00-9999.00-9999.00-9999.00-9999.00-9999.00-9999.00-9999.00-9999.00 74.86 246.38 0.00 75.44 82.07 79.16 82.41 76.29 0.00 113.94 85.40 76.29 127.26 83.56 76.43 0.00 74.52 303.76 120.49 80.06 80.39 382.50 129.92 80.06 89.58 236.09
103.33-9999.00-9999.00-9999.00-9999.00-9999.00-9999.00-9999.00-9999.00-9999.00-9999.00 -9999.00-9999.00-9999.00-9999.00-9999.00-9999.00-9999.00-9999.00-9999.00 75.77 113.79 396.60 0.00 76.29 76.43 0.00 79.16 84.31 77.29 120.90 118.18 74.62 113.44 364.50 0.00 178.46 86.24 87.38 75.89 231.41 384.83 75.25 79.75 86.40 146.26 380.70 78.14 75.54 112.17 375.50 0.00 157.31 140.44 78.38 75.25 375.71 75.89 75.44 381.37 75.54 378.38 74.25 123.23 74.25 0.00 132.01 74.19 86.97 88.05 82.76 83.60 237.47 303.62 87.18 80.07 142.87 375.38 0.00
355.06 75.00 74.42 112.05 0.00 92.27 140.84 140.01 92.27 132.50 82.83 74.37 385.66 0.00 0.00 377.41 142.53 77.31 363.15 252.66 86.93 76.69 143.40 175.99 341.62 0.00 78.06 75.69 384.85 239.37 375.81 340.61 187.72 377.39 76.99 84.81 84.32 0.00 0.00 0.00 0.00 0.00 0.00 0.00 92.93 262.38 80.07 382.89 182.83 90.58 83.85 379.01 378.38 0.00 83.85 278.95 377.65 377.03 390.66 301.50 376.22
127.01 363.46 381.82 78.06 77.49 78.49 115.05 339.77 383.23 0.00 209.74 376.22 137.14 377.75 252.31 375.65 371.38 175.86 81.69 126.26 194.50 115.44 0.00 81.75 326.64 141.65 78.27 378.26 149.97 78.97-9999.00-9999.00-9999.00-9999.00-9999.00-9999.00-9999.00-9999.00-9999.00-9999.00-9999.00-9999.00-9999.00-9999.00 -9999.00-9999.00-9999.00-9999.00-9999.00-9999.00-9999.00-9999.00-9999.00-9999.00-9999.00 91.15 85.67 90.17 82.27 377.77 80.73 377.27 79.75 81.71 83.29 199.30 379.97 0.00 0.00 0.00 79.45 75.65 122.85 0.00 0.00 0.00 78.14 0.00 88.81 128.04 299.89 83.13 74.25 278.59 0.00
93.11 162.91 79.75 377.07 76.01 84.44 74.27 124.88 267.29 116.23 80.06 0.00 327.18 74.29 90.17 89.83 85.40 88.05 81.47 377.22 74.34 150.38 376.42 180.54 0.00 0.00 0.00 378.25 311.52 379.33 90.24 375.39 384.18 383.18 140.46 86.40 91.21 80.07 85.29 77.67 79.49 377.12 77.67 74.74 75.53 138.09 370.88 90.24 80.70 78.97 150.26 93.99 86.40 133.39 213.17 378.97 126.55 88.53 104.72 86.78 85.69
377.62 378.60 378.81 81.86 0.00 76.15 191.03 74.37 75.54 138.94 369.35 75.65 151.18 206.54 136.92 117.75 77.10 0.00 141.89 76.29 78.63 0.00 0.00 75.65 84.31 346.36 76.59 94.48 84.82 79.16 85.55 82.70 83.97 75.44 377.67 0.00 390.61 310.46 76.15 81.09 187.55 85.55 86.84 204.68 414.39 0.00 82.27 375.59 120.55 134.00 86.22 376.76 75.00 75.34 91.55 85.04 81.03 80.70 90.58 81.39 77.15
376.10 376.70 369.88 197.59 115.84-9999.00-9999.00-9999.00-9999.00-9999.00-9999.00-9999.00-9999.00-9999.00-9999.00-9999.00-9999.00-9999.00-9999.00-9999.00-9999.00-9999.00-9999.00-9999.00-9999.00 -9999.00-9999.00-9999.00-9999.00-9999.00-9999.00-9999.00-9999.00-9999.00-9999.00-9999.00-9999.00-9999.00-9999.00-9999.00-9999.00-9999.00-9999.00-9999.00 98.66 84.59 94.01 84.09 133.18 80.06 384.55 323.48 378.29 78.89 74.52 217.15 357.67 378.33 114.30 116.98 81.83 145.60 380.46 0.00 374.35 115.01 188.03 81.09 74.86 75.54 381.93 406.22 253.82 86.84 84.82 85.67 84.31 148.81 83.86 88.28 82.90 74.57 228.33 98.66 0.00 90.33 0.00 268.06 93.15 376.23 229.07 108.90 134.60 375.08 379.55 85.67 86.78 88.78 89.04
88.53 81.86 314.85 101.45 377.25 77.91 391.41 373.75 366.77 381.47 75.77 74.93 81.69 81.72 122.85 131.98 0.00 136.36 127.10 91.88 79.45 93.15 0.00 83.14 74.40 91.15 79.45 372.31 277.63 317.93 82.27 379.54 116.58 124.68 368.49 308.35 315.55 377.08 135.71 0.00 380.81 378.86 184.43 139.51 76.43 75.16 249.40 77.49 87.60 80.73 379.19 158.66 0.00 94.24 376.73 136.73 90.33 0.00 127.44 82.69 88.12
175.28 378.60 375.61 86.84 0.00 82.27 78.14 182.90 87.46 379.02 375.35 84.59 197.04 167.36 96.48 94.24 96.48 159.31 124.47 179.59 124.47 307.84 99.69 84.36 170.39 88.00 181.40 211.90 94.01 76.92 80.73 77.70 89.55 394.34 274.49 376.93 379.25 78.14 383.80 85.67 0.00 383.23 242.88 385.07 196.56 176.31 227.45 381.49 154.76 0.00 0.00 375.94 105.15 83.85 79.49 375.42 85.32 88.31 75.61 380.09 77.49
93.15 96.48 0.00 181.26 107.31 379.82 372.13 377.28 390.72 381.82 89.55 93.11 96.87 101.45 84.59 377.25 94.95 88.05 80.73 92.12 376.99 0.00 221.64 377.68 86.84 265.81 253.09 375.17 358.70 376.17 235.27 85.47 113.73 168.90 343.59 94.41 78.06 118.89 320.42 78.97 77.67 376.67 321.05 115.18 85.85 83.84 77.15 76.31 363.70 379.63 75.69 122.06 377.70 0.00 377.21 166.82 121.04 89.22 83.61 85.04 83.85
225.67 96.66 83.84 90.17 83.14 86.84 379.77 341.24 86.84 92.68 76.29 124.50 355.88 378.35 379.69 0.00 270.63 301.41 376.19 217.33 322.94 390.52 356.63 376.75 144.12 124.47 363.42 0.00 201.47 92.12 293.16 78.27 325.43 76.43 82.14 88.75 76.56 132.07 310.76 380.87 77.67 380.16 76.69 0.00 377.63 122.60 383.40 75.88 146.76 152.43 327.18 75.78 354.07 75.88 96.23 0.00 338.04 116.18 78.49 93.95 88.53
358.97 203.06 380.90 255.52 0.00 242.88 203.06 199.25 375.28 0.00 324.16 372.78 0.00 144.12 110.75 98.97 377.28 212.90 106.56 279.20 377.91 76.56 77.15 376.01 81.75 375.90 80.07 359.83 0.00 82.14 93.95 86.93 74.94 82.63 86.19 172.31 83.76 78.06 289.83 128.17 77.31 89.22 120.85 382.26 137.11 75.78 86.95 86.61-9999.00-9999.00-9999.00-9999.00-9999.00-9999.00-9999.00-9999.00-9999.00-9999.00-9999.00-9999.00-9999.00-9999.00-9999.00-9999.00-9999.00-9999.00-9999.00-9999.00-9999.00-9999.00-9999.00-9999.00 -9999.00-9999.00-9999.00-9999.00-9999.00-9999.00-9999.00-9999.00-9999.00-9999.00-9999.00-9999.00-9999.00-9999.00-9999.00-9999.00-9999.00-9999.00-9999.00-9999.00-9999.00 87.82 84.09 81.09 94.24 155.90 377.20 376.07 381.75 386.52 382.20 411.54 98.81
84.44 76.15 78.89 80.73 338.20 336.94 377.40 377.41 378.04 338.11 333.68 0.00 360.24 376.07 378.30 356.67 120.59 106.16 0.00 376.15 377.24 166.66 179.70 164.34 100.06 88.53 79.16 81.47 87.76 356.90 275.85 376.17 375.63 377.72 152.65 214.73 312.33 253.09 375.87 372.81 308.15 337.46 0.00 327.02 0.00 377.14 327.02 375.47 378.09 0.00 375.68 284.80 324.16 376.96 375.34 376.32 298.44 85.75 270.12 92.13 78.25
350.00 136.75 131.09 75.74 74.92 82.56 85.40 83.26 75.82 84.02 78.90 118.88 136.75 250.03 148.40 141.47 345.54 79.22 91.21 375.36 91.72 380.37 113.47 85.32-9999.00-9999.00-9999.00-9999.00-9999.00-9999.00-9999.00-9999.00-9999.00-9999.00-9999.00-9999.00-9999.00-9999.00-9999.00-9999.00-9999.00-9999.00-9999.00-9999.00-9999.00 -9999.00-9999.00-9999.00-9999.00-9999.00-9999.00-9999.00-9999.00-9999.00-9999.00-9999.00-9999.00-9999.00-9999.00-9999.00-9999.00-9999.00-9999.00-9999.00-9999.00-9999.00-9999.00-9999.00-9999.00-9999.00-9999.00-9999.00-9999.00-9999.00-9999.00-9999.00-9999.00-9999.00 90.52 226.20 377.56 181.26 381.84 380.24 376.16 376.42 375.42 206.98 375.28 295.95 0.00 325.08 0.00 375.01 371.47 93.37 90.01 111.34 97.35 88.37 91.94 105.04 129.87 90.01 381.82 375.89 145.33 87.12 348.68 87.73 375.80 349.41 88.43 119.41
375.98 381.72 376.15 378.95 77.68 79.93 379.42 381.70 399.91 379.51 74.98 84.10 101.07 93.29 76.08 83.94 386.88 87.73 205.32 81.16 378.11 243.09 413.66 89.74 0.00 0.00 382.81 93.14 153.75-9999.00-9999.00-9999.00-9999.00-9999.00-9999.00-9999.00-9999.00-9999.00-9999.00-9999.00-9999.00-9999.00-9999.00-9999.00-9999.00-9999.00-9999.00-9999.00-9999.00-9999.00-9999.00-9999.00 -9999.00-9999.00-9999.00-9999.00-9999.00-9999.00-9999.00-9999.00-9999.00-9999.00-9999.00-9999.00-9999.00-9999.00-9999.00-9999.00-9999.00-9999.00-9999.00-9999.00-9999.00-9999.00-9999.00-9999.00-9999.00-9999.00-9999.00-9999.00-9999.00-9999.00-9999.00-9999.00-9999.00-9999.00-9999.00-9999.00-9999.00 282.52 367.87 375.00 375.39 374.03 350.03 375.27 375.27 375.14 0.00 295.95 333.14 287.64 0.00 359.50 295.96 376.56 375.00 295.96 295.95 295.96 376.75 376.80 295.96 375.07 0.00 348.99 99.28 99.28 107.48 381.27
0.00 295.95 295.95 295.95 378.22 0.00 359.45 375.00 295.95 0.00 0.00 0.00 0.00 375.00 295.95 375.00 295.95 320.09 0.00 0.00 375.77 378.01 176.23 375.51 273.69 375.32 366.15 132.45 375.19 319.46 153.51 376.68 157.37 77.51 156.77 75.07 145.95 133.39 84.79 97.14 236.51 367.79 376.27 100.44 375.99 167.82 94.20 83.49 362.60 376.93 84.91 383.26 79.39 172.82 75.82 375.81 81.51 376.55 88.62 377.33 84.54
299.24 0.00 375.00 0.00 375.38 295.95 0.00 295.95 375.52 375.18 295.96 295.95 375.94 375.00 329.89 375.00 0.00 0.00 295.96 295.96 0.00 377.97 375.55 226.34 375.41 295.64 124.41 147.34 375.49 100.07 375.19 375.28 377.30 80.83 78.90 378.63 288.76 138.97 78.46 0.00 83.06 138.10 83.49 160.14 78.90 76.76 413.16 96.54 378.92 83.06 89.04 0.00 385.76 146.45 83.49 96.10 84.91 167.02 99.85 79.71 0.00
