蒙特卡罗+CDRMV3/输出数据/2D水深分布/WaterDepthGIS_0158.ASC
ncols         539            
nrows         744            
xllcorner     602630.84259341
yllcorner     3914823.670891 
cellsize      50             
NODATA_value  -9999.00       
[rows 0 to 26 of 32, columns 244 to 304 of 539]
0.00 79.31 81.97 88.36 76.58 76.05 78.41-9999.00-9999.00-9999.00-9999.00-9999.00-9999.00-9999.00-9999.00-9999.00-9999.00-9999.00-9999.00-9999.00 -9999.00-9999.00-9999.00-9999.00-9999.00-9999.00-9999.00-9999.00-9999.00 93.01 86.05 375.48 331.18 80.82 381.38 432.37 79.48 86.02 331.86 141.69 83.83-9999.00-9999.00-9999.00-9999.00-9999.00-9999.00-9999.00-9999.00-9999.00-9999.00-9999.00-9999.00-9999.00-9999.00-9999.00-9999.00-9999.00-9999.00-9999.00-9999.00-9999.00-9999.00-9999.00-9999.00-9999.00-9999.00-9999.00-9999.00-9999.00-9999.00-9999.00-9999.00-9999.00-9999.00-9999.00-9999.00-9999.00-9999.00-9999.00-9999.00-9999.00-9999.00-9999.00-9999.00-9999.00-9999.00-9999.00-9999.00-9999.00-9999.00-9999.00-9999.00-9999.00-9999.00-9999.00-9999.00-9999.00-9999.00-9999.00-9999.00-9999.00-9999.00-9999.00-9999.00-9999.00-9999.00-9999.00-9999.00-9999.00-9999.00-9999.00-9999.00-9999.00-9999.00-9999.00-9999.00-9999.00-9999.00-9999.00-9999.00-9999.00-9999.00-9999.00-9999.00-9999.00-9999.00-9999.00-9999.00-9999.00-9999.00 74.98 82.11 90.73 76.22 178.56 74.98 74.68 298.04 85.06 75.21 83.39 73.60 111.26 377.01 0.00 165.90 73.59 74.59 76.58 115.41 139.08 83.51-9999.00-9999.00-9999.00-9999.00-9999.00-9999.00-9999.00-9999.00-9999.00-9999.00-9999.00-9999.00 -9999.00-9999.00-9999.00-9999.00-9999.00-9999.00-9999.00-9999.00-9999.00 87.53 376.16 95.98 119.35 375.75 95.98 378.97 0.00 77.30 376.03 213.19 84.64 74.26-9999.00-9999.00-9999.00-9999.00-9999.00-9999.00-9999.00-9999.00-9999.00-9999.00-9999.00-9999.00-9999.00-9999.00-9999.00-9999.00-9999.00-9999.00-9999.00-9999.00-9999.00-9999.00-9999.00-9999.00-9999.00-9999.00-9999.00-9999.00-9999.00-9999.00-9999.00-9999.00-9999.00-9999.00-9999.00-9999.00-9999.00-9999.00-9999.00-9999.00-9999.00-9999.00-9999.00-9999.00-9999.00-9999.00-9999.00-9999.00-9999.00-9999.00-9999.00-9999.00-9999.00-9999.00-9999.00-9999.00-9999.00-9999.00-9999.00-9999.00-9999.00-9999.00-9999.00-9999.00-9999.00-9999.00-9999.00-9999.00-9999.00-9999.00-9999.00-9999.00-9999.00-9999.00-9999.00-9999.00-9999.00-9999.00-9999.00-9999.00-9999.00-9999.00-9999.00-9999.00-9999.00-9999.00-9999.00-9999.00 77.64 170.11 112.73 82.86 106.79
377.29 393.27 305.27 79.31 88.88-9999.00-9999.00-9999.00-9999.00-9999.00-9999.00-9999.00 77.64 82.96 75.74 82.18 81.53 378.94 158.62 378.59 76.39 136.06 377.71 87.63 91.89 374.05 88.61 381.38 73.92 77.89 364.18 75.09 73.66 74.34 73.80 74.34 275.66 0.00 376.27 134.92 74.77 113.56 73.97 351.41 143.63 192.28 77.18 82.49 115.16 376.17 373.52 377.03 0.00 76.39 84.45 0.00 97.97 95.26 80.72 78.41 87.63 360.97 87.47-9999.00-9999.00-9999.00 -9999.00-9999.00-9999.00-9999.00-9999.00-9999.00-9999.00-9999.00-9999.00-9999.00-9999.00-9999.00-9999.00-9999.00 80.78 79.68 119.70 84.71
83.39 173.98 75.74 154.19 82.90 358.63 78.70 182.74 382.07 75.60 382.64 76.05 380.83 168.29 74.20 90.39 84.44 75.09 75.09 382.89 90.06 79.98 0.00 121.29 84.45 85.40 76.39 85.23 74.27 380.47 74.77 143.10 81.85 90.39 82.67 83.17 77.64 73.73 378.58 114.13 74.98 81.97 84.74 115.32 130.16 81.15 73.73 280.72 75.74 75.33 74.42 0.00 360.05 81.11 120.79 115.51 116.39 75.46 171.18 113.40 117.40
0.00 0.00 0.00 0.00 143.62 139.65 73.97 84.29 93.74 75.74 86.34 73.84 377.94 0.00 377.02 0.00 93.49 91.34 178.73 108.17 93.43 377.86 75.74 228.13 336.13 85.60-9999.00-9999.00-9999.00-9999.00-9999.00-9999.00 -9999.00-9999.00-9999.00-9999.00-9999.00-9999.00-9999.00-9999.00-9999.00-9999.00-9999.00-9999.00 93.01 93.54 77.30 84.64 82.79 72.27 112.14 0.00 71.71 72.40 71.99 0.00 71.66 72.73 310.19 81.42 73.94 381.99 377.22 184.37 73.51-9999.00-9999.00-9999.00 77.30 80.35 272.66 85.07 76.70 142.94 388.15 94.68 87.18 137.13 106.79 377.34 377.47
80.78 75.21 83.12 81.42 73.65 80.27 93.01 81.31 91.26 380.30 77.96 311.54 380.16 81.31 378.96 76.16 153.05 72.73 378.41 72.73 311.55 113.63 0.00 379.11 78.70 94.24 149.82 95.85 137.35 116.56 264.82 89.15 73.84 281.72 0.00 75.21 91.89 122.10 0.00 379.65 112.27 76.77 75.09 376.25 77.41 80.72 112.80 377.53 379.36 91.34 0.00 74.02 88.36 84.29 142.12 122.18 73.92 116.47 0.00 365.21 268.84
84.85 81.30 79.91 371.95 289.03 76.43 78.69 154.25 79.08 0.00 362.83 129.64 75.33 87.40 127.58 73.62 375.76 372.17 74.02 75.21 379.69 0.00 73.92 73.54 365.33 0.00 111.50 85.02 84.90 141.59 84.29 73.76 377.80 116.44 75.46 191.24 126.00 0.00 112.37 76.77 74.20 112.81 0.00 74.50 85.23 87.63 292.70 75.33 86.54 76.05 78.70 134.49 200.61 385.30 183.72 157.27 79.98 86.54 83.06 81.11 83.39
75.91 81.54 76.70 82.05 132.97 311.23 82.33 77.63 0.00 109.66 127.57 75.21 76.70 382.86 75.01 87.08 74.59 116.43 382.07 143.63 125.72 74.14 176.51 0.00 0.00 117.71 73.59 73.92 73.73 140.11 379.03 74.34 73.76 111.28 360.44 376.49 80.34 0.00 73.67 85.95 74.14 0.00 252.43 73.88 75.21 373.88 135.38 75.33 79.63 141.19 222.32 378.53 192.80 0.00 385.58 379.12 378.16 383.05 130.98 85.60 76.05
375.15 378.34 72.83 82.48 73.03 0.00 84.71 73.79 381.42 381.78 190.88 73.26 83.12 94.59 76.70 72.14 155.55 76.05 116.80 84.44 87.86 81.11 112.57 0.00 382.01 74.50 85.76 133.32 85.23 82.86 82.11 74.34 111.61 151.34 174.38 0.00 73.92 78.99 0.00 174.00 112.10 75.46 77.41 86.82 88.88 86.75 131.64 73.76 115.52 174.52 367.48 0.00 73.80 115.92 82.86 83.28 82.49 85.02 164.18 84.59 81.10
79.28 79.48 76.77 379.33 379.97 0.00 377.14 372.25 379.87 375.89 74.27 81.11 327.77 73.84 255.10 75.33 174.49 76.22 0.00 348.22 74.87 165.51 83.63 378.16 74.27 87.40 75.74 138.52 325.92 377.72 75.09 116.80 83.28 76.22 116.87 0.00 74.42 77.89 179.46 73.80 89.44 375.88 118.31 75.90 246.57 94.68 0.00 111.98 73.97 85.95 74.02 118.94 0.00 123.92 87.86 73.73 76.05 242.13 0.00 87.47 84.02
86.14 117.06 74.42 123.15 186.71 90.73 76.22 117.20 0.00 125.76 115.34 84.74 85.76 153.21 126.37 0.00 298.08 116.48 77.89 205.88 82.04 83.17 73.88 196.06 377.25 380.07 151.57 76.77 139.80 0.00 0.00 0.00 324.89 236.81 74.98 148.99 74.08 130.23 376.64 0.00 391.98 387.82 136.11 80.81 206.15 115.03 73.97 82.58 82.41 120.52 356.04 210.12 75.33 335.84 356.38 375.79 75.74-9999.00-9999.00-9999.00-9999.00-9999.00-9999.00-9999.00-9999.00 -9999.00-9999.00-9999.00-9999.00-9999.00-9999.00-9999.00-9999.00-9999.00-9999.00 83.29 86.53 71.62
372.46 378.45 385.28 103.36 89.15 85.02 383.45 0.00 101.37 0.00 376.27 203.88 381.92 170.75 0.00 0.00 302.52 77.64 77.18 0.00 121.91 74.14 82.33 92.78 76.22 89.74 84.02 77.41 86.96-9999.00-9999.00-9999.00-9999.00-9999.00-9999.00-9999.00-9999.00-9999.00 -9999.00-9999.00-9999.00-9999.00-9999.00-9999.00-9999.00-9999.00-9999.00-9999.00 71.86 147.45 0.00 295.06 71.70 177.44 76.43 73.14 358.59 0.00 126.85 72.64 72.09 144.19 177.68 0.00 371.51 221.78 143.98 125.63 79.08 74.81 380.48 121.51 76.70 90.58 97.17 78.32 72.27 375.84 73.51
0.00 71.69 79.79 76.70 0.00 73.26 83.12 75.43 72.73 72.48 144.05 0.00 0.00 72.27 236.41 73.94 87.98 77.63 384.77 375.49 378.31 73.26 72.33 75.21 380.02 71.74 80.51 72.93 0.00 110.46 75.01 86.53 79.44 179.41 84.64 82.48 377.23 72.40 377.46 71.75 141.54 198.67 77.63 0.00 72.20 84.43 82.79 73.14 140.53 85.77 181.65 74.42 123.19 408.00 75.21 0.00 379.46 168.20 120.42 83.91 75.51
72.56 108.48 0.00 119.10 72.40 84.22 89.75 71.71 75.21 229.53 378.49 72.56 292.83 0.00 82.42 334.29 87.63 378.15 87.34 88.72 372.61 178.69 0.00 76.22 83.06 74.20 381.98 81.96 278.26 77.89 81.53 377.44 75.09 73.64 0.00 114.94 259.12 0.00 361.03 79.31 79.98 78.99 375.03 79.63 81.79 74.87 383.39 81.11 87.63 96.95 104.90 384.38 101.10 98.56 92.36 387.21 233.69 376.77 378.49 370.84 0.00
76.05 356.69 79.98 390.69 85.02 114.48 75.60 76.05 348.73 378.81 0.00 375.75 153.74 0.00 0.00 0.00 77.71 94.07 90.03 0.00 344.40 93.49 0.00 378.29 379.86 74.77 89.15 132.49 77.64 319.97 83.40-9999.00-9999.00-9999.00-9999.00-9999.00-9999.00-9999.00-9999.00-9999.00-9999.00-9999.00-9999.00-9999.00-9999.00 -9999.00-9999.00-9999.00-9999.00-9999.00-9999.00-9999.00-9999.00-9999.00-9999.00-9999.00 79.91 168.23 87.67 76.43 82.90 376.42 73.26 379.19 71.64 140.54 367.86 0.00 143.48 161.33 110.82 80.27 80.78 80.27 72.48 75.91 129.08 0.00 0.00 75.91 72.40 185.53 80.88 71.80 0.00
71.80 157.50 73.51 79.28 75.01 0.00 162.04 101.04 122.48 272.94 72.56 71.80 155.34 73.03 76.43 71.67 0.00 194.24 71.69 83.29 160.59 81.19 86.27 73.51 176.37 80.69 287.60 125.35 376.40 72.73 215.30 87.47 0.00 423.17 392.21 395.67 387.28 385.21 104.31 378.04 358.29 78.41 85.76 76.22 77.18 93.25 85.60 415.45 399.03 379.41 345.86 83.40 376.96 74.14 81.96 73.62 74.87 82.11 81.79 73.92 73.97
126.20 377.83 376.57 117.41 79.63 90.73-9999.00-9999.00-9999.00-9999.00-9999.00-9999.00-9999.00-9999.00-9999.00-9999.00-9999.00-9999.00-9999.00-9999.00-9999.00-9999.00-9999.00-9999.00 -9999.00-9999.00-9999.00-9999.00-9999.00-9999.00-9999.00-9999.00-9999.00-9999.00-9999.00-9999.00-9999.00-9999.00-9999.00-9999.00-9999.00 80.82 382.90 375.98 340.43 74.62 72.20 73.14 75.21 0.00 200.63 77.63 81.42 75.66 80.43 164.64 237.92 72.20 377.21 349.02 0.00 0.00 0.00 120.55 75.01 79.98 75.01 77.63 0.00 151.40 72.33 138.74 115.86 71.99 81.19 75.91 127.85 248.09 375.81 377.52 0.00 355.34 115.49 156.25 81.82 78.32 73.94 174.80 343.31 377.48 375.24 0.00 0.00 377.12 359.81
132.44 376.57 0.00 126.95 86.20 102.10 286.14 85.02 384.96 380.08 380.96 74.68 73.65 80.95 81.58 81.10 81.40 81.23 90.39-9999.00-9999.00-9999.00-9999.00-9999.00-9999.00-9999.00-9999.00-9999.00-9999.00-9999.00-9999.00-9999.00-9999.00-9999.00-9999.00-9999.00-9999.00-9999.00 -9999.00-9999.00-9999.00-9999.00-9999.00-9999.00-9999.00-9999.00-9999.00-9999.00-9999.00-9999.00-9999.00-9999.00-9999.00-9999.00-9999.00-9999.00 84.71 79.91 87.98 89.75 79.48 72.83 0.00 139.00 76.70 76.70 90.58 79.79 134.88 163.03 139.07 73.38 74.43 119.35 79.12 71.63 0.00 93.63 211.59 159.70 116.59 77.96 85.91 73.94 123.23 382.47 379.76 75.91 84.85 86.02 71.69 88.64 80.78 116.71 365.21 375.68 0.00
217.17 0.00 379.99 113.77 74.14 82.11 82.67 291.09 130.75 111.22 74.27 84.74 83.63 77.64-9999.00-9999.00-9999.00-9999.00-9999.00-9999.00-9999.00-9999.00-9999.00-9999.00-9999.00-9999.00-9999.00-9999.00-9999.00-9999.00-9999.00-9999.00-9999.00-9999.00-9999.00 -9999.00-9999.00-9999.00-9999.00-9999.00-9999.00-9999.00-9999.00-9999.00-9999.00-9999.00-9999.00-9999.00-9999.00-9999.00-9999.00-9999.00-9999.00-9999.00 80.35 128.91 380.26 413.33 315.26 140.83 88.30 326.86 88.99 341.24 108.86 79.36 73.51 108.54 354.76 379.20 0.00 216.64 72.83 79.16 83.65 74.81 115.23 0.00 119.72 73.03 72.64 189.34 123.59 197.49 142.12 90.16 378.35 73.03 74.62 369.17 138.79 93.63 374.30 119.87 0.00 343.68 73.38 73.04 84.03 98.45
380.97 379.85 352.83 73.73 178.05 78.70-9999.00-9999.00-9999.00-9999.00-9999.00-9999.00-9999.00-9999.00-9999.00-9999.00-9999.00-9999.00-9999.00-9999.00-9999.00-9999.00-9999.00 -9999.00-9999.00-9999.00-9999.00-9999.00-9999.00-9999.00-9999.00-9999.00-9999.00-9999.00-9999.00-9999.00-9999.00-9999.00-9999.00-9999.00-9999.00-9999.00-9999.00-9999.00-9999.00-9999.00-9999.00-9999.00 81.82 260.46 74.62 268.96 75.91 77.96 381.93 120.01 132.01 152.62 72.48 122.75 0.00 0.00 0.00 0.00 0.00 326.56 84.08 72.33 85.37 378.64 0.00 0.00 375.95 290.37 354.97 355.42 268.68 307.34 378.78 295.62 91.26 332.04 109.20 78.06 93.78 83.39 77.96 79.91 376.52 112.48 74.81 178.18 375.63 397.83 79.48 343.22 77.63 77.34 0.00 376.90 166.20 382.22
0.00 0.00 377.50 119.38 134.36 156.84 91.99 303.15 379.77 82.90 378.15 83.48 95.98 94.59 89.75 92.42 0.00 0.00 124.66 0.00 287.37 375.35 86.26 80.96 122.87 90.79 377.26 383.37 91.26 152.30 86.02 78.32 333.43 101.04 74.81 76.70 160.76 138.22 376.22 0.00 166.20 376.99 304.59 213.63 282.33 178.19 343.40 375.93 378.02 190.33 81.53 78.70 349.56 74.27 76.58 83.40 378.88 357.14 73.97 82.25 157.96
96.13 291.45 377.34 379.98 385.27 106.89 262.26 329.70 86.77 102.32 122.99 90.19 341.53 0.00 166.20 375.54 375.85 375.22 75.66 91.26 214.25 86.05 90.16 242.70 86.77 77.63 124.42 314.59 378.09 129.08 0.00 376.47 239.97 375.95 355.11 235.48 357.51 387.68 235.55 384.45 101.39 106.90 84.71 0.00 97.97 76.58 89.44 86.14 83.91 157.34 76.05 92.36 319.43 334.35 74.87 83.51 376.93 81.85 74.87 0.00 0.00
233.90 346.35 97.13 166.70 94.83 376.36 375.42 263.82 204.08 0.00 381.92 76.43 75.01 87.53 378.41 215.30 350.81 144.49 159.44 98.45 380.67 376.23 217.86 198.51 0.00 375.44 213.63 375.22 315.25 0.00 0.00 263.85 0.00 390.79 376.82 203.50 107.38 122.99 73.79 82.42 214.32 78.99 100.36 224.36 382.42 81.53 229.19 0.00 374.99 143.02 79.98 167.97 126.12 372.78 116.27 73.54 135.15 377.65 74.59 87.18 88.61
74.50 143.97 381.18 0.00 78.99 86.96 161.93 82.34 82.18 80.34 115.37 112.03 383.95 353.60 376.67 263.90 247.04 75.90 254.11 123.24 232.06 86.14 114.45 73.88 353.34 77.18-9999.00-9999.00-9999.00-9999.00-9999.00-9999.00-9999.00-9999.00-9999.00-9999.00-9999.00-9999.00-9999.00-9999.00-9999.00-9999.00-9999.00-9999.00-9999.00-9999.00-9999.00-9999.00 -9999.00-9999.00-9999.00-9999.00-9999.00-9999.00-9999.00-9999.00-9999.00-9999.00-9999.00-9999.00-9999.00-9999.00-9999.00-9999.00-9999.00-9999.00-9999.00-9999.00-9999.00-9999.00-9999.00-9999.00-9999.00-9999.00-9999.00-9999.00-9999.00 81.82 80.35 157.57 377.12 369.55 73.26 378.09 379.26 166.20 351.06 375.85 383.58 0.00 326.62 377.88 375.54 112.21 188.86 321.73 0.00 213.63 307.71 111.14 373.27 92.15 88.65 84.15 89.03 91.99 85.77 83.63 85.92 92.15 80.35
375.35 294.95 351.76 250.24 336.10 375.01 0.00 223.56 0.00 321.17 313.83 376.65 313.83 0.00 376.88 364.88 250.24 336.25 375.36 186.58 377.76 381.84 378.01 113.58 125.12 88.18 381.33 90.91 375.40 122.59 83.00 157.43 115.55 72.30 74.27 73.61 80.77 81.15 82.86 76.39 73.76 111.77 111.28 73.70 157.90 84.15 293.86 86.03 89.74 375.30 375.40 100.98-9999.00-9999.00-9999.00-9999.00-9999.00-9999.00-9999.00-9999.00-9999.00-9999.00-9999.00-9999.00-9999.00-9999.00-9999.00-9999.00-9999.00-9999.00-9999.00-9999.00-9999.00 -9999.00-9999.00-9999.00-9999.00-9999.00-9999.00-9999.00-9999.00-9999.00-9999.00-9999.00-9999.00-9999.00-9999.00-9999.00-9999.00-9999.00-9999.00-9999.00-9999.00-9999.00-9999.00-9999.00-9999.00-9999.00-9999.00-9999.00-9999.00-9999.00-9999.00-9999.00 129.08 86.77 87.53 226.87 375.94 380.92 242.34 369.38
382.34 255.22 298.25 385.72 397.94 375.11 101.91 259.22 394.52 301.66 104.73 95.92 376.69 380.04 94.46 377.83 381.42 80.86 132.45 118.63 375.34 93.06 375.17 111.69 375.43 0.00 375.56 375.41 378.70 78.57 99.95 190.41 375.91 375.43 103.56 101.73 117.65 87.48 88.60 381.87 401.28 115.38 83.45 75.29 117.15 378.38 72.59 376.14 143.54 99.95 91.75 82.88 385.85 379.02 314.37 73.98 78.12 240.26 378.60 79.58 83.45
81.60 74.27 83.18 97.84 85.30 378.25 79.99 359.05 79.19 117.75 232.59 94.46 76.92 88.64 300.44 351.15 119.80 84.21 130.02 80.55 76.30 363.38 75.26 81.91-9999.00-9999.00-9999.00-9999.00-9999.00-9999.00-9999.00-9999.00-9999.00-9999.00-9999.00-9999.00-9999.00-9999.00-9999.00-9999.00-9999.00-9999.00-9999.00-9999.00 -9999.00-9999.00-9999.00-9999.00-9999.00-9999.00-9999.00-9999.00-9999.00-9999.00-9999.00-9999.00-9999.00-9999.00-9999.00-9999.00-9999.00-9999.00-9999.00-9999.00-9999.00-9999.00-9999.00-9999.00-9999.00-9999.00-9999.00-9999.00-9999.00-9999.00-9999.00-9999.00-9999.00-9999.00-9999.00-9999.00-9999.00-9999.00-9999.00-9999.00-9999.00-9999.00-9999.00-9999.00-9999.00-9999.00 375.28 375.12 0.00 294.95 375.91 315.68 305.39 375.11 250.24 0.00 375.00 294.95 375.41 294.95 375.00 375.00 377.08 375.00 0.00 250.24 294.95 377.02 294.95 376.14 377.61 377.14 377.14 379.29 255.22 298.25 377.74 0.00 0.00 375.21 375.21 375.58
78.20 106.16 91.23 92.73 92.27 376.19 305.38 79.36 82.72 140.46 82.88 93.18 0.00 77.50 184.11 82.88 88.96 378.95 77.20 143.27 72.38 85.01 134.44 383.58 88.18 381.30 345.97 387.99 198.12 90.88 379.35 94.58 124.21 77.08 377.32 218.55 78.86-9999.00-9999.00-9999.00-9999.00-9999.00-9999.00-9999.00-9999.00-9999.00-9999.00-9999.00-9999.00-9999.00-9999.00-9999.00-9999.00-9999.00-9999.00 -9999.00-9999.00-9999.00-9999.00-9999.00-9999.00-9999.00-9999.00-9999.00-9999.00-9999.00-9999.00-9999.00-9999.00-9999.00-9999.00-9999.00-9999.00-9999.00-9999.00-9999.00-9999.00-9999.00-9999.00-9999.00-9999.00-9999.00-9999.00-9999.00-9999.00-9999.00-9999.00-9999.00-9999.00-9999.00-9999.00-9999.00-9999.00-9999.00-9999.00-9999.00-9999.00-9999.00-9999.00-9999.00-9999.00-9999.00-9999.00-9999.00-9999.00-9999.00-9999.00 375.31 250.24 0.00 377.03 294.95 319.64 324.19 275.40 228.20 0.00 380.88 294.95 0.00 375.86 294.95 0.00 0.00 294.95 294.95 375.31 294.95 375.52 375.20
