蒙特卡罗+CDRMV3/输出数据/2D水深分布/WaterDepthGIS_0150.ASC
ncols         539            
nrows         744            
xllcorner     602630.84259341
yllcorner     3914823.670891 
cellsize      50             
NODATA_value  -9999.00       
[rows 0 to 26 of 32, columns 244 to 304 of 539]
0.00 81.17 83.87 90.20 78.32 77.77 80.24-9999.00-9999.00-9999.00-9999.00-9999.00-9999.00-9999.00-9999.00-9999.00-9999.00-9999.00-9999.00-9999.00 -9999.00-9999.00-9999.00-9999.00-9999.00-9999.00-9999.00-9999.00-9999.00 96.37 89.26 375.62 343.37 84.05 381.84 434.47 82.72 89.23 345.22 149.33 87.03-9999.00-9999.00-9999.00-9999.00-9999.00-9999.00-9999.00-9999.00-9999.00-9999.00-9999.00-9999.00-9999.00-9999.00-9999.00-9999.00-9999.00-9999.00-9999.00-9999.00-9999.00-9999.00-9999.00-9999.00-9999.00-9999.00-9999.00-9999.00-9999.00-9999.00-9999.00-9999.00-9999.00-9999.00-9999.00-9999.00-9999.00-9999.00-9999.00-9999.00-9999.00-9999.00-9999.00-9999.00-9999.00-9999.00-9999.00-9999.00-9999.00-9999.00-9999.00-9999.00-9999.00-9999.00-9999.00-9999.00-9999.00-9999.00-9999.00-9999.00-9999.00-9999.00-9999.00-9999.00-9999.00-9999.00-9999.00-9999.00-9999.00-9999.00-9999.00-9999.00-9999.00-9999.00-9999.00-9999.00-9999.00-9999.00-9999.00-9999.00-9999.00-9999.00-9999.00-9999.00-9999.00-9999.00-9999.00-9999.00-9999.00-9999.00 76.64 84.01 92.78 77.94 187.53 76.64 76.32 305.84 86.91 76.88 85.28 75.20 113.65 377.47 0.00 169.62 75.19 76.23 78.32 117.92 140.67 85.39-9999.00-9999.00-9999.00-9999.00-9999.00-9999.00-9999.00-9999.00-9999.00-9999.00-9999.00-9999.00 -9999.00-9999.00-9999.00-9999.00-9999.00-9999.00-9999.00-9999.00-9999.00 90.79 376.33 99.09 126.08 376.29 99.09 379.06 0.00 80.51 376.04 218.33 87.83 77.36-9999.00-9999.00-9999.00-9999.00-9999.00-9999.00-9999.00-9999.00-9999.00-9999.00-9999.00-9999.00-9999.00-9999.00-9999.00-9999.00-9999.00-9999.00-9999.00-9999.00-9999.00-9999.00-9999.00-9999.00-9999.00-9999.00-9999.00-9999.00-9999.00-9999.00-9999.00-9999.00-9999.00-9999.00-9999.00-9999.00-9999.00-9999.00-9999.00-9999.00-9999.00-9999.00-9999.00-9999.00-9999.00-9999.00-9999.00-9999.00-9999.00-9999.00-9999.00-9999.00-9999.00-9999.00-9999.00-9999.00-9999.00-9999.00-9999.00-9999.00-9999.00-9999.00-9999.00-9999.00-9999.00-9999.00-9999.00-9999.00-9999.00-9999.00-9999.00-9999.00-9999.00-9999.00-9999.00-9999.00-9999.00-9999.00-9999.00-9999.00-9999.00-9999.00-9999.00-9999.00-9999.00-9999.00-9999.00-9999.00 79.43 171.98 114.41 84.75 111.64
377.22 393.71 313.92 81.17 90.76-9999.00-9999.00-9999.00-9999.00-9999.00-9999.00-9999.00 79.43 84.85 77.44 84.08 83.43 378.89 157.82 378.35 78.13 138.55 377.46 89.45 94.02 375.84 90.47 381.71 75.54 79.69 368.79 76.76 75.27 75.98 75.41 75.98 297.52 0.00 376.18 139.43 76.42 115.93 75.59 360.59 148.80 205.59 78.96 84.39 117.34 376.11 371.60 376.54 0.00 78.13 86.31 0.00 99.60 97.13 82.61 80.24 89.45 368.20 89.29-9999.00-9999.00-9999.00 -9999.00-9999.00-9999.00-9999.00-9999.00-9999.00-9999.00-9999.00-9999.00-9999.00-9999.00-9999.00-9999.00-9999.00 84.01 82.91 124.16 87.91
85.28 186.98 77.44 165.85 84.79 362.71 80.54 194.92 382.49 77.29 382.16 77.77 380.11 170.98 75.83 92.40 86.30 76.76 76.76 382.64 92.04 81.86 0.00 124.31 86.31 87.24 78.13 87.07 75.90 380.59 76.42 148.36 83.75 92.40 84.57 85.06 79.43 75.34 378.42 116.27 76.64 83.87 86.60 117.81 134.92 83.04 75.34 298.48 77.44 77.01 76.05 0.00 364.23 83.01 123.71 118.02 118.97 77.15 173.43 115.76 120.04
0.00 0.00 0.00 0.00 143.53 144.65 75.59 86.16 95.81 77.44 88.16 75.45 377.80 0.00 376.64 0.00 95.58 93.43 191.15 110.58 94.86 377.89 77.44 240.28 343.12 87.43-9999.00-9999.00-9999.00-9999.00-9999.00-9999.00 -9999.00-9999.00-9999.00-9999.00-9999.00-9999.00-9999.00-9999.00-9999.00-9999.00-9999.00-9999.00 96.37 96.84 80.51 87.83 86.00 75.29 116.02 0.00 74.71 75.43 75.00 0.00 74.66 75.77 326.83 84.64 77.03 382.39 377.40 190.75 76.58-9999.00-9999.00-9999.00 80.51 83.59 282.19 88.27 79.90 149.25 388.21 96.63 88.99 140.23 111.64 377.31 377.25
84.01 78.36 86.33 84.64 76.72 83.50 96.37 84.54 94.71 380.49 81.18 318.66 380.66 84.54 379.18 79.34 160.24 75.77 378.76 75.77 321.19 120.57 0.00 378.61 80.54 96.26 156.80 97.62 146.58 120.47 280.04 91.06 75.45 290.75 0.00 76.88 94.02 122.86 0.00 379.62 114.57 78.52 76.76 376.29 79.19 82.61 115.13 377.48 379.02 93.43 0.00 75.64 90.20 86.16 144.01 125.59 75.54 118.70 0.00 375.04 268.73
88.05 84.53 83.14 373.89 302.62 79.61 81.92 159.95 82.31 0.00 370.52 136.10 77.01 89.22 131.74 75.23 375.92 373.06 75.64 76.88 379.41 0.00 75.54 75.14 367.67 0.00 113.56 86.86 86.75 150.49 86.16 75.37 377.75 119.02 77.15 212.15 128.85 0.00 114.67 78.52 75.83 115.16 0.00 76.14 87.07 89.45 304.61 77.01 88.35 77.77 80.54 137.34 212.43 385.10 208.40 161.72 81.86 88.35 84.95 83.01 85.28
79.07 84.76 79.90 85.27 138.33 318.72 85.55 80.84 0.00 113.32 133.10 78.36 79.90 383.48 78.14 90.33 76.23 119.01 381.78 145.23 129.99 75.76 191.41 0.00 0.00 120.37 75.19 75.54 75.34 147.92 378.64 75.98 75.37 113.66 364.16 376.19 82.23 0.00 75.28 87.77 75.76 0.00 263.81 75.49 76.88 375.63 139.89 77.01 81.51 145.65 249.30 378.76 205.06 0.00 385.14 378.74 378.04 383.19 134.17 87.43 77.77
375.85 378.54 75.87 85.70 76.08 0.00 87.91 76.87 381.56 381.94 197.14 76.32 86.33 97.78 79.90 75.16 161.23 77.77 119.14 86.30 89.69 83.01 114.88 0.00 381.51 76.14 87.59 137.22 87.07 84.75 84.01 75.98 113.96 154.90 196.18 0.00 75.54 80.85 0.00 180.85 114.41 77.15 79.19 88.64 90.76 88.56 134.61 75.37 118.02 190.50 375.54 0.00 75.41 118.16 84.75 85.16 84.39 86.86 178.68 86.45 83.00
82.52 82.72 78.52 379.14 379.59 0.00 376.89 371.91 379.50 375.42 75.90 83.01 333.27 75.45 262.59 77.01 188.06 77.94 0.00 351.45 76.53 168.44 85.51 378.24 75.90 89.22 77.44 140.98 336.11 377.51 76.76 119.13 85.16 77.94 119.46 0.00 76.05 79.69 186.40 75.41 91.37 376.04 120.97 77.60 263.06 96.63 0.00 114.34 75.59 87.77 75.64 121.68 0.00 128.10 89.69 75.34 77.77 250.11 0.00 89.29 85.89
87.96 119.54 76.05 130.05 186.07 92.78 77.94 119.81 0.00 128.58 117.38 86.60 87.59 175.31 130.02 0.00 313.99 118.73 79.69 221.11 83.94 85.06 75.49 215.33 377.55 379.95 162.93 78.52 141.31 0.00 0.00 0.00 341.18 252.53 76.64 159.06 75.70 134.24 376.61 0.00 390.83 386.84 138.82 82.71 225.95 117.49 75.59 84.48 84.31 123.55 365.12 227.19 77.01 352.14 360.06 375.40 77.44-9999.00-9999.00-9999.00-9999.00-9999.00-9999.00-9999.00-9999.00 -9999.00-9999.00-9999.00-9999.00-9999.00-9999.00-9999.00-9999.00-9999.00-9999.00 86.49 89.76 74.62
376.06 378.64 385.42 107.17 91.06 86.86 383.19 0.00 104.76 0.00 375.29 208.55 380.87 176.96 0.00 0.00 309.58 79.43 78.96 0.00 125.12 75.76 84.23 94.90 77.94 91.69 85.89 79.19 88.77-9999.00-9999.00-9999.00-9999.00-9999.00-9999.00-9999.00-9999.00-9999.00 -9999.00-9999.00-9999.00-9999.00-9999.00-9999.00-9999.00-9999.00-9999.00-9999.00 74.87 153.34 0.00 306.06 74.69 186.35 79.61 76.20 364.50 0.00 133.05 75.68 75.10 150.04 186.79 0.00 373.03 234.70 155.93 130.28 82.31 77.93 380.92 126.53 79.90 94.03 100.43 81.54 75.29 375.70 76.58
0.00 74.69 83.03 79.90 0.00 76.32 86.33 78.58 75.77 75.51 154.02 0.00 0.00 75.29 254.32 77.03 91.28 80.84 385.16 375.62 378.41 76.32 75.35 78.36 380.16 74.74 83.74 75.97 0.00 114.26 78.14 89.76 82.67 187.71 87.83 85.70 377.38 75.43 378.01 74.75 148.22 215.33 80.84 0.00 75.22 87.62 86.00 76.20 142.71 88.97 186.51 76.05 126.81 407.14 76.88 0.00 379.35 183.89 123.00 85.79 77.27
75.59 112.32 0.00 123.51 75.43 87.42 93.16 74.71 78.36 251.90 378.63 75.59 301.91 0.00 84.32 347.83 89.45 378.18 89.20 88.41 375.30 185.45 0.00 77.94 84.95 75.83 381.81 83.87 289.53 79.69 83.43 377.32 76.76 75.25 0.00 121.19 270.14 0.00 363.19 81.17 81.86 80.85 373.62 81.51 83.69 76.53 383.05 83.01 89.45 98.57 109.23 383.84 103.98 100.32 94.49 386.83 236.92 376.21 377.69 370.04 0.00
77.77 360.46 81.86 390.21 86.86 116.92 77.29 77.77 351.98 377.53 0.00 375.57 162.41 0.00 0.00 0.00 79.56 95.58 90.98 0.00 359.08 95.58 0.00 377.94 379.67 76.42 91.06 136.10 79.43 329.52 85.28-9999.00-9999.00-9999.00-9999.00-9999.00-9999.00-9999.00-9999.00-9999.00-9999.00-9999.00-9999.00-9999.00-9999.00 -9999.00-9999.00-9999.00-9999.00-9999.00-9999.00-9999.00-9999.00-9999.00-9999.00-9999.00 83.14 178.26 90.95 79.61 86.11 376.87 76.32 379.91 74.64 147.17 371.90 0.00 151.28 166.79 114.53 83.50 84.01 83.50 75.51 79.07 136.71 0.00 0.00 79.07 75.43 200.93 84.11 74.80 0.00
74.80 163.80 76.58 82.52 78.14 0.00 163.54 105.59 127.56 287.27 75.59 74.80 162.36 76.08 79.61 74.67 0.00 209.08 74.69 86.49 171.91 84.42 89.49 76.58 182.70 83.92 298.02 129.44 376.47 75.77 236.89 89.29 0.00 419.54 390.78 393.36 385.61 383.97 107.16 377.25 363.38 80.24 87.59 77.94 78.96 94.66 87.43 412.98 397.73 379.12 354.64 85.28 376.80 75.76 83.87 75.23 76.53 84.01 83.69 75.54 75.59
130.81 377.43 376.31 119.89 81.51 92.78-9999.00-9999.00-9999.00-9999.00-9999.00-9999.00-9999.00-9999.00-9999.00-9999.00-9999.00-9999.00-9999.00-9999.00-9999.00-9999.00-9999.00-9999.00 -9999.00-9999.00-9999.00-9999.00-9999.00-9999.00-9999.00-9999.00-9999.00-9999.00-9999.00-9999.00-9999.00-9999.00-9999.00-9999.00-9999.00 84.05 383.50 376.27 354.68 77.73 75.22 76.20 78.36 0.00 205.31 80.84 84.64 78.82 83.66 184.54 247.39 75.22 377.53 356.98 0.00 0.00 0.00 125.43 78.14 83.21 78.14 80.84 0.00 151.54 75.35 145.42 119.71 75.00 84.42 79.07 133.13 269.17 376.35 377.90 0.00 360.52 119.32 162.24 85.04 81.54 77.03 189.09 355.07 377.52 375.66 0.00 0.00 377.17 372.28
136.15 376.49 0.00 129.54 88.02 105.43 295.51 86.86 384.36 379.68 380.62 76.32 75.25 82.85 83.48 83.00 83.30 83.13 92.40-9999.00-9999.00-9999.00-9999.00-9999.00-9999.00-9999.00-9999.00-9999.00-9999.00-9999.00-9999.00-9999.00-9999.00-9999.00-9999.00-9999.00-9999.00-9999.00 -9999.00-9999.00-9999.00-9999.00-9999.00-9999.00-9999.00-9999.00-9999.00-9999.00-9999.00-9999.00-9999.00-9999.00-9999.00-9999.00-9999.00-9999.00 87.91 83.14 91.28 93.16 82.72 75.87 0.00 142.50 79.90 79.90 94.03 83.03 141.90 166.99 145.37 76.45 77.54 123.18 82.35 74.63 0.00 96.92 214.73 173.28 120.61 81.18 90.03 77.03 127.31 382.74 379.91 79.07 88.05 89.23 74.69 91.98 84.01 120.34 372.19 375.65 0.00
229.73 0.00 379.98 116.15 75.76 84.01 84.57 310.45 135.01 113.58 75.90 86.60 85.51 79.43-9999.00-9999.00-9999.00-9999.00-9999.00-9999.00-9999.00-9999.00-9999.00-9999.00-9999.00-9999.00-9999.00-9999.00-9999.00-9999.00-9999.00-9999.00-9999.00-9999.00-9999.00 -9999.00-9999.00-9999.00-9999.00-9999.00-9999.00-9999.00-9999.00-9999.00-9999.00-9999.00-9999.00-9999.00-9999.00-9999.00-9999.00-9999.00-9999.00-9999.00 83.59 132.98 380.49 414.40 327.18 148.36 91.62 345.23 92.36 349.11 112.65 82.59 76.58 112.35 364.74 379.38 0.00 231.61 75.87 82.39 86.85 77.93 119.26 0.00 124.30 76.08 75.68 201.35 129.15 212.79 147.67 93.59 378.41 76.08 77.73 373.94 141.39 96.92 376.03 127.26 0.00 348.71 76.45 76.04 87.22 104.36
380.66 379.71 363.03 75.34 187.38 80.54-9999.00-9999.00-9999.00-9999.00-9999.00-9999.00-9999.00-9999.00-9999.00-9999.00-9999.00-9999.00-9999.00-9999.00-9999.00-9999.00-9999.00 -9999.00-9999.00-9999.00-9999.00-9999.00-9999.00-9999.00-9999.00-9999.00-9999.00-9999.00-9999.00-9999.00-9999.00-9999.00-9999.00-9999.00-9999.00-9999.00-9999.00-9999.00-9999.00-9999.00-9999.00-9999.00 85.04 276.59 77.73 276.64 79.07 81.18 382.44 124.77 137.46 158.72 75.51 127.72 0.00 0.00 0.00 0.00 0.00 336.61 87.28 75.35 88.57 378.81 0.00 0.00 376.43 298.48 358.79 358.48 270.97 308.29 378.79 303.80 94.71 340.52 116.42 81.19 96.86 86.49 81.18 83.14 376.84 119.31 77.93 190.38 376.34 399.74 82.72 352.14 80.84 80.47 0.00 376.84 172.87 382.42
0.00 0.00 378.18 124.37 142.96 160.40 95.42 311.72 380.01 86.11 378.35 86.68 99.09 97.78 93.16 95.83 0.00 0.00 133.76 0.00 289.79 375.42 90.93 85.38 129.02 95.63 377.27 384.15 94.71 163.27 89.23 81.54 339.50 105.59 77.93 79.90 176.73 147.98 376.62 0.00 172.87 376.98 306.33 217.88 285.38 184.03 349.02 376.01 378.53 201.91 83.43 80.54 355.89 75.90 78.32 85.28 378.47 362.02 75.59 84.15 162.46
99.25 303.84 377.40 380.04 385.32 112.93 273.31 335.93 90.00 107.27 130.73 93.63 347.19 0.00 172.87 375.59 376.19 375.27 78.82 94.71 228.41 89.26 93.59 255.87 90.00 80.84 129.47 327.09 378.08 136.71 0.00 376.39 243.32 375.91 355.92 238.78 358.36 387.61 238.84 384.68 107.41 112.20 87.91 0.00 99.60 78.32 91.37 87.96 85.79 170.74 77.77 94.49 330.78 353.48 76.53 85.39 376.96 83.75 76.53 0.00 0.00
247.58 350.88 100.37 173.35 97.99 376.45 375.44 266.08 208.76 0.00 381.99 79.61 78.14 90.79 378.49 229.59 359.84 150.59 169.50 102.08 380.68 376.16 222.20 203.74 0.00 375.42 217.88 375.15 317.21 0.00 0.00 266.11 0.00 391.31 376.89 216.51 114.80 130.73 76.87 84.32 232.16 80.85 102.91 250.28 382.66 83.43 240.94 0.00 375.94 151.52 81.86 170.01 128.60 375.18 116.51 75.14 138.48 377.64 76.23 88.99 90.47
76.14 144.81 380.68 0.00 80.85 88.77 160.01 83.45 84.08 82.23 117.87 114.37 383.67 362.06 377.00 288.53 258.21 77.60 249.95 126.94 254.76 87.96 116.81 75.49 360.85 78.96-9999.00-9999.00-9999.00-9999.00-9999.00-9999.00-9999.00-9999.00-9999.00-9999.00-9999.00-9999.00-9999.00-9999.00-9999.00-9999.00-9999.00-9999.00-9999.00-9999.00-9999.00-9999.00 -9999.00-9999.00-9999.00-9999.00-9999.00-9999.00-9999.00-9999.00-9999.00-9999.00-9999.00-9999.00-9999.00-9999.00-9999.00-9999.00-9999.00-9999.00-9999.00-9999.00-9999.00-9999.00-9999.00-9999.00-9999.00-9999.00-9999.00-9999.00-9999.00 85.04 83.59 167.57 377.33 373.29 76.32 378.16 379.28 172.87 351.04 375.86 383.31 0.00 327.16 378.16 375.55 118.01 198.73 324.50 0.00 217.88 308.53 117.73 376.14 97.72 91.93 87.25 93.83 95.42 88.97 88.28 90.59 97.72 83.59
375.37 296.09 352.73 252.50 336.18 375.01 0.00 226.73 0.00 322.74 316.14 376.74 316.14 0.00 376.93 365.33 252.50 337.25 375.37 191.36 377.88 382.05 378.33 120.17 132.24 91.78 381.78 97.49 375.43 131.10 88.09 166.15 120.13 75.62 77.64 76.96 84.33 83.04 84.75 78.13 75.37 113.88 113.64 75.31 164.03 86.02 313.71 85.40 91.69 375.17 375.28 102.43-9999.00-9999.00-9999.00-9999.00-9999.00-9999.00-9999.00-9999.00-9999.00-9999.00-9999.00-9999.00-9999.00-9999.00-9999.00-9999.00-9999.00-9999.00-9999.00-9999.00-9999.00 -9999.00-9999.00-9999.00-9999.00-9999.00-9999.00-9999.00-9999.00-9999.00-9999.00-9999.00-9999.00-9999.00-9999.00-9999.00-9999.00-9999.00-9999.00-9999.00-9999.00-9999.00-9999.00-9999.00-9999.00-9999.00-9999.00-9999.00-9999.00-9999.00-9999.00-9999.00 136.71 90.00 90.79 241.47 375.90 380.86 250.04 369.63
383.23 257.53 299.39 386.74 398.46 375.16 106.52 268.60 394.97 318.38 113.42 103.46 377.09 380.46 98.25 378.15 381.79 84.42 142.49 126.31 375.38 100.17 375.25 119.79 375.45 0.00 375.62 375.47 379.20 81.98 104.05 195.35 375.97 375.45 108.61 106.35 125.24 90.95 92.15 382.43 403.09 119.66 87.00 78.71 121.72 378.64 75.91 376.28 152.80 104.05 95.61 86.44 386.08 379.19 318.61 77.35 81.63 258.29 378.55 83.12 87.00
85.16 77.64 86.73 101.57 88.84 378.41 83.53 365.87 82.72 124.63 243.05 98.25 80.39 92.27 319.62 361.09 124.28 87.75 135.49 84.10 79.33 370.05 78.28 84.96-9999.00-9999.00-9999.00-9999.00-9999.00-9999.00-9999.00-9999.00-9999.00-9999.00-9999.00-9999.00-9999.00-9999.00-9999.00-9999.00-9999.00-9999.00-9999.00-9999.00 -9999.00-9999.00-9999.00-9999.00-9999.00-9999.00-9999.00-9999.00-9999.00-9999.00-9999.00-9999.00-9999.00-9999.00-9999.00-9999.00-9999.00-9999.00-9999.00-9999.00-9999.00-9999.00-9999.00-9999.00-9999.00-9999.00-9999.00-9999.00-9999.00-9999.00-9999.00-9999.00-9999.00-9999.00-9999.00-9999.00-9999.00-9999.00-9999.00-9999.00-9999.00-9999.00-9999.00-9999.00-9999.00-9999.00 375.28 375.12 0.00 296.09 375.91 317.35 307.79 375.11 252.50 0.00 375.00 296.10 375.41 296.09 375.00 375.00 377.13 375.00 0.00 252.50 296.09 377.14 296.09 376.19 377.80 377.32 377.32 379.65 257.53 299.39 377.75 0.00 0.00 375.21 375.21 375.58
81.60 111.72 94.93 96.61 99.21 376.24 311.45 82.78 86.28 147.06 86.44 97.04 0.00 80.99 199.07 86.44 92.63 379.00 80.68 156.71 75.70 88.54 137.28 383.95 91.78 381.70 356.09 388.37 211.00 94.71 379.78 97.88 126.85 80.11 377.45 230.31 81.89-9999.00-9999.00-9999.00-9999.00-9999.00-9999.00-9999.00-9999.00-9999.00-9999.00-9999.00-9999.00-9999.00-9999.00-9999.00-9999.00-9999.00-9999.00 -9999.00-9999.00-9999.00-9999.00-9999.00-9999.00-9999.00-9999.00-9999.00-9999.00-9999.00-9999.00-9999.00-9999.00-9999.00-9999.00-9999.00-9999.00-9999.00-9999.00-9999.00-9999.00-9999.00-9999.00-9999.00-9999.00-9999.00-9999.00-9999.00-9999.00-9999.00-9999.00-9999.00-9999.00-9999.00-9999.00-9999.00-9999.00-9999.00-9999.00-9999.00-9999.00-9999.00-9999.00-9999.00-9999.00-9999.00-9999.00-9999.00-9999.00-9999.00-9999.00 375.32 252.50 0.00 377.04 296.09 320.16 325.21 277.26 231.45 0.00 380.95 296.09 0.00 375.87 296.09 0.00 0.00 296.09 296.10 375.31 296.09 375.52 375.20
