蒙特卡罗+CDRMV3/输出数据/2D水深分布/WaterDepthGIS_0151.ASC
ncols         539            
nrows         744            
xllcorner     602630.84259341
yllcorner     3914823.670891 
cellsize      50             
NODATA_value  -9999.00       
[rows 0 to 26 of 32, columns 427 to 487 of 539]
77.31 75.32 162.77 0.00 78.73 380.20 75.88 83.27 84.09 80.37 375.85 91.94-9999.00-9999.00 98.14 94.41-9999.00-9999.00-9999.00-9999.00-9999.00 -9999.00-9999.00-9999.00-9999.00-9999.00-9999.00-9999.00-9999.00-9999.00-9999.00-9999.00-9999.00-9999.00-9999.00-9999.00 77.29 138.30 368.37 79.75 124.19 0.00 152.75 83.14 108.49-9999.00-9999.00-9999.00-9999.00-9999.00-9999.00-9999.00-9999.00-9999.00-9999.00-9999.00-9999.00-9999.00-9999.00-9999.00-9999.00-9999.00-9999.00-9999.00-9999.00-9999.00-9999.00-9999.00-9999.00-9999.00-9999.00-9999.00-9999.00-9999.00-9999.00-9999.00-9999.00-9999.00-9999.00-9999.00-9999.00-9999.00-9999.00-9999.00-9999.00-9999.00-9999.00-9999.00-9999.00-9999.00-9999.00-9999.00-9999.00-9999.00-9999.00-9999.00-9999.00-9999.00-9999.00-9999.00 87.50 78.06 358.11 76.56-9999.00-9999.00-9999.00-9999.00-9999.00-9999.00-9999.00-9999.00-9999.00-9999.00-9999.00 80.07-9999.00-9999.00-9999.00-9999.00-9999.00-9999.00-9999.00-9999.00-9999.00-9999.00-9999.00-9999.00-9999.00 91.55 75.88 372.48 75.39 380.65 86.29 212.42 128.76 76.99 82.96 146.97 301.58 86.61 218.50 190.85 84.19 78.06 82.87 85.16 86.40 0.00 89.51 375.40 143.13 75.78 74.97 76.31 377.83 81.39 88.82 378.31 206.16
75.10 0.00 0.00 168.93 181.28 79.77 0.00 254.48 383.43 263.84 74.97 97.10 207.02 81.39 375.59 76.08 76.08 253.05 378.13 394.29 378.93 0.00 76.19 74.71 342.50 86.95 76.69 376.46 302.55 373.27 75.26 76.43 87.13 85.32 83.85 0.00 86.40 0.00 239.36 82.54 378.59 291.63 76.08 85.55 98.14-9999.00-9999.00-9999.00-9999.00 -9999.00-9999.00-9999.00-9999.00-9999.00-9999.00-9999.00-9999.00-9999.00-9999.00-9999.00-9999.00-9999.00 88.78 88.05 74.79 113.07 377.24 0.00 147.91 74.67 84.96 108.49 118.53 154.03 81.47 90.48-9999.00-9999.00-9999.00-9999.00-9999.00-9999.00-9999.00-9999.00-9999.00-9999.00-9999.00-9999.00-9999.00-9999.00-9999.00-9999.00-9999.00-9999.00-9999.00-9999.00-9999.00-9999.00-9999.00-9999.00-9999.00-9999.00-9999.00-9999.00-9999.00-9999.00-9999.00-9999.00-9999.00-9999.00-9999.00 79.77
76.43 74.84 142.58 82.14 0.00 80.70 359.50 0.00 386.72 382.02 382.84 375.84 391.06 123.58 78.97 377.65 79.22-9999.00-9999.00-9999.00-9999.00-9999.00-9999.00 -9999.00-9999.00-9999.00-9999.00-9999.00-9999.00-9999.00-9999.00-9999.00-9999.00-9999.00 78.89 113.63 212.41 379.59 83.86 82.18 80.39 0.00 280.60 113.39 76.29 81.91 378.29 84.96 381.42 249.28 171.91 90.48 79.75 246.51 83.21 131.91-9999.00-9999.00-9999.00-9999.00-9999.00 87.82 76.92 144.08 92.28 197.30 89.51 379.21 212.57-9999.00-9999.00-9999.00-9999.00-9999.00 85.85 270.54 368.34 88.82 81.03 406.74 76.19 90.00 80.07 377.11 82.96 82.14 178.29
349.90 79.22 355.12 86.40 375.84 221.30 78.49 74.81 345.60 78.27 147.48 0.00 184.93 77.49 87.50 83.22 186.54 0.00 0.00 375.68 285.77 278.30 90.24 78.06 145.59 377.27 307.16 383.49 77.15 96.17 0.00 134.27 75.01 88.98 75.98 376.63 78.49 0.00 310.89 135.05 74.73 83.05 92.67 76.84 90.28 85.32 118.18 357.04 375.44 403.43 380.61 76.31 104.72 75.01 239.65 325.55 380.27 381.32 86.40 236.78 0.00
160.30 376.38 0.00 75.53 135.06 180.31 78.49 76.19 129.33 382.06 76.56 86.61 118.83 85.04 84.81 181.91 117.93 76.69 113.61 380.90 88.31 84.59 81.75 152.09 385.85 138.09 76.84 119.85 376.86 186.01 378.95 75.26 140.11 81.75 181.99 286.20 97.94 85.42 83.53 114.39 92.28 85.55 75.01 82.45 78.27 412.01 0.00 83.85 223.92 131.81 95.09 89.88 378.20 96.17 128.42 99.84 367.74 79.77-9999.00-9999.00-9999.00-9999.00-9999.00-9999.00-9999.00-9999.00-9999.00 -9999.00-9999.00-9999.00-9999.00-9999.00 187.06 76.92
83.11 141.65 118.96 84.32 386.29 247.85 75.88 91.90 93.08 74.71 85.42 83.39 131.26 276.61 0.00 75.61 86.78 87.50 80.70 343.69 77.31 74.97 82.49 75.69 87.89 80.07 84.19 168.90 75.61 232.74 379.19 376.41 76.43 75.32 79.49 378.40 76.08 76.99 297.62 0.00 353.11 375.58 223.81 100.43 0.00 384.72 385.53 381.70 381.38 241.09 77.86 81.75 97.53-9999.00-9999.00-9999.00-9999.00-9999.00-9999.00-9999.00-9999.00-9999.00 -9999.00-9999.00 75.44 375.71 375.89 76.75 377.05 348.08 169.58
76.84 165.03 223.82 375.74 382.01 0.00 123.96 93.95 377.70 378.38 209.38 87.56 250.41 376.16 91.21 110.74 0.00 80.07 136.97 76.69 86.78 81.75 79.49 376.97 75.78 78.27 113.66 378.34 74.90 74.81 184.73 83.11 77.86 82.83 85.16 82.83 85.69 132.22 0.00 109.33 0.00 0.00 0.00 388.28 248.19 256.97 120.62 114.51 121.03 184.25 94.04 91.33 151.49 131.19 78.73 376.07 76.56-9999.00-9999.00-9999.00-9999.00-9999.00-9999.00 -9999.00-9999.00-9999.00-9999.00-9999.00 88.28 83.56 75.08
0.00 77.49 227.10 116.16 159.18 76.56 76.43 85.32 131.44 76.56 113.46 0.00 360.24 113.68 78.73 81.75 136.57 380.75 76.31 268.75 90.58 77.86 127.52 79.22 388.59 83.39 163.42 74.97 74.93 137.73 79.22 375.46 0.00 122.60 387.30 382.92 383.22 385.05 381.51 383.37 387.37 380.31 249.70 253.03 88.39 93.76 76.84 76.84 377.06 80.37 93.95-9999.00-9999.00-9999.00-9999.00-9999.00-9999.00-9999.00 -9999.00-9999.00-9999.00-9999.00-9999.00-9999.00-9999.00-9999.00 74.44 113.57 0.00 286.28 136.96 75.25 74.75 385.09 0.00
118.68 86.95 78.97 0.00 378.41 269.10 117.04 85.32 83.34 83.05 78.06 124.16 0.00 381.91 377.38 375.93 163.64 123.09 75.01 85.29 83.40 83.85 375.63 124.62 76.43 74.71 90.88 99.30-9999.00-9999.00-9999.00-9999.00-9999.00-9999.00-9999.00-9999.00-9999.00 -9999.00-9999.00-9999.00-9999.00-9999.00-9999.00-9999.00-9999.00-9999.00 74.44 116.50 0.00 80.06 78.89 0.00 78.89 190.37 113.29 74.29 85.71 126.09 74.67 377.56 84.09 86.22 81.69 81.76 75.00 394.12 0.00 376.21 74.52 82.97 146.77 179.52 82.27 76.75 89.04 83.05 279.99 215.19
360.87 82.96-9999.00-9999.00-9999.00-9999.00-9999.00-9999.00-9999.00-9999.00 -9999.00-9999.00-9999.00-9999.00-9999.00-9999.00-9999.00-9999.00-9999.00-9999.00 75.65 130.83 130.98 0.00 170.21 75.16 79.45 88.05 75.34 159.99 379.81 84.69 88.28 83.76 81.85 134.22 0.00 143.74 358.87 76.43 127.56 77.70 78.63 81.09 395.66 155.03 78.14 82.69 78.89 77.49 180.05 276.18 86.78 347.70 94.01 190.16 88.28 91.88 85.67 98.30 134.84 269.24 84.82 81.87 75.07 375.35 378.71 0.00 74.93 92.28 376.26 357.48 75.88 159.69 106.40 82.37 82.83 76.99
79.16 156.91 85.88 74.62 378.49 0.00 76.29 369.11 193.64 91.19 77.91 375.33 358.98 83.21 198.57 83.05 76.29 304.76 376.23 78.14 0.00 378.42 224.28 180.14 119.10 89.51 84.69 76.43 225.97 75.39 129.22 75.69 250.19 0.00 325.99 149.71 76.99 82.14 140.71 385.50 278.37 375.85 116.03 80.07 95.32 76.69 362.47 378.34 313.43 84.09 81.75 74.79 116.16 376.86 84.81 0.00 376.00 277.35 126.11 75.88 75.20
168.08 373.16 141.21 76.82 88.31 75.69 375.75 0.00 75.20 76.99 376.10 313.46 134.43 84.32 85.98 119.46 74.87 74.70 394.71 76.69 85.83 75.69 0.00 155.39 117.71 74.74 84.38 118.34 84.92 80.37 381.22 81.75 74.70 209.06 338.85 410.97 79.22 379.55 99.30 338.80 377.58 379.10 377.89 376.48 380.50 0.00 378.88 377.67 307.97 384.31 377.03 334.01 79.70 83.80 141.20 140.16 76.08 376.08 391.75 208.11 76.08
378.14 0.00 375.85 380.76 374.34 378.72 99.30 201.07 82.26 102.31 183.36 113.47 351.51 97.10 381.55 383.80 370.40 121.04 74.87 89.22-9999.00-9999.00-9999.00-9999.00-9999.00-9999.00-9999.00-9999.00-9999.00-9999.00-9999.00-9999.00-9999.00-9999.00 -9999.00-9999.00-9999.00-9999.00-9999.00-9999.00-9999.00-9999.00-9999.00 76.75 186.43 84.09 86.05 360.65 376.28 100.41 377.65 98.26 85.72 87.18 89.55 0.00 81.47 87.27 376.96 76.15 84.82 74.40 141.22 99.35 0.00 84.69 85.25 380.67 84.56 83.47 93.11 78.63 112.30 0.00 78.89 132.53 74.44 74.79 82.03 76.75 0.00 79.16 404.68
136.24 74.73 78.38 124.12 77.10 0.00 376.93 376.62 311.41 120.35 77.10 82.52 82.36 74.73 257.81 0.00 85.67 75.77 0.00 169.26 74.19 74.18 81.76 83.86 75.09 361.67 81.47 184.33 115.76 92.28 178.94 377.02 86.61 139.68 376.70 0.00 380.54 237.53 84.51 96.04 101.52 379.41 92.93 377.89 91.69 109.66 388.02 375.43 127.72 84.71 95.06 84.28 84.92 75.26 379.20 105.15 93.08 86.45 82.96 89.47 75.69
85.55 91.55 97.18 0.00 100.43 0.00 378.25 188.30 376.03 376.10 373.16 194.68 113.09 75.46 90.88 86.61 78.73 378.53 80.70 236.55 84.28 171.36 137.63 93.51-9999.00-9999.00-9999.00-9999.00-9999.00-9999.00-9999.00-9999.00-9999.00-9999.00-9999.00-9999.00-9999.00-9999.00 -9999.00-9999.00-9999.00-9999.00-9999.00-9999.00-9999.00-9999.00-9999.00-9999.00-9999.00-9999.00-9999.00-9999.00-9999.00-9999.00-9999.00 98.66 371.53 380.42 379.00 74.57 139.19 234.50 375.64 0.00 76.15 83.47 78.63 377.70 84.77 75.44 115.28 195.03 0.00 107.33 315.02 75.16 74.44 134.26 0.00 118.58 75.65 86.22 114.25 0.00 77.10 84.31 376.27 87.82 177.99 78.14 74.93
383.02 375.60 135.78 82.14 84.92 120.50 87.69 80.70 0.00 0.00 0.00 0.00 381.49 381.52 201.56 83.85 85.98 90.28 88.53 76.56 133.62 374.44 407.59 382.85 147.93 82.79 75.20 75.32 0.00 105.15 260.53 139.54 380.49 375.40 82.14 87.18 82.87 82.96 83.84 79.22 83.68 87.13 117.44 185.17 80.37-9999.00-9999.00-9999.00-9999.00-9999.00-9999.00-9999.00-9999.00-9999.00-9999.00-9999.00-9999.00-9999.00-9999.00-9999.00-9999.00-9999.00-9999.00 -9999.00-9999.00-9999.00-9999.00-9999.00-9999.00-9999.00-9999.00-9999.00-9999.00-9999.00-9999.00-9999.00-9999.00-9999.00-9999.00-9999.00 356.14 99.96 85.67 90.81 79.75 377.62 378.65 0.00 136.80 340.21 142.04 74.93 82.69 326.47 125.09
211.13 92.27 76.92 122.48 387.09 81.75 0.00 99.15 122.60 338.08 381.45 260.94 0.00 80.37 89.73 75.46 83.53 98.81 369.80 118.77 76.08 76.56 75.26 90.00 83.85 121.15 151.35 78.06 75.10 118.04 308.95 376.87 74.97 85.98 76.99 127.34 0.00 182.04 256.16 384.36 76.43 202.76 116.68 82.96 77.67 364.38 252.95 85.55 130.60 130.89 87.69-9999.00-9999.00-9999.00-9999.00-9999.00-9999.00-9999.00-9999.00-9999.00-9999.00-9999.00-9999.00-9999.00-9999.00-9999.00-9999.00-9999.00-9999.00-9999.00-9999.00 -9999.00-9999.00-9999.00-9999.00-9999.00-9999.00-9999.00-9999.00-9999.00-9999.00-9999.00-9999.00-9999.00-9999.00-9999.00-9999.00-9999.00-9999.00-9999.00 224.64 127.31 83.14 170.51 343.21 389.34 95.36 100.65 179.59
358.41 114.05 94.81 115.06 91.69 120.13 227.67 83.85 219.24 75.53 86.61 85.32 403.88 74.79 83.40 76.19 128.13 77.15 88.82 240.43 312.09 76.99 87.69 76.31 113.27 379.31 75.69 75.20 349.65 0.00 236.21 89.51 0.00 322.57 242.45 298.63 74.90 128.16 254.69 113.48 75.98 114.18 231.17 77.67 81.75-9999.00-9999.00-9999.00-9999.00-9999.00-9999.00-9999.00-9999.00-9999.00-9999.00-9999.00-9999.00-9999.00-9999.00-9999.00-9999.00-9999.00-9999.00-9999.00 -9999.00-9999.00-9999.00-9999.00-9999.00-9999.00-9999.00-9999.00-9999.00-9999.00-9999.00-9999.00-9999.00-9999.00-9999.00-9999.00-9999.00-9999.00-9999.00-9999.00 103.91 223.63 80.06 94.01 85.67 87.82 78.63 85.40 83.29 74.57 385.66 129.26 82.46 82.03 84.96
139.69 75.88 105.15 175.93 378.05 177.66 76.56 75.78 112.99 0.00 376.14 352.37 141.58 78.49 98.73 246.57 201.98 0.00 113.91 128.13 177.82 116.10 75.88 75.46 376.69 380.32 74.79 76.31 163.45 78.49-9999.00-9999.00-9999.00-9999.00-9999.00-9999.00-9999.00-9999.00-9999.00-9999.00-9999.00-9999.00-9999.00-9999.00-9999.00-9999.00-9999.00-9999.00 -9999.00-9999.00-9999.00-9999.00-9999.00-9999.00-9999.00-9999.00-9999.00-9999.00-9999.00-9999.00-9999.00-9999.00-9999.00-9999.00-9999.00-9999.00-9999.00-9999.00-9999.00-9999.00-9999.00-9999.00-9999.00 92.12 214.76 377.43 74.18 382.96 121.95 85.88 89.87 136.73 77.49 143.65 86.97 83.14 352.37 75.89 0.00 194.15 77.70 186.72 234.96 187.10 86.24 377.86 260.44 87.46 82.69 80.73 383.85 382.26 377.45
0.00 376.63 378.03 357.92 123.67 74.84 137.00 80.07 126.92 130.92-9999.00-9999.00-9999.00-9999.00-9999.00-9999.00-9999.00-9999.00-9999.00-9999.00-9999.00-9999.00-9999.00-9999.00-9999.00-9999.00-9999.00-9999.00-9999.00 -9999.00-9999.00-9999.00-9999.00-9999.00-9999.00-9999.00-9999.00-9999.00-9999.00-9999.00-9999.00-9999.00-9999.00-9999.00-9999.00-9999.00-9999.00-9999.00-9999.00-9999.00 79.45 81.47 345.44 96.48 80.39 81.47 94.48 76.75 80.39 160.90 186.99 0.00 172.73 80.73 77.10 0.00 372.56 112.09 367.65 123.84 76.92 94.01 96.87 80.06 89.30 91.19 90.17 85.67 106.56 88.78 199.08 165.74 386.40 112.09 113.33 86.24 0.00 324.23 0.00 0.00 0.00 0.00 0.00 379.72 377.51 376.13 87.46 134.64 94.95 86.24
97.10-9999.00-9999.00-9999.00-9999.00-9999.00-9999.00-9999.00-9999.00-9999.00-9999.00-9999.00-9999.00-9999.00-9999.00-9999.00-9999.00-9999.00-9999.00-9999.00-9999.00-9999.00-9999.00 -9999.00-9999.00-9999.00-9999.00-9999.00-9999.00-9999.00-9999.00-9999.00-9999.00-9999.00-9999.00-9999.00-9999.00-9999.00-9999.00-9999.00 332.08 77.49 76.92 279.03 88.81 104.93 85.55 99.35 87.18 74.86 0.00 76.43 76.75 76.15 83.76 76.01 86.24 181.01 377.57 172.01 377.36 0.00 196.56 224.58 375.10 375.84 376.64 311.17 86.24 339.79 80.06 86.84 118.38 96.48 155.17 80.39 269.62 261.78 368.42 118.38 385.64 385.89 0.00 377.08 110.75 292.55 85.12 100.65 217.40 80.06 377.15 258.69 240.98 93.11 79.75 90.17 104.93 98.66 91.19
92.12 326.70 376.10 112.09 376.91 289.10 0.00 387.44 250.82 376.55 376.17 377.18 253.09 375.99 180.42 379.98 378.79 385.38 377.25 243.32 209.47 88.12 88.81 375.77 203.28 221.64 380.30 295.12 93.15 107.31 376.59 0.00 0.00 0.00 0.00 0.00 0.00 308.15 386.25 270.63 376.68 377.19 0.00 0.00 221.51 203.06 376.04 375.28 0.00 358.69 375.00 238.35 0.00 144.12 375.62 81.55 168.92 386.84 382.35 375.50 76.01
149.13 144.41 84.10 75.53 282.82 344.54 382.81 0.00 83.85 188.36 84.15 97.24 383.24 133.04 75.05 84.01 82.65 74.70 113.00 283.83 375.61 74.93 85.16 95.78 271.15 82.14 95.32 95.78 78.97 91.55 90.28-9999.00-9999.00-9999.00-9999.00-9999.00-9999.00-9999.00-9999.00-9999.00-9999.00-9999.00-9999.00-9999.00-9999.00-9999.00-9999.00-9999.00-9999.00-9999.00-9999.00-9999.00-9999.00 -9999.00-9999.00-9999.00-9999.00-9999.00-9999.00-9999.00-9999.00-9999.00-9999.00-9999.00-9999.00-9999.00-9999.00-9999.00-9999.00-9999.00-9999.00-9999.00-9999.00-9999.00-9999.00-9999.00-9999.00-9999.00-9999.00-9999.00-9999.00-9999.00-9999.00-9999.00 79.16 376.98 376.79 104.93 135.71 203.28 203.28 212.16 238.35 324.23 357.28 356.31 0.00 327.02 378.54 354.14 96.66 96.91 96.66 0.00 217.33 390.88 375.55 375.99 136.35 81.09 137.31 222.51 78.89
134.71 375.23 375.63 320.09 88.25 104.75 389.46 415.65 418.57 299.75 264.58 0.00 252.22 376.29 0.00 163.48 226.40 375.25 375.39 386.29 328.87 375.16 152.01 375.48 115.71 341.64 375.74 115.84 146.05 79.51 382.01 375.39 85.33 78.95 87.87 382.67 343.46 333.19 75.74 368.27 85.43 164.83 281.94 377.19 92.13 361.82 90.00 367.17 127.76 95.32 377.41 95.32 378.73 92.67 320.49-9999.00-9999.00-9999.00-9999.00-9999.00-9999.00-9999.00-9999.00-9999.00-9999.00-9999.00-9999.00-9999.00-9999.00-9999.00-9999.00-9999.00-9999.00-9999.00-9999.00-9999.00 -9999.00-9999.00-9999.00-9999.00-9999.00-9999.00-9999.00-9999.00-9999.00-9999.00-9999.00-9999.00-9999.00-9999.00-9999.00-9999.00-9999.00-9999.00-9999.00-9999.00-9999.00-9999.00-9999.00-9999.00-9999.00-9999.00-9999.00-9999.00-9999.00-9999.00-9999.00-9999.00-9999.00 91.94 239.00 378.21 195.71 376.49
112.42 139.48 156.74 89.97 135.58 114.74 144.22 302.45 88.02 76.40 86.92 87.47 88.37 84.28 375.23 0.00 375.59 378.37 107.92 84.66 378.48 0.00 378.46 375.14 339.27 198.27 126.34 375.66 375.26 196.54 131.64 76.76 79.39 77.19 76.08 83.10 251.43 78.90 98.74 0.00 0.00 113.60 249.76 169.92 81.87 82.64 0.00 0.00 0.00 83.94 85.97 91.29 93.29 148.47-9999.00-9999.00-9999.00-9999.00-9999.00-9999.00-9999.00-9999.00-9999.00-9999.00-9999.00-9999.00-9999.00-9999.00-9999.00-9999.00-9999.00-9999.00-9999.00-9999.00-9999.00-9999.00-9999.00 -9999.00-9999.00-9999.00-9999.00-9999.00-9999.00-9999.00-9999.00-9999.00-9999.00-9999.00-9999.00-9999.00-9999.00-9999.00-9999.00-9999.00-9999.00-9999.00-9999.00-9999.00-9999.00-9999.00-9999.00-9999.00-9999.00-9999.00-9999.00-9999.00-9999.00-9999.00-9999.00-9999.00-9999.00-9999.00-9999.00-9999.00-9999.00-9999.00 226.40 271.86 271.86 206.98 375.26 375.28
87.45 98.18-9999.00-9999.00-9999.00-9999.00-9999.00-9999.00-9999.00-9999.00-9999.00-9999.00-9999.00-9999.00-9999.00-9999.00-9999.00-9999.00-9999.00-9999.00 -9999.00-9999.00-9999.00-9999.00-9999.00-9999.00-9999.00-9999.00-9999.00-9999.00-9999.00-9999.00-9999.00-9999.00-9999.00-9999.00-9999.00-9999.00-9999.00-9999.00-9999.00-9999.00-9999.00-9999.00-9999.00-9999.00-9999.00-9999.00-9999.00-9999.00-9999.00-9999.00-9999.00-9999.00-9999.00-9999.00-9999.00-9999.00-9999.00-9999.00-9999.00-9999.00-9999.00-9999.00-9999.00-9999.00-9999.00-9999.00 375.47 375.00 0.00 295.96 375.11 375.64 329.89 0.00 375.01 271.86 352.56 378.88 325.19 375.36 295.95 377.69 0.00 295.95 375.00 295.95 0.00 295.95 375.00 295.95 0.00 295.95 375.09 375.00 295.95 329.90 375.51 315.85 360.21 0.00 329.89 376.43 282.52 375.63 375.27 0.00 0.00 0.00 0.00 375.25 107.92 137.71 378.92 374.71 339.20 356.22 81.16 377.43 378.25 122.18 87.67 80.52 366.64 382.64
378.88 82.51 86.71 100.04 101.20-9999.00-9999.00-9999.00-9999.00-9999.00-9999.00-9999.00-9999.00-9999.00-9999.00-9999.00-9999.00-9999.00-9999.00-9999.00-9999.00-9999.00-9999.00 -9999.00-9999.00-9999.00-9999.00-9999.00-9999.00-9999.00-9999.00-9999.00-9999.00-9999.00-9999.00-9999.00-9999.00-9999.00-9999.00-9999.00-9999.00-9999.00-9999.00-9999.00-9999.00-9999.00-9999.00-9999.00-9999.00-9999.00-9999.00-9999.00-9999.00-9999.00-9999.00-9999.00-9999.00-9999.00-9999.00-9999.00-9999.00-9999.00-9999.00-9999.00-9999.00-9999.00-9999.00-9999.00-9999.00-9999.00-9999.00-9999.00-9999.00-9999.00-9999.00-9999.00-9999.00 0.00 352.57 322.55 376.02 375.18 325.08 376.02 334.52 295.95 0.00 0.00 375.38 0.00 295.95 375.34 295.96 375.00 295.96 375.71 295.96 375.31 325.08 375.00 0.00 375.11 375.00 0.00 295.96 375.97 226.34 375.52 190.57 375.39 251.65 89.69 133.32 375.70 88.95 77.86 75.04 85.27 78.25 376.64 376.01 139.35 76.18 0.00 318.59 76.90 77.68 85.97 372.41 82.64 92.13 381.66
