蒙特卡罗+CDRMV3/输出数据/2D水深分布/WaterDepthGIS_0164.ASC
ncols         539            
nrows         744            
xllcorner     602630.84259341
yllcorner     3914823.670891 
cellsize      50             
NODATA_value  -9999.00       
[rows 0 to 26 of 32, columns 122 to 182 of 539]
77.35 380.33 129.27 72.78 152.80 82.42-9999.00-9999.00-9999.00-9999.00-9999.00-9999.00-9999.00-9999.00-9999.00-9999.00-9999.00-9999.00-9999.00-9999.00 -9999.00-9999.00-9999.00-9999.00-9999.00-9999.00-9999.00-9999.00-9999.00-9999.00-9999.00-9999.00-9999.00-9999.00-9999.00-9999.00-9999.00-9999.00-9999.00-9999.00-9999.00-9999.00-9999.00-9999.00-9999.00-9999.00-9999.00-9999.00-9999.00-9999.00-9999.00-9999.00-9999.00-9999.00-9999.00-9999.00-9999.00-9999.00-9999.00-9999.00-9999.00-9999.00-9999.00-9999.00-9999.00-9999.00-9999.00-9999.00-9999.00-9999.00-9999.00-9999.00-9999.00-9999.00-9999.00-9999.00-9999.00-9999.00-9999.00-9999.00-9999.00-9999.00-9999.00-9999.00-9999.00-9999.00-9999.00-9999.00-9999.00-9999.00-9999.00-9999.00-9999.00-9999.00-9999.00-9999.00-9999.00-9999.00-9999.00-9999.00-9999.00-9999.00-9999.00-9999.00-9999.00-9999.00-9999.00-9999.00-9999.00-9999.00-9999.00-9999.00-9999.00-9999.00-9999.00-9999.00-9999.00-9999.00-9999.00-9999.00-9999.00-9999.00-9999.00-9999.00-9999.00-9999.00-9999.00-9999.00-9999.00-9999.00-9999.00-9999.00-9999.00-9999.00-9999.00-9999.00 71.96 161.61 73.17 123.68 71.79 365.34 385.65 71.81 174.85 0.00 126.31 72.62 342.01 72.62 74.21-9999.00-9999.00-9999.00-9999.00-9999.00-9999.00-9999.00-9999.00-9999.00-9999.00-9999.00-9999.00-9999.00-9999.00 -9999.00-9999.00-9999.00-9999.00-9999.00-9999.00-9999.00-9999.00-9999.00-9999.00-9999.00-9999.00 85.25 76.09 88.10 88.52 76.77 86.10-9999.00-9999.00-9999.00-9999.00-9999.00-9999.00-9999.00-9999.00-9999.00-9999.00-9999.00-9999.00-9999.00-9999.00-9999.00-9999.00-9999.00-9999.00-9999.00-9999.00-9999.00-9999.00-9999.00-9999.00-9999.00-9999.00-9999.00-9999.00-9999.00-9999.00-9999.00-9999.00-9999.00-9999.00-9999.00-9999.00-9999.00-9999.00-9999.00-9999.00-9999.00-9999.00-9999.00-9999.00-9999.00-9999.00-9999.00-9999.00-9999.00-9999.00-9999.00-9999.00-9999.00-9999.00-9999.00-9999.00-9999.00-9999.00-9999.00-9999.00-9999.00-9999.00-9999.00-9999.00-9999.00-9999.00-9999.00-9999.00-9999.00-9999.00-9999.00-9999.00-9999.00-9999.00-9999.00-9999.00-9999.00-9999.00-9999.00-9999.00-9999.00-9999.00-9999.00-9999.00-9999.00-9999.00-9999.00-9999.00-9999.00-9999.00-9999.00-9999.00-9999.00-9999.00-9999.00-9999.00-9999.00 72.47 108.86 148.85 376.14 73.28 270.18 384.07 78.00 78.96 72.62 0.00 75.75 316.66 73.77 79.35 128.34 80.30-9999.00-9999.00-9999.00-9999.00-9999.00-9999.00-9999.00-9999.00-9999.00-9999.00-9999.00-9999.00-9999.00 -9999.00-9999.00-9999.00-9999.00-9999.00-9999.00-9999.00-9999.00-9999.00-9999.00-9999.00 76.09 138.91 172.57 89.32 169.72 284.11 74.19-9999.00-9999.00-9999.00-9999.00-9999.00-9999.00-9999.00-9999.00-9999.00-9999.00-9999.00-9999.00-9999.00-9999.00-9999.00-9999.00-9999.00-9999.00-9999.00-9999.00-9999.00-9999.00-9999.00-9999.00-9999.00-9999.00-9999.00-9999.00-9999.00-9999.00-9999.00-9999.00-9999.00-9999.00-9999.00-9999.00-9999.00-9999.00-9999.00-9999.00-9999.00-9999.00-9999.00-9999.00-9999.00-9999.00-9999.00-9999.00-9999.00-9999.00-9999.00-9999.00-9999.00-9999.00-9999.00-9999.00-9999.00-9999.00-9999.00-9999.00-9999.00-9999.00-9999.00-9999.00-9999.00-9999.00-9999.00-9999.00-9999.00-9999.00-9999.00-9999.00-9999.00-9999.00-9999.00-9999.00-9999.00-9999.00-9999.00-9999.00-9999.00-9999.00-9999.00-9999.00-9999.00-9999.00-9999.00-9999.00-9999.00-9999.00-9999.00-9999.00-9999.00-9999.00-9999.00-9999.00-9999.00 79.47 80.08 83.21 73.06 378.42 384.10 77.05
111.05 81.36 205.46 72.87 79.77 82.56 80.15 73.17 84.98 84.14 72.47 84.84 125.70 76.23 79.51 0.00 169.89 72.40 74.91 222.41 378.40 382.96 381.65 73.17 72.12 186.76 119.51 82.42-9999.00-9999.00 -9999.00-9999.00-9999.00-9999.00-9999.00-9999.00-9999.00-9999.00-9999.00-9999.00-9999.00-9999.00-9999.00-9999.00-9999.00 70.94 121.02 336.41 71.63 70.38 0.00 84.72 87.38 131.35 80.23-9999.00-9999.00-9999.00-9999.00-9999.00-9999.00-9999.00-9999.00-9999.00-9999.00-9999.00-9999.00-9999.00-9999.00-9999.00-9999.00-9999.00-9999.00-9999.00-9999.00-9999.00-9999.00-9999.00-9999.00-9999.00-9999.00-9999.00-9999.00-9999.00-9999.00-9999.00-9999.00-9999.00-9999.00-9999.00-9999.00-9999.00-9999.00-9999.00-9999.00-9999.00 79.11 94.76-9999.00-9999.00-9999.00-9999.00-9999.00-9999.00 82.26 81.36 115.58 81.59 78.72 379.98 75.52 83.04 316.48 159.16-9999.00-9999.00-9999.00-9999.00-9999.00-9999.00-9999.00-9999.00 72.96 112.68 133.71 384.36 275.74 82.41 366.17 83.04 76.23 377.69
71.85 163.37 127.75 366.07 0.00 130.14 114.64 71.85 70.88 398.50 227.79 84.46 166.28 91.28 89.32 95.64-9999.00-9999.00-9999.00-9999.00-9999.00-9999.00-9999.00-9999.00-9999.00-9999.00-9999.00-9999.00-9999.00-9999.00-9999.00-9999.00-9999.00-9999.00-9999.00-9999.00-9999.00-9999.00-9999.00-9999.00-9999.00-9999.00 75.52 97.24 83.59 94.76 77.67 84.98 85.43 198.27 86.40 377.73 80.64 376.48 82.26 79.89 85.90 85.43 73.39 128.01 377.22 84.98 74.38 0.00 0.00 359.49 75.75 75.10 115.46 380.67 75.10 80.64 77.05 82.56 80.64 72.78 159.27 73.17 79.89 72.04 378.93 114.64 80.83 78.35 72.87 73.77 73.06
126.52 162.62 0.00 0.00 277.87 74.55 75.75 79.95 90.18 80.01 75.52 0.00 143.00 0.00 143.00 378.08 170.90 79.51 85.84 415.20 377.61 376.33 80.39 88.36-9999.00-9999.00-9999.00-9999.00-9999.00-9999.00 -9999.00-9999.00-9999.00-9999.00-9999.00-9999.00-9999.00-9999.00-9999.00-9999.00-9999.00-9999.00 198.92 84.50 75.78 73.75 106.81 162.07 330.03 0.00 139.66 71.63 70.56 0.00 377.31 71.85 70.38 221.39 72.10 377.60 80.77 129.80 79.83-9999.00-9999.00-9999.00-9999.00 87.73 88.89 71.74 164.13 378.50 75.31 381.04 74.38 80.39 182.10 84.20 175.80 78.72 353.59 84.76
120.66 133.29 75.48 89.32 306.71 83.97 78.33 377.60 83.81 379.01 130.15 90.68 83.29 75.48 78.47 72.23 386.50 377.92 86.65 381.57 149.72 84.84 97.24 93.66 81.98 77.35 84.55 76.23 359.30 0.00 86.65 379.84 72.08 0.00 74.06 122.88 78.72 84.98 87.61 101.76 72.62 284.02 130.55 73.51 78.00 0.00 72.17 81.59 81.03 76.23 77.35 82.26 283.69 77.05 0.00 116.02 72.70 142.99 81.13 111.62 287.46
84.84 90.61 75.75 124.88 109.83 74.55 76.77 380.46 71.83 0.00 79.11 80.83 71.77 0.00 72.00 86.65 83.95 375.43 79.11 81.36 376.19 72.87 133.98 80.55 72.78 0.00 110.39 72.78 73.06 151.68 0.00 174.68 120.71 293.72 93.66 175.14 123.26 73.17 81.13 144.18 93.11 379.84 329.71 73.17 85.20 73.77 129.96 395.20 379.84 72.22 380.72 127.26 76.49 72.62 376.13 172.38 85.20 340.70 72.34 208.57 84.76
78.33 89.32 86.65 109.02 377.47 74.06 378.59 378.10 0.00 0.00 72.54 120.97 0.00 108.77 72.34 85.43 79.11 381.09 72.08 72.47 146.55 81.47 73.28 73.06 0.00 110.15 72.96 79.14 118.71 0.00 76.77 242.80 74.21 123.26 82.26 87.18 113.84 227.09 96.77 378.65 384.83 294.22 224.70 87.75 321.06 197.30 72.87 88.69 79.35 72.04 0.00 79.94 83.39 123.08 80.92 81.03 82.12 72.96 190.88 74.38 81.13
287.67 259.61 89.54 327.58 83.74 86.91 77.35 79.94 73.17 120.33 126.44 78.72 0.00 77.05 384.56 375.83 292.57 193.95 73.51 73.28 120.10 79.71 80.64 74.55 0.00 72.28 82.72 121.42 0.00 72.47 72.34 113.60 80.55 79.89 84.76 77.67 72.22 113.39 170.24 92.49 0.00 108.94 72.34 81.13 72.96 82.88 80.46 75.10 249.59 109.34 0.00 82.99 83.04 81.24 80.15 76.49 109.55 380.27 110.21 80.64 74.72
72.88 71.76 83.04 259.86 75.52 81.36 135.26 73.39 111.44 375.98 377.39 80.86 0.00 75.31 382.89 378.73 381.80 74.38 74.55 81.03 89.03 144.10 376.03 74.91 80.39 93.11 80.38 79.94 0.00 322.94 129.58 72.47 80.38 204.26 114.80 74.55 88.05 212.52 360.85 0.00 156.28 72.70 91.29 126.20 384.50 371.31 82.56 89.03 71.81 242.34 86.15 77.35 0.00 110.16 78.00 80.30 81.03 79.16 75.10 378.19 0.00
143.70 0.00 0.00 82.41 85.43 90.61 139.98 86.65 132.22 120.53 0.00 82.99 339.42 128.54 122.21 79.66 80.92 80.46 73.39 142.08 378.11 0.00 0.00 133.91 78.00 0.00 82.42 131.36 129.98 73.91 79.95 120.32 78.72 378.01 0.00 98.32 380.80 380.56 115.12 75.31 82.72 81.85 80.30 75.10 74.91 92.57 88.05 171.15 76.49 138.64 89.77-9999.00-9999.00-9999.00-9999.00-9999.00-9999.00-9999.00-9999.00 -9999.00-9999.00-9999.00-9999.00-9999.00-9999.00-9999.00-9999.00-9999.00-9999.00 78.05 110.71 112.39 0.00 377.43 71.09 74.42 80.07 81.05
0.00 375.52 74.82 0.00 386.70 380.85 312.70 0.00 375.44 366.70 230.45 83.89 83.39 79.94 385.71 74.06 75.10 73.39 73.28 85.90 86.65 346.78 131.79 80.86-9999.00-9999.00-9999.00-9999.00-9999.00-9999.00-9999.00-9999.00 -9999.00-9999.00-9999.00-9999.00-9999.00-9999.00-9999.00-9999.00-9999.00-9999.00 81.54 120.40 109.02 0.00 170.07 81.71 88.67 77.57 70.41 80.77 391.72 70.48 78.69 79.02 70.54 0.00 141.10 71.01 88.49 76.09 122.69 70.76 168.77 379.96 195.79 113.00 75.20 71.43 209.23 382.35 83.97 79.72 387.12 71.97 83.51 81.32
0.00 74.42 84.72 77.51 124.30 117.95 73.17 0.00 266.98 245.46 109.63 80.77 84.22 378.45 85.52 124.34 331.60 74.67 82.26 376.43 79.11 70.76 156.50 0.00 80.75 86.71 81.05 77.87 70.25 79.50 82.86 375.67 77.83 255.06 77.36 79.02 70.23 285.82 0.00 145.04 122.06 70.35 77.65 76.77 289.02 74.38 139.30 375.37 374.13 72.00 143.02 0.00 125.07 72.47 81.85 83.57 73.28 133.16 0.00 115.74 80.39
0.00 116.57 72.99 164.50 87.59 70.26 136.09 310.13 378.36 144.87 83.07 75.75 0.00 379.84 76.23 395.76 74.21 100.35 81.88 124.08 0.00 135.14 74.72 73.17 380.72 78.35 77.05 156.70 86.40 375.59 85.66 71.76 385.95 95.01 73.51 83.59 0.00 376.29 307.66 78.72 76.49 376.15 71.79 81.24 73.77 379.67 74.91 309.17 376.82 383.65 84.84 90.21 155.46 381.72 230.63 376.17 254.92 254.92 0.00 375.31 375.64
82.99 74.55 79.51 259.14 0.00 0.00 249.86 376.61 378.58 254.99 0.00 0.00 0.00 99.46 162.30 207.43 0.00 0.00 0.00 76.66 0.00 0.00 380.28 90.61 74.72 333.51 376.83 110.00 72.78 73.91 84.98-9999.00-9999.00-9999.00-9999.00-9999.00-9999.00-9999.00-9999.00-9999.00-9999.00-9999.00-9999.00-9999.00-9999.00 -9999.00-9999.00-9999.00-9999.00-9999.00-9999.00-9999.00-9999.00-9999.00-9999.00 86.75 161.68 188.57 81.21 148.04 137.82 344.62 80.61 81.21 299.71 372.83 0.00 75.78 70.28 70.60 78.87 79.83 79.72 178.38 73.96 113.63 0.00 286.54 0.00 125.24 109.58 108.42 78.47 71.34
0.00 109.11 70.70 84.62 0.00 140.76 108.27 79.20 77.83 74.67 0.00 71.17 165.00 72.23 84.22 140.48 80.07 77.79 71.01 79.40 70.52 0.00 0.00 111.73 70.52 297.07 119.70 78.54 84.72 73.55 357.80 80.90 121.35 329.49 137.72 112.50 72.34 379.23 0.00 376.40 375.50 366.95 81.36 96.66 83.10 83.35 73.06 75.31 329.38 285.24 80.21 381.04 111.37 74.21 73.77 162.63 80.46 113.81 74.55 365.00 189.75
226.60 197.00 0.00 127.12 71.07 73.67 81.24 383.77 376.69 376.05 71.96 82.41 71.83 112.54 81.36 82.41 73.51-9999.00-9999.00-9999.00-9999.00-9999.00-9999.00-9999.00-9999.00-9999.00-9999.00-9999.00-9999.00-9999.00-9999.00-9999.00-9999.00 -9999.00-9999.00-9999.00-9999.00-9999.00-9999.00-9999.00-9999.00-9999.00-9999.00-9999.00-9999.00-9999.00-9999.00-9999.00-9999.00-9999.00 95.68 83.15 76.77 74.19 81.21 72.10 70.33 114.51 0.00 70.60 82.07 71.97 206.62 70.29 156.09 378.60 70.60 385.96 0.00 108.62 72.99 71.17 0.00 77.51 78.22 70.81 159.16 376.21 0.00 382.17 381.38 377.76 289.38 153.21 72.37 77.46 109.75 157.36 356.62 0.00 77.13 79.11 79.72
89.03 378.64 74.21 129.69 81.03 73.39 72.62 381.01 74.72 80.15 73.64 71.74 108.98 0.00 112.25 83.59 86.40 93.11 208.31 76.98 87.00 74.72 86.40 160.28 113.43 72.78 84.98 270.66 146.40 120.77 84.84-9999.00-9999.00-9999.00-9999.00-9999.00-9999.00-9999.00-9999.00-9999.00-9999.00-9999.00-9999.00-9999.00-9999.00-9999.00-9999.00-9999.00-9999.00-9999.00 -9999.00-9999.00-9999.00-9999.00-9999.00-9999.00-9999.00-9999.00-9999.00-9999.00-9999.00-9999.00-9999.00-9999.00-9999.00-9999.00-9999.00 74.93 244.28 133.38 75.78 160.49 356.77 71.34 0.00 134.62 73.96 81.91 84.98 83.29 81.89 72.23 73.96 81.21 85.81 73.55 106.82 142.28 0.00 90.68 378.63 70.44 82.86 73.75 90.25 83.07
176.66 73.91 113.18 155.15 79.47 79.89 72.70 82.26 79.56 72.96 71.81 112.35 160.31 381.60 401.78 379.18 0.00 0.00 81.36 376.22 375.37 376.01 214.34 134.12 108.66 72.17 75.75 133.70 81.59 86.40-9999.00-9999.00-9999.00-9999.00-9999.00-9999.00-9999.00-9999.00-9999.00-9999.00-9999.00-9999.00-9999.00-9999.00-9999.00-9999.00-9999.00-9999.00-9999.00-9999.00-9999.00 -9999.00-9999.00-9999.00-9999.00-9999.00-9999.00-9999.00-9999.00-9999.00-9999.00-9999.00-9999.00-9999.00-9999.00-9999.00-9999.00-9999.00-9999.00-9999.00 87.59 376.81 136.92 83.81 382.17 79.72 85.81 140.93 87.04 345.41 72.67 76.42 193.41 231.13 118.36 108.90 377.09 0.00 143.23 107.54 82.51 73.55 112.25 0.00 285.57 113.07 71.25 70.52 72.23 109.56
376.43 81.85 72.87 364.26 0.00 0.00 0.00 0.00 76.49 74.55 92.97 0.00 0.00 0.00 78.72 72.78 113.00 376.66 71.78 71.80 119.61 218.46 72.04 82.88-9999.00-9999.00-9999.00-9999.00-9999.00-9999.00-9999.00-9999.00-9999.00-9999.00-9999.00-9999.00-9999.00-9999.00-9999.00-9999.00-9999.00 -9999.00-9999.00-9999.00-9999.00-9999.00-9999.00-9999.00-9999.00-9999.00-9999.00-9999.00-9999.00-9999.00-9999.00-9999.00-9999.00-9999.00-9999.00-9999.00-9999.00-9999.00-9999.00-9999.00-9999.00-9999.00 170.69 242.35 377.61 374.33 379.48 388.70 379.52 0.00 0.00 0.00 0.00 0.00 360.66 74.19 75.20 155.19 84.50 0.00 0.00 0.00 0.00 0.00 320.85 100.45 0.00 0.00 376.99 277.48 366.61 378.75 267.55 375.77 85.96 86.78 80.16 86.68
381.30 109.93 73.17-9999.00-9999.00-9999.00-9999.00-9999.00-9999.00-9999.00-9999.00-9999.00-9999.00-9999.00-9999.00-9999.00-9999.00-9999.00-9999.00-9999.00-9999.00 -9999.00-9999.00-9999.00-9999.00-9999.00-9999.00-9999.00-9999.00-9999.00-9999.00-9999.00-9999.00-9999.00-9999.00-9999.00-9999.00-9999.00-9999.00-9999.00-9999.00-9999.00-9999.00-9999.00-9999.00 98.94 81.71 79.61 72.51 379.57 76.77 79.50 77.68 78.93 118.73 108.03 108.40 87.38 76.77 74.19 76.77 0.00 379.05 338.36 144.12 84.50 90.75 85.21 282.31 377.98 381.30 191.01 80.23 276.81 84.50 364.78 161.88 0.00 254.28 95.95 262.93 170.19 77.91 78.77 75.20 298.40 80.23 382.48 377.53 78.33 85.21 215.48 377.68 379.90 80.23 89.32 75.48 291.92 0.00 0.00 0.00 0.00
0.00 77.91 79.20 72.10 111.28 350.45 0.00 379.11 94.44 141.19 71.91 108.64 83.54 365.18 126.23 84.72 74.19 87.59 313.41 94.44 417.19 317.04 104.65 91.91 73.96 296.56 377.24 0.00 0.00 102.68 85.54 80.23 80.23 86.10 99.96 110.97 375.61 177.17 81.32 103.72 74.67 120.39 300.96 378.28 378.46 238.07 0.00 238.07 375.73 246.91 262.73 371.98 384.17 375.47 221.67 383.05 169.97 85.96 81.32 0.00 371.73
377.93 0.00 376.37 381.61 296.58 376.91 375.46 105.99 153.40 103.76 79.24 354.05 81.32 332.54 203.02 83.00 112.17 402.08 155.19 331.88 96.85 82.51 386.91 403.09 0.00 0.00 353.98 319.58 384.47 98.32 88.89 252.23 80.23 218.06 75.20 74.93 376.94 203.01 342.10 124.31 0.00 378.07 0.00 375.17 372.58 377.13 287.51 375.21 0.00 211.03 377.08 230.42 81.85 105.16 87.48 72.51 74.55 88.36 86.91 91.54 85.20
0.00 376.71 0.00 303.81 375.33 375.40 381.79 326.27 326.32 376.74 0.00 376.10 0.00 375.25 379.26 94.82 103.57 375.81 91.17 309.18 87.59 74.59 340.60 122.75 77.51 73.28 109.73 358.46 250.75 0.00 377.09 210.24 92.57 133.10 80.92 110.38 137.14 384.78 109.47 375.54 302.42 130.29 125.57 74.06 215.02 230.69 299.63 72.47 131.83 377.47 73.06 150.70-9999.00-9999.00-9999.00-9999.00-9999.00-9999.00-9999.00-9999.00-9999.00-9999.00-9999.00-9999.00-9999.00-9999.00-9999.00-9999.00-9999.00-9999.00-9999.00-9999.00-9999.00-9999.00 -9999.00-9999.00-9999.00-9999.00-9999.00-9999.00-9999.00-9999.00-9999.00-9999.00-9999.00-9999.00-9999.00-9999.00-9999.00-9999.00-9999.00-9999.00-9999.00-9999.00-9999.00-9999.00-9999.00-9999.00-9999.00-9999.00-9999.00-9999.00 85.96 125.13 93.50 89.32 84.50 72.99 376.40 82.51
376.71 375.69 113.99 344.10 0.00 159.04 92.79 228.78 306.36 322.90 377.56 379.86 239.23 95.64 84.50 373.28 313.67 245.74 376.85 379.60 381.08 0.00 0.00 0.00 0.00 0.00 376.67 182.80 294.08 107.96 182.80 336.04 0.00 294.08 375.39 0.00 377.51 375.18 294.08 376.94 294.08 0.00 0.00 0.00 0.00 0.00 0.00 0.00 376.97 156.64 90.58 85.81 376.55 390.20 378.71 77.09 85.55 328.89 106.56 70.75 73.47
379.77 79.51 91.29 381.99 83.72-9999.00-9999.00-9999.00-9999.00-9999.00-9999.00-9999.00-9999.00-9999.00-9999.00-9999.00-9999.00-9999.00-9999.00-9999.00-9999.00-9999.00-9999.00-9999.00-9999.00-9999.00 -9999.00-9999.00-9999.00-9999.00-9999.00-9999.00-9999.00-9999.00-9999.00-9999.00-9999.00-9999.00-9999.00-9999.00-9999.00-9999.00-9999.00-9999.00-9999.00-9999.00-9999.00-9999.00-9999.00-9999.00-9999.00-9999.00-9999.00-9999.00-9999.00-9999.00-9999.00-9999.00-9999.00 340.15 377.53 379.13 147.73 385.27 382.54 376.33 377.20 268.88 294.08 294.08 294.08 268.88 268.88 0.00 375.23 375.14 378.04 375.31 377.51 378.85 378.78 378.46 379.00 391.35 80.50 78.06 378.71 384.38 248.53 397.15 388.30 394.41 352.42 86.21 90.48 94.13 80.50 376.31 376.38 375.44 376.32 254.95 88.40 87.47 377.21 85.18 375.83 381.84 0.00 375.98 375.15 289.91 79.40 102.62
294.08 294.08 392.08 294.08 375.13 221.17 0.00 375.89 273.99 378.80 238.36 377.51 378.56 156.64 356.54 315.08 389.79 387.49 380.64 253.48 273.99 380.90 377.57 377.18 0.00 378.87 375.65 375.64 0.00 0.00 0.00 0.00 0.00 375.60 347.96 279.08 356.81 111.90 77.24 138.48 0.00 197.46 107.98 78.07 211.81 70.21 87.25 92.32 85.04 225.79 76.50 382.45 375.46 73.47 76.50 92.32 87.98 138.18 72.53 81.46 87.25
379.75 77.30 82.92 379.81 77.81-9999.00-9999.00-9999.00-9999.00-9999.00-9999.00-9999.00-9999.00-9999.00-9999.00-9999.00-9999.00-9999.00-9999.00-9999.00-9999.00-9999.00-9999.00 -9999.00-9999.00-9999.00-9999.00-9999.00-9999.00-9999.00-9999.00-9999.00-9999.00-9999.00-9999.00-9999.00-9999.00-9999.00-9999.00-9999.00-9999.00-9999.00-9999.00-9999.00-9999.00-9999.00-9999.00-9999.00-9999.00-9999.00-9999.00-9999.00-9999.00-9999.00-9999.00-9999.00-9999.00-9999.00-9999.00-9999.00-9999.00-9999.00-9999.00-9999.00-9999.00-9999.00-9999.00-9999.00-9999.00-9999.00-9999.00-9999.00-9999.00-9999.00 294.08 0.00 248.53 294.08 375.62 375.05 0.00 0.00 0.00 378.47 225.74 315.17 364.34 0.00 312.07 375.12 0.00 294.08 294.08 0.00 375.00 375.00 294.08 375.68 375.41 294.08 294.08 0.00 375.00 294.08 376.45 0.00 221.17 268.88 312.06 221.23 375.51 375.33 375.33 153.79 76.31 176.81 89.58 390.34 379.01 379.62 382.17 70.41 79.23 80.20 92.92 75.21 384.73 145.92 81.66
