蒙特卡罗+CDRMV3/输出数据/2D水深分布/WaterDepthGIS_0141.ASC
ncols         539            
nrows         744            
xllcorner     602630.84259341
yllcorner     3914823.670891 
cellsize      50             
NODATA_value  -9999.00       
[rows 0 to 26 of 32, columns 427 to 487 of 539]
82.37 80.25 168.40 0.00 83.85 381.31 80.85 88.38 89.18 85.53 376.10 97.34-9999.00-9999.00 102.95 99.57-9999.00-9999.00-9999.00-9999.00-9999.00 -9999.00-9999.00-9999.00-9999.00-9999.00-9999.00-9999.00-9999.00-9999.00-9999.00-9999.00-9999.00-9999.00-9999.00-9999.00 82.16 145.69 373.50 84.65 130.96 0.00 158.74 88.01 116.98-9999.00-9999.00-9999.00-9999.00-9999.00-9999.00-9999.00-9999.00-9999.00-9999.00-9999.00-9999.00-9999.00-9999.00-9999.00-9999.00-9999.00-9999.00-9999.00-9999.00-9999.00-9999.00-9999.00-9999.00-9999.00-9999.00-9999.00-9999.00-9999.00-9999.00-9999.00-9999.00-9999.00-9999.00-9999.00-9999.00-9999.00-9999.00-9999.00-9999.00-9999.00-9999.00-9999.00-9999.00-9999.00-9999.00-9999.00-9999.00-9999.00-9999.00-9999.00-9999.00-9999.00-9999.00-9999.00 92.56 83.16 368.74 81.57-9999.00-9999.00-9999.00-9999.00-9999.00-9999.00-9999.00-9999.00-9999.00-9999.00-9999.00 85.22-9999.00-9999.00-9999.00-9999.00-9999.00-9999.00-9999.00-9999.00-9999.00-9999.00-9999.00-9999.00-9999.00 96.94 80.85 376.55 80.32 380.97 91.33 220.95 136.71 82.03 88.08 155.04 328.71 91.65 228.94 202.65 89.27 83.16 87.99 90.22 91.44 0.00 94.72 375.95 151.75 80.75 79.87 81.31 378.12 86.54 93.96 378.68 232.59
80.01 0.00 0.00 193.28 202.95 84.92 0.00 271.51 384.31 290.38 79.87 101.81 225.39 86.54 375.87 81.07 81.07 282.44 378.15 394.68 379.03 0.00 81.18 79.60 364.42 91.99 81.72 376.47 306.81 372.49 80.19 81.44 92.17 90.37 88.94 0.00 91.44 0.00 257.21 87.67 378.69 304.37 81.07 90.60 102.95-9999.00-9999.00-9999.00-9999.00 -9999.00-9999.00-9999.00-9999.00-9999.00-9999.00-9999.00-9999.00-9999.00-9999.00-9999.00-9999.00-9999.00 93.72 92.95 79.54 118.83 377.42 0.00 163.52 79.42 89.81 116.98 126.40 166.65 86.36 95.56-9999.00-9999.00-9999.00-9999.00-9999.00-9999.00-9999.00-9999.00-9999.00-9999.00-9999.00-9999.00-9999.00-9999.00-9999.00-9999.00-9999.00-9999.00-9999.00-9999.00-9999.00-9999.00-9999.00-9999.00-9999.00-9999.00-9999.00-9999.00-9999.00-9999.00-9999.00-9999.00-9999.00-9999.00-9999.00 84.92
81.44 79.74 145.37 87.28 0.00 85.85 363.12 0.00 387.83 382.77 383.64 376.88 394.54 130.97 84.10 377.93 84.36-9999.00-9999.00-9999.00-9999.00-9999.00-9999.00 -9999.00-9999.00-9999.00-9999.00-9999.00-9999.00-9999.00-9999.00-9999.00-9999.00-9999.00 83.79 119.37 243.99 380.35 88.72 87.06 85.29 0.00 310.35 119.17 81.11 86.80 378.56 89.81 381.87 242.53 184.28 95.56 84.65 268.19 88.08 142.24-9999.00-9999.00-9999.00-9999.00-9999.00 92.71 81.78 152.37 97.67 222.87 94.72 379.36 232.09-9999.00-9999.00-9999.00-9999.00-9999.00 90.89 289.63 373.50 93.96 86.19 409.12 81.18 95.26 85.22 377.11 88.08 87.28 198.34
365.77 84.36 361.45 91.44 375.96 239.83 83.61 79.71 357.38 83.38 158.34 0.00 203.24 82.56 92.56 88.33 195.46 0.00 0.00 376.15 300.53 300.03 95.53 83.16 154.81 377.96 341.89 383.93 82.20 100.99 0.00 142.65 79.92 94.14 80.95 377.02 83.61 0.00 331.34 143.34 79.62 88.17 98.05 81.87 95.57 90.37 124.01 367.13 375.54 404.38 380.87 81.31 112.98 79.92 265.00 340.65 380.54 381.70 91.44 266.72 0.00
187.96 376.64 0.00 80.48 148.02 198.46 83.61 81.18 137.57 382.17 81.57 91.65 125.28 90.10 89.87 203.82 124.22 81.72 119.69 381.38 93.41 89.66 86.90 159.64 386.24 143.00 81.87 126.51 376.86 207.49 379.06 80.19 144.30 86.90 206.30 319.96 102.71 90.47 88.64 119.81 97.67 90.60 79.92 87.58 83.38 412.70 0.00 88.94 230.29 143.60 100.13 97.95 378.73 100.99 140.16 105.50 374.14 84.92-9999.00-9999.00-9999.00-9999.00-9999.00-9999.00-9999.00-9999.00-9999.00 -9999.00-9999.00-9999.00-9999.00-9999.00 194.81 81.78
88.22 149.60 125.26 89.40 386.67 264.98 80.85 97.30 98.43 79.60 90.47 88.50 138.62 308.43 0.00 80.56 91.82 92.56 85.85 363.61 82.37 79.87 87.61 80.65 92.97 85.22 89.27 179.36 80.56 245.68 379.53 376.87 81.44 80.25 84.64 378.57 81.07 82.03 310.66 0.00 364.45 376.02 229.59 106.46 0.00 385.76 386.67 382.51 382.13 258.87 82.95 86.90 102.24-9999.00-9999.00-9999.00-9999.00-9999.00-9999.00-9999.00-9999.00-9999.00 -9999.00-9999.00 80.22 376.18 376.39 81.60 377.39 358.68 178.59
81.87 168.95 266.44 376.16 382.35 0.00 131.20 99.20 378.16 378.79 227.69 92.62 272.92 376.59 96.58 120.76 0.00 85.22 142.50 81.72 91.82 86.90 84.64 377.61 80.75 83.38 119.72 378.76 79.80 79.71 200.29 88.22 82.95 87.95 90.22 87.95 90.74 153.21 0.00 119.02 0.00 0.00 0.00 389.47 262.17 267.88 130.80 125.87 131.30 197.86 104.62 101.05 170.42 138.65 83.85 376.51 81.57-9999.00-9999.00-9999.00-9999.00-9999.00-9999.00 -9999.00-9999.00-9999.00-9999.00-9999.00 93.20 88.43 79.84
0.00 82.56 255.15 121.80 163.87 81.57 81.44 90.37 138.53 81.57 119.53 0.00 367.18 119.72 83.85 86.90 144.59 381.05 81.31 298.88 95.90 82.95 135.22 84.36 390.09 88.50 169.27 79.87 79.84 143.65 84.36 375.83 0.00 134.09 388.35 383.67 384.08 386.09 382.28 384.27 388.62 381.13 270.98 276.65 97.72 104.24 81.87 81.87 378.01 85.53 99.20-9999.00-9999.00-9999.00-9999.00-9999.00-9999.00-9999.00 -9999.00-9999.00-9999.00-9999.00-9999.00-9999.00-9999.00-9999.00 79.17 119.36 0.00 309.40 142.04 80.02 79.49 386.03 0.00
125.17 91.99 84.10 0.00 378.57 308.64 122.76 90.37 88.44 88.17 83.16 131.77 0.00 382.83 377.93 377.03 188.80 130.63 79.92 90.34 88.50 88.94 376.12 132.55 81.44 79.60 96.23 104.62-9999.00-9999.00-9999.00-9999.00-9999.00-9999.00-9999.00-9999.00-9999.00 -9999.00-9999.00-9999.00-9999.00-9999.00-9999.00-9999.00-9999.00-9999.00 79.17 122.46 0.00 84.97 83.79 0.00 83.79 203.84 119.06 79.01 90.56 133.49 79.42 378.03 88.94 91.07 86.58 86.65 79.76 395.21 0.00 376.59 79.26 87.84 153.56 206.23 87.15 81.60 94.00 87.92 289.89 246.19
369.24 88.08-9999.00-9999.00-9999.00-9999.00-9999.00-9999.00-9999.00-9999.00 -9999.00-9999.00-9999.00-9999.00-9999.00-9999.00-9999.00-9999.00-9999.00-9999.00 80.45 138.18 141.29 0.00 189.49 79.93 84.35 92.95 80.12 182.11 380.39 89.54 93.20 88.62 86.74 147.33 0.00 156.82 365.99 81.27 134.64 82.57 83.52 85.99 395.96 162.61 83.03 87.57 83.79 82.36 196.40 277.36 91.64 366.79 99.02 205.02 93.20 97.02 90.51 103.09 147.30 290.76 89.67 86.75 79.84 375.77 378.76 0.00 79.68 97.67 376.27 370.07 80.85 179.04 115.26 87.50 87.95 82.03
84.06 175.91 90.72 79.36 378.64 0.00 81.11 375.26 208.22 96.30 82.79 375.39 368.65 88.08 212.26 87.92 81.11 314.60 376.57 83.03 0.00 378.68 237.62 202.18 124.95 94.72 89.76 81.44 257.29 80.32 135.60 80.65 267.40 0.00 355.29 158.57 82.03 87.28 153.67 386.17 308.42 376.32 122.02 85.22 100.31 81.72 370.39 378.45 334.54 89.18 86.90 79.69 122.48 377.09 89.87 0.00 376.77 299.04 134.39 80.85 80.13
188.50 375.56 149.34 81.72 93.41 80.65 375.97 0.00 80.13 82.03 376.15 334.93 142.00 89.40 91.02 125.11 79.77 79.60 395.45 81.72 90.88 80.65 0.00 170.44 124.12 79.63 89.46 124.80 89.98 85.53 381.80 86.90 79.60 233.10 361.02 413.76 84.36 379.71 104.62 338.30 377.59 379.25 377.90 376.48 380.53 0.00 379.11 377.88 316.48 385.22 377.04 353.35 84.65 91.66 150.85 155.24 81.07 376.69 392.96 220.71 81.07
378.17 0.00 375.90 381.10 375.91 379.19 110.87 217.65 87.16 112.18 192.94 124.00 349.54 101.81 382.11 384.44 375.37 127.94 79.77 94.40-9999.00-9999.00-9999.00-9999.00-9999.00-9999.00-9999.00-9999.00-9999.00-9999.00-9999.00-9999.00-9999.00-9999.00 -9999.00-9999.00-9999.00-9999.00-9999.00-9999.00-9999.00-9999.00-9999.00 81.60 204.38 88.94 90.90 370.32 376.86 111.56 378.11 107.10 94.56 92.04 94.55 0.00 86.36 92.01 377.15 80.97 89.67 79.13 144.27 104.49 0.00 89.54 90.09 381.29 89.41 88.33 98.21 83.52 118.00 0.00 83.79 139.89 79.17 79.54 86.92 81.60 0.00 84.06 407.10
144.02 79.48 83.27 131.13 81.96 0.00 377.11 376.74 339.18 126.77 81.96 87.40 87.24 79.48 270.83 0.00 90.51 80.57 0.00 188.25 78.91 78.89 86.65 88.72 79.72 368.08 86.36 192.41 122.04 97.67 199.97 377.40 91.65 150.68 377.08 0.00 380.25 255.76 92.32 105.04 111.35 379.98 98.29 377.94 100.15 118.10 390.05 376.83 142.51 92.51 105.93 89.36 89.98 80.19 379.74 113.57 98.43 91.48 88.08 94.68 80.65
90.60 96.94 101.88 0.00 106.46 0.00 379.04 209.96 376.23 376.29 375.24 216.53 119.14 80.40 96.23 91.65 83.85 378.96 85.85 263.36 89.36 179.65 143.00 98.82-9999.00-9999.00-9999.00-9999.00-9999.00-9999.00-9999.00-9999.00-9999.00-9999.00-9999.00-9999.00-9999.00-9999.00 -9999.00-9999.00-9999.00-9999.00-9999.00-9999.00-9999.00-9999.00-9999.00-9999.00-9999.00-9999.00-9999.00-9999.00-9999.00-9999.00-9999.00 103.54 374.58 380.77 379.37 79.31 143.14 246.19 376.58 0.00 80.97 88.33 83.52 377.76 92.47 80.22 121.17 220.04 0.00 115.54 328.73 79.93 79.17 145.83 0.00 124.68 80.45 91.07 119.44 0.00 81.96 89.17 376.84 92.71 194.80 83.03 79.68
384.07 376.05 141.94 87.28 89.98 126.96 92.76 85.85 0.00 0.00 0.00 0.00 381.96 381.96 224.50 88.94 91.02 95.57 93.64 81.57 141.24 375.82 411.17 383.86 163.98 87.91 80.13 80.25 0.00 113.57 257.95 144.32 381.07 375.48 90.03 94.87 87.99 88.07 88.93 84.36 88.78 92.17 123.35 202.93 85.53-9999.00-9999.00-9999.00-9999.00-9999.00-9999.00-9999.00-9999.00-9999.00-9999.00-9999.00-9999.00-9999.00-9999.00-9999.00-9999.00-9999.00-9999.00 -9999.00-9999.00-9999.00-9999.00-9999.00-9999.00-9999.00-9999.00-9999.00-9999.00-9999.00-9999.00-9999.00-9999.00-9999.00-9999.00-9999.00 361.44 105.36 90.51 95.90 84.65 378.10 378.99 0.00 147.72 359.18 146.91 79.68 87.57 339.97 131.36
238.37 97.41 81.78 129.41 387.64 86.90 0.00 104.39 134.09 346.84 381.67 277.99 0.00 85.53 94.97 80.40 88.64 103.88 375.34 125.25 81.07 81.57 80.19 95.26 88.94 128.15 159.90 83.16 80.01 124.48 330.93 377.39 79.87 91.02 82.03 135.37 0.00 191.63 272.10 384.86 81.44 227.46 122.47 88.08 82.75 369.79 268.75 90.60 137.42 138.60 92.76-9999.00-9999.00-9999.00-9999.00-9999.00-9999.00-9999.00-9999.00-9999.00-9999.00-9999.00-9999.00-9999.00-9999.00-9999.00-9999.00-9999.00-9999.00-9999.00-9999.00 -9999.00-9999.00-9999.00-9999.00-9999.00-9999.00-9999.00-9999.00-9999.00-9999.00-9999.00-9999.00-9999.00-9999.00-9999.00-9999.00-9999.00-9999.00-9999.00 240.30 133.18 88.01 184.53 358.96 390.31 100.20 106.37 187.80
363.92 122.79 103.68 124.36 100.15 132.17 255.57 88.94 241.91 80.48 91.65 90.37 406.18 79.69 88.50 81.18 136.06 82.20 93.96 265.98 317.23 82.03 92.76 81.31 119.33 379.50 80.65 80.13 358.30 0.00 257.37 94.72 0.00 337.80 257.91 320.61 79.80 134.09 294.21 118.71 80.95 120.32 259.66 82.75 86.90-9999.00-9999.00-9999.00-9999.00-9999.00-9999.00-9999.00-9999.00-9999.00-9999.00-9999.00-9999.00-9999.00-9999.00-9999.00-9999.00-9999.00-9999.00-9999.00 -9999.00-9999.00-9999.00-9999.00-9999.00-9999.00-9999.00-9999.00-9999.00-9999.00-9999.00-9999.00-9999.00-9999.00-9999.00-9999.00-9999.00-9999.00-9999.00-9999.00 111.06 236.51 84.97 99.02 90.51 92.71 83.52 90.24 88.16 79.31 385.95 137.14 87.34 86.92 89.81
144.01 80.85 113.57 189.39 378.80 201.73 81.57 80.75 119.02 0.00 376.15 364.25 147.30 83.61 108.17 269.88 240.95 0.00 119.10 136.27 201.20 121.67 80.85 80.40 376.89 381.21 79.69 81.31 166.97 83.61-9999.00-9999.00-9999.00-9999.00-9999.00-9999.00-9999.00-9999.00-9999.00-9999.00-9999.00-9999.00-9999.00-9999.00-9999.00-9999.00-9999.00-9999.00 -9999.00-9999.00-9999.00-9999.00-9999.00-9999.00-9999.00-9999.00-9999.00-9999.00-9999.00-9999.00-9999.00-9999.00-9999.00-9999.00-9999.00-9999.00-9999.00-9999.00-9999.00-9999.00-9999.00-9999.00-9999.00 97.26 236.24 378.06 78.89 383.66 127.86 90.72 94.90 147.01 82.36 153.63 91.84 88.01 368.65 80.69 0.00 211.03 82.57 194.50 247.45 210.85 91.09 377.94 272.36 92.34 87.57 85.63 384.72 382.94 377.64
0.00 376.75 378.10 370.43 131.40 79.74 142.17 85.22 133.55 145.37-9999.00-9999.00-9999.00-9999.00-9999.00-9999.00-9999.00-9999.00-9999.00-9999.00-9999.00-9999.00-9999.00-9999.00-9999.00-9999.00-9999.00-9999.00-9999.00 -9999.00-9999.00-9999.00-9999.00-9999.00-9999.00-9999.00-9999.00-9999.00-9999.00-9999.00-9999.00-9999.00-9999.00-9999.00-9999.00-9999.00-9999.00-9999.00-9999.00-9999.00 84.35 86.36 356.16 101.18 85.29 86.36 99.44 81.60 85.29 167.07 222.55 0.00 191.60 85.63 81.96 0.00 375.62 121.26 372.87 131.01 81.78 99.02 101.55 84.97 94.29 96.30 95.22 90.51 114.57 93.72 218.58 174.77 387.04 121.26 122.69 91.09 0.00 324.84 0.00 0.00 0.00 0.00 0.00 380.03 377.75 376.41 92.34 149.32 99.85 91.09
101.81-9999.00-9999.00-9999.00-9999.00-9999.00-9999.00-9999.00-9999.00-9999.00-9999.00-9999.00-9999.00-9999.00-9999.00-9999.00-9999.00-9999.00-9999.00-9999.00-9999.00-9999.00-9999.00 -9999.00-9999.00-9999.00-9999.00-9999.00-9999.00-9999.00-9999.00-9999.00-9999.00-9999.00-9999.00-9999.00-9999.00-9999.00-9999.00-9999.00 341.33 82.36 81.78 297.66 93.76 112.44 90.40 104.49 92.04 79.61 0.00 81.27 81.60 80.97 88.62 80.83 91.09 202.26 378.46 180.67 377.40 0.00 209.75 235.85 375.10 375.84 376.81 321.88 91.09 350.04 84.97 91.69 128.28 101.18 169.29 85.29 287.33 278.62 375.10 128.28 385.89 386.22 0.00 377.45 119.59 304.06 89.96 106.37 238.78 84.97 377.30 256.98 257.57 98.21 84.65 95.22 112.44 103.54 96.30
97.26 345.31 376.10 121.26 377.30 291.36 0.00 388.36 254.44 376.62 376.22 377.26 261.89 376.03 194.59 380.24 378.98 385.93 377.29 242.43 229.96 93.02 93.76 376.15 210.04 227.27 381.11 305.82 98.24 119.15 376.97 0.00 0.00 0.00 0.00 0.00 0.00 309.55 386.90 273.69 376.70 377.20 0.00 0.00 227.15 209.84 376.05 375.28 0.00 360.21 375.01 242.61 0.00 153.79 375.73 86.23 177.33 387.46 382.67 375.56 80.83
159.58 152.76 89.22 80.48 308.82 351.24 383.76 0.00 88.94 199.60 92.95 108.54 383.92 141.43 79.96 89.09 87.78 79.60 119.02 322.20 375.74 79.84 90.22 100.68 288.76 87.28 100.31 100.68 84.10 96.94 95.57-9999.00-9999.00-9999.00-9999.00-9999.00-9999.00-9999.00-9999.00-9999.00-9999.00-9999.00-9999.00-9999.00-9999.00-9999.00-9999.00-9999.00-9999.00-9999.00-9999.00-9999.00-9999.00 -9999.00-9999.00-9999.00-9999.00-9999.00-9999.00-9999.00-9999.00-9999.00-9999.00-9999.00-9999.00-9999.00-9999.00-9999.00-9999.00-9999.00-9999.00-9999.00-9999.00-9999.00-9999.00-9999.00-9999.00-9999.00-9999.00-9999.00-9999.00-9999.00-9999.00-9999.00 84.06 377.42 377.32 112.44 146.00 210.04 210.04 218.37 242.61 324.84 377.49 366.58 0.00 328.32 378.69 359.18 101.16 101.44 101.16 0.00 222.82 392.75 375.62 376.83 148.07 85.99 142.20 235.83 83.79
148.23 375.25 375.69 320.73 93.21 111.56 390.76 419.29 422.39 304.49 273.25 0.00 255.01 376.37 0.00 171.09 230.31 375.29 375.41 386.77 330.54 375.17 160.26 375.53 124.63 349.11 375.81 124.51 158.44 84.42 382.59 375.46 90.23 83.86 92.98 383.03 352.04 352.99 80.70 374.61 90.53 183.99 304.50 377.19 97.57 368.78 95.26 371.06 134.91 100.31 377.64 100.31 379.66 98.05 331.15-9999.00-9999.00-9999.00-9999.00-9999.00-9999.00-9999.00-9999.00-9999.00-9999.00-9999.00-9999.00-9999.00-9999.00-9999.00-9999.00-9999.00-9999.00-9999.00-9999.00-9999.00 -9999.00-9999.00-9999.00-9999.00-9999.00-9999.00-9999.00-9999.00-9999.00-9999.00-9999.00-9999.00-9999.00-9999.00-9999.00-9999.00-9999.00-9999.00-9999.00-9999.00-9999.00-9999.00-9999.00-9999.00-9999.00-9999.00-9999.00-9999.00-9999.00-9999.00-9999.00-9999.00-9999.00 101.89 263.93 378.48 210.90 376.58
120.54 146.55 160.39 95.20 144.94 123.53 153.28 310.13 95.95 81.38 92.02 92.57 93.49 93.11 375.36 0.00 375.65 379.04 115.51 89.57 378.72 0.00 378.50 375.15 341.56 203.83 135.77 375.73 375.91 217.80 139.42 81.77 84.49 82.21 81.06 88.23 266.25 83.99 103.93 0.00 0.00 122.26 246.84 189.11 87.00 87.77 0.00 0.00 0.00 89.06 91.06 96.66 98.78 156.29-9999.00-9999.00-9999.00-9999.00-9999.00-9999.00-9999.00-9999.00-9999.00-9999.00-9999.00-9999.00-9999.00-9999.00-9999.00-9999.00-9999.00-9999.00-9999.00-9999.00-9999.00-9999.00-9999.00 -9999.00-9999.00-9999.00-9999.00-9999.00-9999.00-9999.00-9999.00-9999.00-9999.00-9999.00-9999.00-9999.00-9999.00-9999.00-9999.00-9999.00-9999.00-9999.00-9999.00-9999.00-9999.00-9999.00-9999.00-9999.00-9999.00-9999.00-9999.00-9999.00-9999.00-9999.00-9999.00-9999.00-9999.00-9999.00-9999.00-9999.00-9999.00-9999.00 230.31 274.13 274.13 211.99 375.26 375.29
93.86 103.67-9999.00-9999.00-9999.00-9999.00-9999.00-9999.00-9999.00-9999.00-9999.00-9999.00-9999.00-9999.00-9999.00-9999.00-9999.00-9999.00-9999.00-9999.00 -9999.00-9999.00-9999.00-9999.00-9999.00-9999.00-9999.00-9999.00-9999.00-9999.00-9999.00-9999.00-9999.00-9999.00-9999.00-9999.00-9999.00-9999.00-9999.00-9999.00-9999.00-9999.00-9999.00-9999.00-9999.00-9999.00-9999.00-9999.00-9999.00-9999.00-9999.00-9999.00-9999.00-9999.00-9999.00-9999.00-9999.00-9999.00-9999.00-9999.00-9999.00-9999.00-9999.00-9999.00-9999.00-9999.00-9999.00-9999.00 375.47 375.00 0.00 297.38 375.11 375.65 331.02 0.00 375.03 274.13 353.73 378.88 326.49 375.37 297.37 377.91 0.00 297.37 375.00 297.37 0.00 297.37 375.00 297.37 0.00 297.37 375.36 375.00 297.37 331.03 375.51 318.67 360.71 0.00 331.02 376.43 289.26 375.63 375.27 0.00 0.00 0.00 0.00 375.28 115.51 146.59 379.63 375.61 335.86 368.41 86.29 377.87 378.64 128.73 92.77 85.64 372.52 382.85
379.18 86.85 91.21 106.20 107.72-9999.00-9999.00-9999.00-9999.00-9999.00-9999.00-9999.00-9999.00-9999.00-9999.00-9999.00-9999.00-9999.00-9999.00-9999.00-9999.00-9999.00-9999.00 -9999.00-9999.00-9999.00-9999.00-9999.00-9999.00-9999.00-9999.00-9999.00-9999.00-9999.00-9999.00-9999.00-9999.00-9999.00-9999.00-9999.00-9999.00-9999.00-9999.00-9999.00-9999.00-9999.00-9999.00-9999.00-9999.00-9999.00-9999.00-9999.00-9999.00-9999.00-9999.00-9999.00-9999.00-9999.00-9999.00-9999.00-9999.00-9999.00-9999.00-9999.00-9999.00-9999.00-9999.00-9999.00-9999.00-9999.00-9999.00-9999.00-9999.00-9999.00-9999.00-9999.00-9999.00 0.00 353.75 324.47 376.05 375.28 326.46 376.02 335.02 297.37 0.00 0.00 375.42 0.00 297.37 375.34 297.38 375.00 297.38 375.75 297.38 375.34 326.46 375.01 0.00 375.45 375.00 0.00 297.38 375.97 230.25 375.52 196.56 375.37 263.49 94.75 142.32 375.71 93.95 82.91 79.97 90.37 83.31 377.14 376.13 144.94 81.16 0.00 338.48 81.91 82.72 91.06 376.11 87.77 97.57 382.26
