蒙特卡罗+CDRMV3/输出数据/2D水深分布/WaterDepthGIS_0139.ASC
ncols         539            
nrows         744            
xllcorner     602630.84259341
yllcorner     3914823.670891 
cellsize      50             
NODATA_value  -9999.00       
[rows 0 to 26 of 32, columns 183 to 243 of 539]
91.87 80.85 266.69 0.00 381.69 377.88 378.92 346.58 290.80 85.52-9999.00-9999.00-9999.00-9999.00-9999.00-9999.00-9999.00-9999.00-9999.00-9999.00-9999.00-9999.00-9999.00 -9999.00-9999.00-9999.00-9999.00-9999.00-9999.00-9999.00-9999.00-9999.00-9999.00-9999.00 89.09 195.13 379.55 92.18 379.96 85.45 91.65 96.53 87.45-9999.00-9999.00-9999.00-9999.00-9999.00-9999.00-9999.00-9999.00-9999.00-9999.00-9999.00-9999.00-9999.00-9999.00-9999.00-9999.00-9999.00-9999.00-9999.00-9999.00-9999.00-9999.00-9999.00-9999.00-9999.00-9999.00-9999.00-9999.00-9999.00-9999.00-9999.00-9999.00-9999.00-9999.00-9999.00-9999.00-9999.00-9999.00-9999.00-9999.00-9999.00-9999.00-9999.00-9999.00-9999.00-9999.00-9999.00-9999.00-9999.00-9999.00-9999.00-9999.00-9999.00-9999.00-9999.00-9999.00-9999.00-9999.00-9999.00-9999.00-9999.00-9999.00-9999.00-9999.00-9999.00-9999.00-9999.00-9999.00-9999.00-9999.00-9999.00-9999.00-9999.00-9999.00-9999.00-9999.00-9999.00-9999.00-9999.00-9999.00-9999.00-9999.00-9999.00-9999.00-9999.00-9999.00-9999.00-9999.00-9999.00-9999.00-9999.00-9999.00-9999.00-9999.00 83.03 129.18 250.59 378.94 380.79 292.70 80.84 90.23 80.77 199.51 92.57 0.00 89.21 221.03 87.00 217.30 88.04 92.79-9999.00-9999.00-9999.00-9999.00-9999.00-9999.00-9999.00-9999.00-9999.00-9999.00-9999.00-9999.00-9999.00 -9999.00-9999.00-9999.00-9999.00-9999.00-9999.00-9999.00-9999.00-9999.00-9999.00 219.61 149.13 84.89 381.79 104.69 378.97 317.18 82.21 151.92 233.78 121.69-9999.00-9999.00-9999.00-9999.00-9999.00-9999.00-9999.00-9999.00-9999.00-9999.00-9999.00-9999.00-9999.00-9999.00-9999.00-9999.00-9999.00-9999.00-9999.00-9999.00-9999.00-9999.00-9999.00-9999.00-9999.00-9999.00-9999.00-9999.00-9999.00-9999.00-9999.00-9999.00-9999.00-9999.00-9999.00-9999.00-9999.00-9999.00-9999.00-9999.00-9999.00-9999.00-9999.00-9999.00-9999.00-9999.00-9999.00-9999.00-9999.00-9999.00-9999.00-9999.00-9999.00-9999.00-9999.00-9999.00-9999.00-9999.00-9999.00-9999.00-9999.00-9999.00-9999.00-9999.00-9999.00-9999.00-9999.00-9999.00-9999.00-9999.00-9999.00-9999.00-9999.00-9999.00-9999.00-9999.00-9999.00-9999.00-9999.00-9999.00-9999.00-9999.00-9999.00-9999.00-9999.00-9999.00-9999.00-9999.00-9999.00-9999.00-9999.00-9999.00-9999.00 81.89 128.54 376.69 83.53 83.91 169.92 90.40 80.77 142.80 248.78 370.08
213.37 377.52 164.52 96.46 379.68 81.10 90.31 120.29 91.60 90.79 91.73 81.15 165.73 0.00 243.06 80.79 163.15 89.99 80.94 132.76 142.18 82.00 80.79 92.31 91.11 89.52 82.88 80.82 0.00 230.91 82.73 87.00 377.35 0.00 273.21 261.78 378.50 374.62 80.94 92.96-9999.00-9999.00-9999.00 -9999.00-9999.00-9999.00-9999.00-9999.00-9999.00-9999.00-9999.00-9999.00-9999.00-9999.00-9999.00-9999.00-9999.00-9999.00 88.93 81.11 293.34 375.55 80.56 0.00 369.50 375.71 143.15 86.39-9999.00-9999.00-9999.00-9999.00-9999.00-9999.00-9999.00-9999.00-9999.00-9999.00-9999.00-9999.00-9999.00-9999.00-9999.00-9999.00-9999.00-9999.00-9999.00-9999.00-9999.00-9999.00-9999.00-9999.00-9999.00-9999.00-9999.00-9999.00-9999.00-9999.00-9999.00-9999.00-9999.00-9999.00-9999.00-9999.00-9999.00-9999.00-9999.00-9999.00 133.89 198.78 98.12 91.50-9999.00-9999.00-9999.00-9999.00 83.03 130.41 375.46 377.63 90.53 381.90
140.46 82.46 83.91 94.35 93.77 0.00 0.00 0.00 0.00 0.00 364.33 139.77 96.73 0.00 0.00 0.00 238.07 125.22 81.33 82.33 0.00 88.42 81.33 84.32 121.24 0.00 83.72 95.59 88.42 0.00 377.04 196.55 133.89 376.44 280.92 124.16 83.72 93.32 105.12-9999.00-9999.00-9999.00-9999.00-9999.00 -9999.00-9999.00-9999.00-9999.00-9999.00-9999.00-9999.00-9999.00-9999.00-9999.00-9999.00-9999.00 80.50 156.82 375.88 80.26 264.84 0.00 85.45 88.43 88.60 91.65 82.88 380.79 132.97 85.16 313.87 219.63 90.02 239.14 196.37-9999.00-9999.00-9999.00-9999.00-9999.00-9999.00-9999.00-9999.00-9999.00-9999.00-9999.00-9999.00-9999.00-9999.00-9999.00-9999.00-9999.00-9999.00-9999.00-9999.00-9999.00-9999.00 83.19 108.06
82.59 231.07 381.04 421.41 84.11 100.65 159.59 83.72 218.45 377.83 92.16 126.81 0.00 133.15 92.62 102.87 348.68 92.96 90.53 356.46 376.30 81.39 131.63 0.00 85.52 91.87 93.14 93.51 166.01 91.73 85.80 0.00 376.21 81.47 172.91 327.02 80.94 101.71 96.73 82.33 141.92 81.71 123.45 377.09 377.32 374.56 212.99 91.87 81.89 82.22 83.36 84.11 94.58 86.68 81.80 127.17 90.79 131.08 0.00 0.00 0.00
243.94 82.00 89.91 81.62 100.29 92.01 89.05 124.27 385.60 84.54 90.14 82.46 90.31 88.81 383.10 375.67 100.65 83.36 83.36 380.94 256.06 89.46 97.43 93.51 85.80 378.50 137.56 89.21 88.67 81.15 145.48 82.73 125.96 385.05 375.56 156.68 225.48 0.00 375.97 341.68 201.25 107.76 393.75 364.38 177.44 89.63-9999.00-9999.00-9999.00-9999.00-9999.00-9999.00-9999.00-9999.00-9999.00-9999.00 -9999.00-9999.00-9999.00-9999.00-9999.00-9999.00-9999.00-9999.00-9999.00 375.98 92.18 254.93 90.02 90.37 86.73 148.66 82.06 139.78 121.74 0.00 82.88 81.43 87.68
363.12 148.61 91.60 93.91 97.43 89.17 163.13 120.98 80.94 169.50 369.69 84.77 376.19 96.73 0.00 376.87 146.07 0.00 376.52 376.14 88.25 87.34 317.20 85.80 89.21 375.68 85.01 95.59-9999.00-9999.00-9999.00-9999.00-9999.00-9999.00-9999.00-9999.00-9999.00 -9999.00-9999.00-9999.00 90.52 362.86 389.89 377.51 82.88 89.00 81.66 406.52 130.07 139.77 91.05 91.05 379.25 83.06 80.33 127.39 171.33 0.00 380.97 378.74 354.50 81.54 86.39 91.33 86.73 380.48 91.05 88.79 377.22 90.62 91.18 381.57
171.53 122.69 90.23 91.87 82.33 80.85 164.77 364.43 376.84 81.33 80.82 120.80 388.84 383.68 0.00 95.14 117.34 126.61 117.34 200.68 129.80 378.57 377.55 360.24 84.32 382.91 409.27 85.52 90.53 245.49-9999.00-9999.00-9999.00-9999.00-9999.00-9999.00-9999.00 -9999.00-9999.00-9999.00-9999.00 201.26 376.03 97.76 89.91 381.42 83.06 382.00 94.14 80.77 122.48 96.03 80.35 134.17 392.49 80.02 0.00 126.94 94.14 376.76 124.53 83.06 338.75 81.54 88.65 86.39 120.15 140.84 0.00 151.12 99.33
118.99 274.11 88.81 386.78 85.80 91.11 83.36 148.50 323.27 81.62 123.03 392.93 0.00 248.62 90.07 293.69 109.64 98.52 122.15 379.18 285.58 266.66 382.70 380.73 386.32 152.13 83.72 99.20 86.38 81.71-9999.00-9999.00-9999.00-9999.00-9999.00-9999.00-9999.00 -9999.00-9999.00-9999.00-9999.00-9999.00-9999.00 99.33 254.56 88.43 81.66 0.00 80.12 89.91 88.04 80.18 378.99 89.42 124.48 0.00 80.39 87.71 80.45 142.11 80.07 88.28 95.12 81.11 137.04 338.06 89.24 119.30 0.00 124.16 85.45 90.02 82.53
293.07 102.94 381.63 114.73 233.44 96.24 109.08 95.11 374.02 82.22 92.79 380.69 296.99 127.01 87.68 90.53-9999.00-9999.00-9999.00-9999.00-9999.00-9999.00-9999.00-9999.00 -9999.00-9999.00-9999.00-9999.00-9999.00-9999.00-9999.00-9999.00-9999.00 89.42 80.93 0.00 82.21 80.39 158.67 0.00 156.68 119.44 194.97 122.04 83.06 80.85 376.41 226.25 92.18 80.18 165.91 188.06 84.37 96.03 378.73 0.00 376.66 249.95 87.94 90.89 82.06 246.44 80.70 0.00 129.17 0.00 100.08 385.27 120.22 90.02 80.63 379.38 376.51 89.55 93.82 90.25 88.66
140.33 387.79 81.79 89.08 83.90 212.41 90.89 80.39 0.00 170.80 139.74 80.02 379.26 262.66 376.17 120.75 84.89 90.89 92.35 126.47 90.49 92.79 98.90 87.83 86.39 93.44 270.87 94.88 379.19 84.37 101.70 94.14 158.46 194.86 228.97 208.81 80.63 88.15 83.91 0.00 80.73 82.00 378.91 376.03 81.15 98.12 89.31 142.21 120.87 330.67 379.53 0.00 297.47 375.72 154.49 98.52 92.62 88.81 92.03 126.34 101.36
102.58 393.43 90.52 98.90 85.75 194.84 89.24 79.99 344.59 376.56 0.00 96.53 91.99 146.83 81.46 267.82 347.04 90.53 84.54 81.21 123.43 145.20 335.36 0.00 81.39 97.43 150.85 94.43 82.00 378.21 392.16 378.12 376.73 287.71 86.38 352.36 89.63 92.46 80.97 90.40 95.06 89.17 80.97 244.95 82.88 0.00 212.55 83.36 85.01 92.16 378.94 238.60 137.07 81.10 90.59 231.40 92.96 90.14 81.54 145.46 262.44
83.53 188.92 144.39 101.00 89.41 80.97 367.15 382.36 122.79 91.00 82.59 129.74 379.77 0.00 318.18 188.55 133.11 80.73 90.40 83.72 178.09 273.69 89.91 92.31 92.01 379.34 93.71 359.60 88.81 352.59 89.63 374.75 90.07 167.37 380.54 377.47 0.00 0.00 375.11 124.49 205.30 384.13 85.45 107.76 102.82 97.76 96.72 125.73 375.03 95.76 378.29 80.85 96.16 123.23 353.22 297.56 87.68-9999.00-9999.00-9999.00-9999.00-9999.00-9999.00-9999.00-9999.00-9999.00-9999.00 -9999.00-9999.00-9999.00-9999.00-9999.00-9999.00-9999.00-9999.00-9999.00 80.39 123.77 387.60
114.91 369.94 138.91 379.77 202.92 82.15 93.98 102.08 244.89 82.22 80.75 80.78 80.75 90.89 368.41 208.35 83.72-9999.00-9999.00-9999.00-9999.00-9999.00-9999.00-9999.00-9999.00-9999.00-9999.00-9999.00-9999.00-9999.00 -9999.00-9999.00-9999.00-9999.00-9999.00-9999.00-9999.00-9999.00-9999.00 90.52 350.41 373.33 81.79 81.32 379.11 128.88 85.45 380.69 383.71 0.00 338.71 88.23 0.00 81.11 263.76 137.56 107.73 93.36 80.39 0.00 179.60 91.65 90.89 126.14 383.86 162.16 139.73 83.26 80.18 145.01 0.00 80.63 89.16 88.65 172.76 376.18 90.37 391.07 90.37 82.70 381.12 84.37
0.00 312.24 142.28 80.05 92.79 286.59 379.52 81.79 0.00 84.13 91.18 90.76 94.06 79.98 135.79 80.70 138.52 0.00 83.06 81.02 163.66 0.00 146.68 81.32 160.81 81.79 207.46 81.54 89.78 87.34 92.96 93.32 81.47 166.03 92.46 92.46 87.34 0.00 370.88 375.62 0.00 82.33 85.01 386.94 290.52 380.67 209.17 0.00 265.24 91.50 375.76 94.58 111.72 81.39 90.79 83.36 380.11 97.10 90.07 85.01 375.62
377.56 83.91 81.33 361.83 372.74 87.68 382.26 81.71 91.23 93.91 82.10 378.41 378.94 381.53 0.00 376.30 380.12 242.46 153.15 94.33 140.91 83.91 92.01 185.69 95.14 80.78 383.29 81.89 376.66 81.33 81.10 377.09 291.85 91.50-9999.00-9999.00-9999.00-9999.00-9999.00-9999.00-9999.00-9999.00-9999.00-9999.00-9999.00-9999.00-9999.00-9999.00 -9999.00-9999.00-9999.00-9999.00-9999.00-9999.00-9999.00-9999.00-9999.00-9999.00-9999.00-9999.00-9999.00-9999.00-9999.00 360.69 96.03 97.43 102.58 87.45 377.56 92.35 89.60 79.98 0.00 90.67 122.10 127.89 375.11 380.98 119.93 86.39 87.68 80.70 379.19 0.00 83.26 87.70 80.12 247.78 0.00
95.12 85.75 149.93 377.68 377.47 80.50 384.70 83.90 101.22 0.00 80.39 88.33 89.16 89.70 177.40 160.87 113.24 232.27 139.05 358.44 108.54 262.16 381.18 378.21 146.03 91.50 256.92 82.22 86.08 342.12 88.81 216.12 91.23 90.53 395.76 87.00 211.53 100.29 377.87 83.72 85.26 84.77 94.35 81.33 160.61 259.73 213.36 0.00 142.84 93.91 84.11 332.32 225.48 0.00 383.15 375.34 343.39 148.54 83.72 80.73 88.72
96.35 137.34 86.39 379.74 84.37 164.85 80.85 128.01 173.11 398.88 84.37 140.27 0.00 93.15 375.67 91.18 81.02 102.20 376.75 0.00 144.02 90.95 82.77 95.02 232.34 81.54 157.22 154.56 82.37 86.06 136.97 249.93 381.70 98.48 83.91 392.23 224.99 92.57 93.15 376.32 351.57 379.42 0.00 87.68 90.14 96.77 97.77 83.53 94.35 265.76 313.33 91.00 92.57 85.01 376.91 381.17 130.99 91.60 89.21 83.36 123.69
81.43 99.30 378.44 81.79 81.02 297.55 82.88 174.24 98.37 148.13 0.00 285.34 80.63 86.87 334.87 84.62 91.05 84.13 187.71 381.72 138.72 384.87 88.23 379.15 107.75 142.75 84.13 376.11 84.89 0.00 130.41 150.97 90.07 92.03 394.97 399.58 93.15 132.42 93.98 303.83 85.01 380.20 82.33 117.34 94.35 84.54 379.44 400.50 282.16 148.17 81.10 259.85 81.54 146.98 376.28 97.10 85.52 131.72 377.75 90.07 91.50
95.34 84.52 85.78 374.29 252.31 107.75 92.54 95.72 102.20 211.39 114.19 86.73 375.36 377.15 0.00 211.19 219.61 395.37 379.83 170.84 390.08 378.29 378.11 243.70 375.74 96.73 271.42 198.37 324.53 0.00 0.00 92.03 0.00 136.52 238.69 88.81 236.47 81.05 86.38 81.80 375.33 376.96 419.31 387.54 80.97 191.53 379.86 0.00 92.03 377.16 91.01 0.00 375.69 96.24 81.05 80.73 90.06 0.00 0.00 378.31 86.38
0.00 0.00 255.16 105.37 272.67 95.71 99.55 102.87 109.41 87.00 95.87 93.15 87.00 80.87 84.54 136.63 88.42 101.36 95.87 82.46 89.77 175.22 82.59 81.39 121.27 247.52 0.00 377.27 371.22 152.44 94.72 215.04 88.42 82.10 202.79 0.00 238.22 190.61 122.61 89.21 93.71 87.68 129.20 365.77 93.71-9999.00-9999.00-9999.00-9999.00-9999.00-9999.00-9999.00-9999.00-9999.00-9999.00-9999.00-9999.00-9999.00-9999.00-9999.00-9999.00-9999.00-9999.00-9999.00 -9999.00-9999.00-9999.00-9999.00-9999.00-9999.00-9999.00-9999.00-9999.00-9999.00-9999.00-9999.00-9999.00-9999.00-9999.00-9999.00-9999.00-9999.00-9999.00-9999.00-9999.00-9999.00-9999.00 91.75 110.93 178.43 376.88 381.17 87.45 95.72 89.91 81.21 170.43 143.84 329.89 247.64 93.44 360.06
144.31 83.91 375.46 87.68 89.63 98.48 83.19 222.97 88.42 378.88 82.59 91.11 88.65 125.63 376.91 0.00 166.65 80.73 88.74 375.24 80.28 89.99 89.17 97.77 0.00 126.48 239.27 134.73 81.89 375.80 201.12 124.58 100.32-9999.00-9999.00-9999.00-9999.00-9999.00-9999.00-9999.00-9999.00-9999.00-9999.00-9999.00-9999.00-9999.00-9999.00-9999.00-9999.00-9999.00-9999.00-9999.00-9999.00 -9999.00-9999.00-9999.00-9999.00-9999.00-9999.00-9999.00-9999.00-9999.00-9999.00-9999.00-9999.00-9999.00-9999.00-9999.00-9999.00-9999.00-9999.00 117.42-9999.00 96.69 90.02 311.58 84.13 82.21 385.43 391.36 99.30 84.13 376.42 0.00 379.19 98.52 81.66 84.62 126.63 372.93 0.00 380.76 377.17 98.37 116.92 341.39 327.15 378.68 90.52
87.34 378.61 382.43 358.05 0.00 0.00 384.06 377.60 328.29 93.91 101.68 271.19 378.42 202.66 125.12 297.13 83.91 92.46 0.00 88.92 291.27 245.08 88.42-9999.00-9999.00-9999.00-9999.00-9999.00-9999.00-9999.00-9999.00-9999.00-9999.00-9999.00-9999.00-9999.00-9999.00-9999.00-9999.00-9999.00-9999.00-9999.00-9999.00-9999.00-9999.00-9999.00-9999.00 -9999.00-9999.00-9999.00-9999.00-9999.00-9999.00-9999.00-9999.00-9999.00-9999.00-9999.00-9999.00-9999.00-9999.00-9999.00-9999.00-9999.00 93.82 96.03 86.06 388.78 385.14 94.88 390.72 387.08 389.29 102.20 103.06 95.72 182.57 98.14 81.21 387.96 140.75 97.76 90.52 0.00 381.24 0.00 243.51 375.22 376.71 292.34 292.40 375.79 131.28 375.25 171.21 375.21 376.02 123.30 101.22 380.05 101.22
262.56 382.42 248.11 0.00 0.00 379.23 315.19 149.44 269.40 237.50 322.23 367.47 0.00 224.03 340.79 95.51 102.97 115.40 97.46 98.59 375.33 94.88 96.53 375.40 375.73 216.26 115.79 385.00 169.98 220.98 197.46 149.44 381.95 269.37 373.35 375.44 0.00 328.68 328.68 378.75 390.16 328.76 377.54 314.89 378.26 0.00 0.00 376.03 379.31 383.90 375.92 375.43 93.15 248.46 90.52 98.52 90.02 377.86 89.55 95.12 80.63
123.75 182.85 376.94 349.68 188.26 141.91 83.91 92.03 81.47 91.60 121.87 143.77 145.43 99.22 376.42 82.22 147.51 145.36-9999.00-9999.00-9999.00-9999.00-9999.00-9999.00-9999.00-9999.00-9999.00-9999.00-9999.00-9999.00-9999.00-9999.00-9999.00-9999.00-9999.00-9999.00-9999.00-9999.00-9999.00 -9999.00-9999.00-9999.00-9999.00-9999.00-9999.00-9999.00-9999.00-9999.00-9999.00-9999.00-9999.00-9999.00-9999.00-9999.00-9999.00-9999.00-9999.00-9999.00-9999.00-9999.00-9999.00-9999.00-9999.00-9999.00-9999.00-9999.00-9999.00-9999.00-9999.00 83.46 380.31 380.25 95.68 378.73 112.75 375.45 376.22 365.60 377.82 377.86 377.06 377.10 0.00 269.37 0.00 328.68 377.47 192.35 0.00 429.36 419.85 385.65 390.57 390.14 388.76 82.91 100.40 86.19 92.21 98.78 89.33 92.77 89.76 128.33 197.76 231.03 123.61 122.27 375.90 184.46 184.46
319.23 175.41 135.96 162.45 348.96 106.67 93.63 277.01 278.78 90.21 85.91 84.47 140.08 90.21 88.53 82.41 377.02 123.83 366.39 96.14 103.05 102.14 379.80 104.53 379.70 84.47 94.81 83.52 97.68 384.08 104.10 379.20 93.15 384.52 85.00-9999.00-9999.00-9999.00-9999.00-9999.00-9999.00-9999.00-9999.00-9999.00-9999.00-9999.00-9999.00-9999.00-9999.00-9999.00-9999.00-9999.00-9999.00-9999.00-9999.00-9999.00-9999.00 -9999.00-9999.00-9999.00-9999.00-9999.00-9999.00-9999.00-9999.00-9999.00-9999.00-9999.00-9999.00-9999.00-9999.00-9999.00-9999.00-9999.00-9999.00-9999.00-9999.00-9999.00-9999.00-9999.00-9999.00-9999.00-9999.00-9999.00-9999.00-9999.00-9999.00-9999.00-9999.00-9999.00 267.28 252.11 213.96 364.37 376.94 377.32 376.74 375.67 376.75 377.45 375.01 375.01 353.97 375.31 0.00 326.96 379.02 331.24 376.10 377.17 260.66 380.23 382.35 377.55 331.24
87.11 100.40 97.23 145.95-9999.00-9999.00-9999.00-9999.00-9999.00-9999.00-9999.00-9999.00-9999.00-9999.00-9999.00-9999.00-9999.00-9999.00-9999.00-9999.00-9999.00-9999.00-9999.00-9999.00-9999.00-9999.00 -9999.00-9999.00-9999.00-9999.00-9999.00-9999.00-9999.00-9999.00-9999.00-9999.00-9999.00-9999.00-9999.00-9999.00-9999.00-9999.00-9999.00-9999.00-9999.00-9999.00-9999.00-9999.00-9999.00-9999.00-9999.00-9999.00-9999.00-9999.00-9999.00-9999.00-9999.00-9999.00-9999.00-9999.00-9999.00-9999.00-9999.00-9999.00-9999.00-9999.00-9999.00-9999.00-9999.00-9999.00-9999.00 375.29 374.23 375.12 0.00 297.66 375.34 326.85 375.95 231.03 0.00 376.53 375.01 297.66 375.34 331.24 297.66 377.70 375.01 0.00 293.98 320.00 375.71 378.46 255.56 380.77 324.85 375.99 235.85 389.80 376.58 375.47 300.94 382.65 260.66 0.00 0.00 0.00 380.98 235.85 279.80 0.00 375.31 373.43 375.10 290.01 201.96 0.00 0.00 0.00 0.00 0.00 0.00 0.00 131.34 91.16 89.03
106.34 376.71 307.62 88.53 381.17 155.83 84.47 385.06 172.98 88.15 379.65 379.64 265.87 91.16 91.69 387.18 98.01 206.50 380.84 372.01 86.31-9999.00-9999.00-9999.00-9999.00-9999.00-9999.00-9999.00-9999.00-9999.00-9999.00-9999.00-9999.00-9999.00-9999.00-9999.00-9999.00-9999.00-9999.00 -9999.00-9999.00-9999.00-9999.00-9999.00-9999.00-9999.00-9999.00-9999.00-9999.00-9999.00-9999.00-9999.00-9999.00-9999.00-9999.00-9999.00-9999.00-9999.00-9999.00-9999.00-9999.00-9999.00-9999.00-9999.00-9999.00-9999.00-9999.00-9999.00-9999.00-9999.00-9999.00-9999.00-9999.00-9999.00-9999.00-9999.00-9999.00-9999.00-9999.00-9999.00-9999.00-9999.00-9999.00-9999.00-9999.00-9999.00-9999.00-9999.00-9999.00-9999.00 274.58 255.56 0.00 297.66 375.71 326.85 382.53 378.85 235.85 0.00 260.66 382.36 331.50 0.00 376.52 375.27 0.00 297.65 0.00 375.01 297.65 297.66 375.60 331.24 375.31 297.65 0.00 297.66 375.01 326.96 0.00 255.56 374.23 378.38 377.43 377.12 384.50 376.81 242.47
