蒙特卡罗+CDRMV3/输出数据/2D水深分布/WaterDepthGIS_0154.ASC
ncols         539            
nrows         744            
xllcorner     602630.84259341
yllcorner     3914823.670891 
cellsize      50             
NODATA_value  -9999.00       
[rows 0 to 26 of 32, columns 427 to 487 of 539]
76.18 74.22 160.11 0.00 77.56 379.94 74.77 82.08 82.90 79.19 375.78 90.69-9999.00-9999.00 97.05 93.12-9999.00-9999.00-9999.00-9999.00-9999.00 -9999.00-9999.00-9999.00-9999.00-9999.00-9999.00-9999.00-9999.00-9999.00-9999.00-9999.00-9999.00-9999.00-9999.00-9999.00 76.02 136.02 366.26 78.45 122.26 0.00 150.50 81.83 106.32-9999.00-9999.00-9999.00-9999.00-9999.00-9999.00-9999.00-9999.00-9999.00-9999.00-9999.00-9999.00-9999.00-9999.00-9999.00-9999.00-9999.00-9999.00-9999.00-9999.00-9999.00-9999.00-9999.00-9999.00-9999.00-9999.00-9999.00-9999.00-9999.00-9999.00-9999.00-9999.00-9999.00-9999.00-9999.00-9999.00-9999.00-9999.00-9999.00-9999.00-9999.00-9999.00-9999.00-9999.00-9999.00-9999.00-9999.00-9999.00-9999.00-9999.00-9999.00-9999.00-9999.00-9999.00-9999.00 86.33 76.91 354.36 75.44-9999.00-9999.00-9999.00-9999.00-9999.00-9999.00-9999.00-9999.00-9999.00-9999.00-9999.00 78.88-9999.00-9999.00-9999.00-9999.00-9999.00-9999.00-9999.00-9999.00-9999.00-9999.00-9999.00-9999.00-9999.00 90.31 74.77 369.24 74.29 380.48 85.11 211.39 126.56 75.86 81.76 144.64 293.15 85.44 214.09 187.91 82.99 76.91 81.67 83.98 85.22 0.00 88.33 374.63 140.71 74.68 73.87 75.19 377.76 80.19 87.65 378.17 198.63
74.00 0.00 0.00 162.70 175.57 78.60 0.00 249.55 383.22 253.92 73.87 95.97 201.97 80.19 375.58 74.97 74.97 244.34 378.09 394.11 378.93 0.00 75.08 73.62 334.76 85.78 75.57 376.47 300.36 373.55 74.16 75.31 85.96 84.14 82.65 0.00 85.22 0.00 234.39 81.34 378.48 286.74 74.97 84.37 97.05-9999.00-9999.00-9999.00-9999.00 -9999.00-9999.00-9999.00-9999.00-9999.00-9999.00-9999.00-9999.00-9999.00-9999.00-9999.00-9999.00-9999.00 87.47 86.75 73.56 111.52 377.19 0.00 145.06 73.44 83.66 106.32 116.88 150.25 80.16 89.15-9999.00-9999.00-9999.00-9999.00-9999.00-9999.00-9999.00-9999.00-9999.00-9999.00-9999.00-9999.00-9999.00-9999.00-9999.00-9999.00-9999.00-9999.00-9999.00-9999.00-9999.00-9999.00-9999.00-9999.00-9999.00-9999.00-9999.00-9999.00-9999.00-9999.00-9999.00-9999.00-9999.00-9999.00-9999.00 78.60
75.31 73.75 141.54 80.94 0.00 79.51 358.41 0.00 386.62 381.98 382.80 375.51 390.05 121.79 77.80 377.56 78.06-9999.00-9999.00-9999.00-9999.00-9999.00-9999.00 -9999.00-9999.00-9999.00-9999.00-9999.00-9999.00-9999.00-9999.00-9999.00-9999.00-9999.00 77.60 112.10 205.21 379.35 82.56 80.87 79.08 0.00 271.63 111.86 75.03 80.60 378.19 83.66 381.33 249.03 170.18 89.15 78.45 241.18 81.90 128.96-9999.00-9999.00-9999.00-9999.00-9999.00 86.52 75.66 141.80 91.01 191.24 88.33 379.16 206.49-9999.00-9999.00-9999.00-9999.00-9999.00 84.67 264.82 368.03 87.65 79.84 406.24 75.08 88.81 78.88 377.03 81.76 80.94 173.73
344.45 78.06 352.86 85.22 375.82 216.15 77.34 73.72 341.97 77.12 144.92 0.00 182.09 76.35 86.33 82.02 182.68 0.00 0.00 375.50 282.48 272.21 89.05 76.91 143.33 377.10 295.38 383.46 76.01 94.96 0.00 132.15 73.91 87.81 74.87 376.52 77.34 0.00 304.33 132.89 73.64 81.85 91.40 75.71 89.08 84.14 116.81 353.60 375.42 403.25 380.58 75.19 102.91 73.91 232.42 320.47 380.17 381.19 85.22 227.88 0.00
152.10 376.27 0.00 74.43 132.33 177.07 77.34 75.08 127.06 382.01 75.44 85.44 117.30 83.85 83.62 177.80 116.43 75.57 112.21 380.83 87.14 83.39 80.56 149.67 385.80 136.20 75.71 118.30 376.86 180.24 378.93 74.16 138.89 80.56 175.45 275.21 96.86 84.24 82.34 113.07 91.01 84.37 73.91 81.25 77.12 412.23 0.00 82.65 222.13 128.66 93.83 88.43 378.17 94.96 125.32 98.67 366.21 78.60-9999.00-9999.00-9999.00-9999.00-9999.00-9999.00-9999.00-9999.00-9999.00 -9999.00-9999.00-9999.00-9999.00-9999.00 184.74 75.66
81.91 139.46 117.48 83.13 386.18 242.90 74.77 90.65 91.80 73.62 84.24 82.20 129.60 266.78 0.00 74.51 85.61 86.33 79.51 337.36 76.18 73.87 81.29 74.59 86.73 78.88 82.99 165.98 74.51 228.98 379.10 376.27 75.31 74.22 78.32 378.33 74.97 75.86 293.89 0.00 349.28 375.44 222.28 99.18 0.00 384.53 385.34 381.57 381.25 236.09 76.71 80.56 96.42-9999.00-9999.00-9999.00-9999.00-9999.00-9999.00-9999.00-9999.00-9999.00 -9999.00-9999.00 74.20 375.57 375.75 75.49 376.89 344.23 167.24
75.71 163.67 212.97 375.43 381.84 0.00 122.57 92.67 377.60 378.31 204.31 86.39 243.71 376.06 89.98 108.36 0.00 78.88 134.88 75.57 85.61 80.56 78.32 376.95 74.68 77.12 112.27 378.15 73.80 73.72 180.92 81.91 76.71 81.63 83.98 81.63 84.51 129.41 0.00 107.06 0.00 0.00 0.00 388.34 245.82 253.73 118.70 112.05 119.13 181.78 92.50 89.94 147.24 129.73 77.56 376.02 75.44-9999.00-9999.00-9999.00-9999.00-9999.00-9999.00 -9999.00-9999.00-9999.00-9999.00-9999.00 86.99 82.26 73.84
0.00 76.35 220.11 114.83 156.98 75.44 75.31 84.14 130.01 75.44 112.06 0.00 358.61 112.28 77.56 80.56 134.47 380.72 75.19 259.78 89.37 76.71 125.42 78.06 388.14 82.20 160.96 73.87 73.84 135.37 78.06 375.30 0.00 119.63 387.20 382.85 383.12 384.87 381.33 383.13 387.00 380.03 244.67 246.75 87.02 92.24 75.71 75.71 376.76 79.19 92.67-9999.00-9999.00-9999.00-9999.00-9999.00-9999.00-9999.00 -9999.00-9999.00-9999.00-9999.00-9999.00-9999.00-9999.00-9999.00 73.21 112.02 0.00 279.02 134.82 74.01 73.51 384.89 0.00
117.15 85.78 77.80 0.00 378.33 257.23 115.70 84.14 82.14 81.85 76.91 122.32 0.00 382.04 377.75 375.42 158.58 121.41 73.91 84.10 82.20 82.65 375.57 122.76 75.31 73.62 89.67 98.18-9999.00-9999.00-9999.00-9999.00-9999.00-9999.00-9999.00-9999.00-9999.00 -9999.00-9999.00-9999.00-9999.00-9999.00-9999.00-9999.00-9999.00-9999.00 73.21 114.91 0.00 78.76 77.60 0.00 77.60 187.88 111.74 73.06 84.42 124.02 73.44 377.43 82.78 84.93 80.38 80.45 73.76 393.53 0.00 376.12 73.29 81.66 144.31 172.38 80.96 75.49 87.73 81.74 276.07 208.49
358.23 81.76-9999.00-9999.00-9999.00-9999.00-9999.00-9999.00-9999.00-9999.00 -9999.00-9999.00-9999.00-9999.00-9999.00-9999.00-9999.00-9999.00-9999.00-9999.00 74.40 128.46 129.68 0.00 164.79 73.92 78.15 86.75 74.10 154.79 379.66 83.39 86.99 82.45 80.54 132.08 0.00 140.66 356.40 75.18 125.42 76.42 77.34 79.78 395.66 152.65 76.86 81.38 77.60 76.21 176.29 274.41 85.48 340.13 92.62 185.63 86.99 90.52 84.37 97.04 131.75 263.04 83.52 80.56 73.83 375.27 378.73 0.00 73.69 91.01 376.26 352.39 74.77 154.90 104.40 81.17 81.63 75.86
77.87 152.48 84.58 73.39 378.48 0.00 75.03 366.62 189.80 89.84 76.63 375.32 355.35 81.90 193.71 81.74 75.03 302.54 376.12 76.86 0.00 378.40 220.64 173.75 117.71 88.33 83.50 75.31 217.78 74.29 127.80 74.59 245.18 0.00 316.58 147.68 75.86 80.94 137.27 385.33 269.14 375.70 114.57 78.88 94.07 75.57 359.73 378.32 306.97 82.90 80.56 73.70 114.71 376.79 83.62 0.00 375.62 273.28 124.12 74.77 74.11
162.79 371.88 138.99 75.70 87.14 74.59 375.65 0.00 74.11 75.86 376.08 307.09 132.96 83.13 84.80 118.12 73.77 73.62 394.72 75.57 84.65 74.59 0.00 152.97 116.20 73.65 83.19 116.81 83.73 79.19 381.09 80.56 73.62 202.96 330.55 410.52 78.06 379.52 98.18 338.88 377.60 379.07 377.91 376.50 380.53 0.00 378.81 377.61 306.03 384.14 377.05 328.84 78.54 82.30 139.05 136.63 74.97 376.01 391.37 204.64 74.97
378.27 0.00 375.89 380.97 373.43 378.59 97.33 196.96 81.09 100.22 180.68 110.90 350.96 95.97 381.40 383.62 368.33 119.45 73.77 88.05-9999.00-9999.00-9999.00-9999.00-9999.00-9999.00-9999.00-9999.00-9999.00-9999.00-9999.00-9999.00-9999.00-9999.00 -9999.00-9999.00-9999.00-9999.00-9999.00-9999.00-9999.00-9999.00-9999.00 75.49 182.86 82.78 84.75 355.67 376.01 97.63 377.56 96.05 83.61 85.88 88.23 0.00 80.16 86.02 376.91 74.89 83.52 73.18 140.12 98.06 0.00 83.39 83.95 380.46 83.26 82.16 91.72 77.34 110.78 0.00 77.60 130.02 73.21 73.56 80.72 75.49 0.00 77.87 403.85
133.92 73.50 77.09 122.19 75.83 0.00 376.87 376.58 302.40 118.68 75.83 81.21 81.05 73.50 254.63 0.00 84.37 74.52 0.00 163.96 72.97 72.95 80.45 82.56 73.88 359.69 80.16 181.15 114.32 91.01 172.52 376.89 85.44 137.62 376.62 0.00 380.37 231.48 83.01 94.30 99.48 379.28 91.65 377.90 90.17 107.68 387.80 372.32 125.24 83.20 93.42 83.09 83.73 74.16 379.09 103.29 91.80 85.27 81.76 88.29 74.59
84.37 90.31 96.05 0.00 99.18 0.00 378.01 183.66 376.02 376.09 370.62 190.17 111.68 74.36 89.67 85.44 77.56 378.40 79.51 229.23 83.09 169.34 136.32 92.22-9999.00-9999.00-9999.00-9999.00-9999.00-9999.00-9999.00-9999.00-9999.00-9999.00-9999.00-9999.00-9999.00-9999.00 -9999.00-9999.00-9999.00-9999.00-9999.00-9999.00-9999.00-9999.00-9999.00-9999.00-9999.00-9999.00-9999.00-9999.00-9999.00-9999.00-9999.00 97.39 370.58 380.33 378.91 73.34 137.39 232.59 375.37 0.00 74.89 82.16 77.34 377.56 82.80 74.20 113.72 188.50 0.00 105.25 310.58 73.92 73.21 130.96 0.00 116.94 74.40 84.93 112.84 0.00 75.83 83.01 376.23 86.52 174.34 76.86 73.69
382.81 375.64 134.42 80.94 83.73 118.98 86.53 79.51 0.00 0.00 0.00 0.00 381.42 381.45 194.98 82.65 84.80 89.08 87.36 75.44 131.65 372.87 407.10 382.73 145.31 81.59 74.11 74.22 0.00 103.29 261.60 138.36 380.36 375.38 80.68 85.72 81.67 81.76 82.64 78.06 82.48 85.96 116.03 181.91 79.19-9999.00-9999.00-9999.00-9999.00-9999.00-9999.00-9999.00-9999.00-9999.00-9999.00-9999.00-9999.00-9999.00-9999.00-9999.00-9999.00-9999.00-9999.00 -9999.00-9999.00-9999.00-9999.00-9999.00-9999.00-9999.00-9999.00-9999.00-9999.00-9999.00-9999.00-9999.00-9999.00-9999.00-9999.00-9999.00 354.61 98.63 84.37 89.47 78.45 377.48 378.52 0.00 134.32 334.11 141.28 73.69 81.38 322.12 123.20
202.76 90.90 75.66 120.68 386.97 80.56 0.00 98.04 119.63 335.51 381.42 256.10 0.00 79.19 88.55 74.36 82.34 97.72 368.22 117.24 74.97 75.44 74.16 88.81 82.65 119.56 149.05 76.91 74.00 116.52 302.05 376.70 73.87 84.80 75.86 125.24 0.00 180.04 251.33 384.33 75.31 196.02 115.29 81.76 76.53 362.85 247.40 84.37 129.18 129.39 86.53-9999.00-9999.00-9999.00-9999.00-9999.00-9999.00-9999.00-9999.00-9999.00-9999.00-9999.00-9999.00-9999.00-9999.00-9999.00-9999.00-9999.00-9999.00-9999.00-9999.00 -9999.00-9999.00-9999.00-9999.00-9999.00-9999.00-9999.00-9999.00-9999.00-9999.00-9999.00-9999.00-9999.00-9999.00-9999.00-9999.00-9999.00-9999.00-9999.00 219.85 125.64 81.83 166.91 337.72 389.12 94.00 99.25 177.14
357.16 112.33 93.11 113.26 90.17 117.70 219.94 82.65 213.26 74.43 85.44 84.14 403.40 73.70 82.20 75.08 125.97 76.01 87.65 232.91 311.43 75.86 86.53 75.19 111.87 379.23 74.59 74.11 347.17 0.00 230.22 88.33 0.00 318.08 240.13 291.78 73.80 126.45 243.31 112.20 74.87 112.76 224.38 76.53 80.56-9999.00-9999.00-9999.00-9999.00-9999.00-9999.00-9999.00-9999.00-9999.00-9999.00-9999.00-9999.00-9999.00-9999.00-9999.00-9999.00-9999.00-9999.00-9999.00 -9999.00-9999.00-9999.00-9999.00-9999.00-9999.00-9999.00-9999.00-9999.00-9999.00-9999.00-9999.00-9999.00-9999.00-9999.00-9999.00-9999.00-9999.00-9999.00-9999.00 102.16 219.56 78.76 92.62 84.37 86.52 77.34 84.10 81.98 73.34 385.58 126.92 81.15 80.72 83.66
137.89 74.77 103.29 172.02 377.83 171.35 75.44 74.68 111.58 0.00 376.17 350.35 140.69 77.34 96.87 240.12 193.99 0.00 112.66 126.55 171.53 114.79 74.77 74.36 376.53 380.23 73.70 75.19 162.23 77.34-9999.00-9999.00-9999.00-9999.00-9999.00-9999.00-9999.00-9999.00-9999.00-9999.00-9999.00-9999.00-9999.00-9999.00-9999.00-9999.00-9999.00-9999.00 -9999.00-9999.00-9999.00-9999.00-9999.00-9999.00-9999.00-9999.00-9999.00-9999.00-9999.00-9999.00-9999.00-9999.00-9999.00-9999.00-9999.00-9999.00-9999.00-9999.00-9999.00-9999.00-9999.00-9999.00-9999.00 90.75 209.35 377.27 72.95 382.75 120.42 84.58 88.55 133.77 76.21 142.03 85.68 81.83 345.98 74.64 0.00 188.78 76.42 184.40 231.12 180.29 84.94 377.84 257.00 86.17 81.38 79.43 383.65 382.09 377.40
0.00 376.61 378.02 352.98 121.95 73.75 135.59 78.88 125.02 127.59-9999.00-9999.00-9999.00-9999.00-9999.00-9999.00-9999.00-9999.00-9999.00-9999.00-9999.00-9999.00-9999.00-9999.00-9999.00-9999.00-9999.00-9999.00-9999.00 -9999.00-9999.00-9999.00-9999.00-9999.00-9999.00-9999.00-9999.00-9999.00-9999.00-9999.00-9999.00-9999.00-9999.00-9999.00-9999.00-9999.00-9999.00-9999.00-9999.00-9999.00 78.15 80.16 341.99 95.16 79.08 80.16 93.09 75.49 79.08 158.52 179.29 0.00 167.28 79.43 75.83 0.00 370.50 109.68 365.62 121.94 75.66 92.62 95.57 78.76 88.00 89.84 88.85 84.37 104.55 87.47 193.69 163.06 386.23 109.68 110.85 84.94 0.00 324.04 0.00 0.00 0.00 0.00 0.00 379.63 377.43 376.06 86.17 130.84 93.58 84.94
95.97-9999.00-9999.00-9999.00-9999.00-9999.00-9999.00-9999.00-9999.00-9999.00-9999.00-9999.00-9999.00-9999.00-9999.00-9999.00-9999.00-9999.00-9999.00-9999.00-9999.00-9999.00-9999.00 -9999.00-9999.00-9999.00-9999.00-9999.00-9999.00-9999.00-9999.00-9999.00-9999.00-9999.00-9999.00-9999.00-9999.00-9999.00-9999.00-9999.00 328.92 76.21 75.66 273.12 87.51 103.07 84.26 98.06 85.88 73.62 0.00 75.18 75.49 74.89 82.45 74.76 84.94 176.62 377.18 169.43 377.35 0.00 192.65 221.21 375.10 375.84 376.59 307.89 84.94 336.53 78.76 85.54 115.69 95.16 151.12 79.08 264.05 256.63 365.97 115.69 385.54 385.77 0.00 376.96 108.44 289.06 83.82 99.25 210.72 78.76 377.09 259.23 235.70 91.72 78.45 88.85 103.07 97.39 89.84
90.75 320.41 376.10 109.68 376.78 288.42 0.00 387.18 249.73 376.54 376.15 377.13 250.43 375.98 176.25 379.91 378.76 385.21 377.23 243.43 203.25 86.82 87.51 375.65 201.26 219.94 380.08 291.82 91.76 104.17 376.43 0.00 0.00 0.00 0.00 0.00 0.00 307.73 386.11 269.71 376.68 377.18 0.00 0.00 219.81 201.04 376.03 375.28 0.00 358.22 375.00 237.05 0.00 141.30 375.59 80.29 166.42 386.63 382.23 375.48 74.76
146.42 141.85 82.73 74.24 274.44 342.63 382.71 0.00 82.65 186.50 82.95 95.40 383.07 130.96 73.96 82.81 81.45 73.62 111.61 271.89 375.59 73.84 83.98 94.55 266.08 80.94 94.07 94.55 77.80 90.31 89.08-9999.00-9999.00-9999.00-9999.00-9999.00-9999.00-9999.00-9999.00-9999.00-9999.00-9999.00-9999.00-9999.00-9999.00-9999.00-9999.00-9999.00-9999.00-9999.00-9999.00-9999.00-9999.00 -9999.00-9999.00-9999.00-9999.00-9999.00-9999.00-9999.00-9999.00-9999.00-9999.00-9999.00-9999.00-9999.00-9999.00-9999.00-9999.00-9999.00-9999.00-9999.00-9999.00-9999.00-9999.00-9999.00-9999.00-9999.00-9999.00-9999.00-9999.00-9999.00-9999.00-9999.00 77.87 376.86 376.65 103.07 132.74 201.26 201.26 210.29 237.05 324.04 353.85 355.72 0.00 326.65 378.50 352.74 95.43 95.70 95.43 0.00 215.67 390.27 375.52 375.67 133.59 79.78 135.81 218.35 77.60
131.06 375.22 375.62 319.90 86.93 103.03 389.12 414.69 417.63 298.30 261.95 0.00 251.37 376.26 0.00 161.22 225.21 375.23 375.38 386.18 328.35 375.16 149.57 375.48 113.31 339.24 375.73 113.47 142.84 78.21 381.84 375.37 84.02 77.66 86.51 382.54 341.23 326.56 74.45 366.35 84.06 160.04 275.06 377.16 90.72 360.93 88.81 366.01 125.71 94.07 377.37 94.07 378.66 91.40 317.41-9999.00-9999.00-9999.00-9999.00-9999.00-9999.00-9999.00-9999.00-9999.00-9999.00-9999.00-9999.00-9999.00-9999.00-9999.00-9999.00-9999.00-9999.00-9999.00-9999.00-9999.00 -9999.00-9999.00-9999.00-9999.00-9999.00-9999.00-9999.00-9999.00-9999.00-9999.00-9999.00-9999.00-9999.00-9999.00-9999.00-9999.00-9999.00-9999.00-9999.00-9999.00-9999.00-9999.00-9999.00-9999.00-9999.00-9999.00-9999.00-9999.00-9999.00-9999.00-9999.00-9999.00-9999.00 89.68 231.53 378.07 191.22 376.46
110.25 137.71 155.42 88.61 132.87 112.37 141.56 299.95 86.05 75.10 85.56 86.12 87.01 82.21 375.21 0.00 375.57 378.18 105.96 83.35 378.41 0.00 378.44 375.14 338.70 196.50 123.67 375.65 373.48 190.72 129.26 75.46 78.06 75.88 74.79 81.74 246.59 77.57 97.32 0.00 0.00 111.29 250.25 164.85 80.51 81.28 0.00 0.00 0.00 82.58 84.60 89.90 91.84 146.16-9999.00-9999.00-9999.00-9999.00-9999.00-9999.00-9999.00-9999.00-9999.00-9999.00-9999.00-9999.00-9999.00-9999.00-9999.00-9999.00-9999.00-9999.00-9999.00-9999.00-9999.00-9999.00-9999.00 -9999.00-9999.00-9999.00-9999.00-9999.00-9999.00-9999.00-9999.00-9999.00-9999.00-9999.00-9999.00-9999.00-9999.00-9999.00-9999.00-9999.00-9999.00-9999.00-9999.00-9999.00-9999.00-9999.00-9999.00-9999.00-9999.00-9999.00-9999.00-9999.00-9999.00-9999.00-9999.00-9999.00-9999.00-9999.00-9999.00-9999.00-9999.00-9999.00 225.21 271.18 271.18 205.47 375.26 375.28
85.81 96.83-9999.00-9999.00-9999.00-9999.00-9999.00-9999.00-9999.00-9999.00-9999.00-9999.00-9999.00-9999.00-9999.00-9999.00-9999.00-9999.00-9999.00-9999.00 -9999.00-9999.00-9999.00-9999.00-9999.00-9999.00-9999.00-9999.00-9999.00-9999.00-9999.00-9999.00-9999.00-9999.00-9999.00-9999.00-9999.00-9999.00-9999.00-9999.00-9999.00-9999.00-9999.00-9999.00-9999.00-9999.00-9999.00-9999.00-9999.00-9999.00-9999.00-9999.00-9999.00-9999.00-9999.00-9999.00-9999.00-9999.00-9999.00-9999.00-9999.00-9999.00-9999.00-9999.00-9999.00-9999.00-9999.00-9999.00 375.47 375.00 0.00 295.53 375.11 375.64 329.55 0.00 375.01 271.18 352.20 378.88 324.82 375.36 295.52 377.67 0.00 295.52 375.00 295.52 0.00 295.52 375.00 295.52 0.00 295.52 375.07 375.00 295.52 329.56 375.51 314.99 360.06 0.00 329.55 376.43 280.46 375.63 375.27 0.00 0.00 0.00 0.00 375.25 105.96 135.13 378.80 374.77 340.76 351.07 79.81 377.30 378.13 120.40 86.31 79.17 364.39 382.60
378.82 81.34 85.51 98.52 99.57-9999.00-9999.00-9999.00-9999.00-9999.00-9999.00-9999.00-9999.00-9999.00-9999.00-9999.00-9999.00-9999.00-9999.00-9999.00-9999.00-9999.00-9999.00 -9999.00-9999.00-9999.00-9999.00-9999.00-9999.00-9999.00-9999.00-9999.00-9999.00-9999.00-9999.00-9999.00-9999.00-9999.00-9999.00-9999.00-9999.00-9999.00-9999.00-9999.00-9999.00-9999.00-9999.00-9999.00-9999.00-9999.00-9999.00-9999.00-9999.00-9999.00-9999.00-9999.00-9999.00-9999.00-9999.00-9999.00-9999.00-9999.00-9999.00-9999.00-9999.00-9999.00-9999.00-9999.00-9999.00-9999.00-9999.00-9999.00-9999.00-9999.00-9999.00-9999.00-9999.00 0.00 352.21 321.96 376.02 375.18 324.70 376.02 334.37 295.52 0.00 0.00 375.38 0.00 295.52 375.34 295.53 375.00 295.53 375.71 295.53 375.31 324.70 375.00 0.00 375.08 375.00 0.00 295.53 375.97 225.15 375.52 188.77 375.39 247.91 88.37 130.72 375.64 87.63 76.55 73.77 83.90 76.93 376.51 375.99 137.17 74.89 0.00 312.22 75.60 76.37 84.60 368.99 81.28 90.72 381.48
