蒙特卡罗+CDRMV3/输出数据/2D水深分布/WaterDepthGIS_0168.ASC
ncols         539            
nrows         744            
xllcorner     602630.84259341
yllcorner     3914823.670891 
cellsize      50             
NODATA_value  -9999.00       
[rows 0 to 26 of 32, columns 427 to 487 of 539]
72.76 70.90 146.19 0.00 74.05 379.23 71.43 78.26 79.06 75.55 375.37 86.84-9999.00-9999.00 93.39 88.96-9999.00-9999.00-9999.00-9999.00-9999.00 -9999.00-9999.00-9999.00-9999.00-9999.00-9999.00-9999.00-9999.00-9999.00-9999.00-9999.00-9999.00-9999.00-9999.00-9999.00 71.81 127.70 353.20 74.08 115.97 0.00 139.30 77.32 99.25-9999.00-9999.00-9999.00-9999.00-9999.00-9999.00-9999.00-9999.00-9999.00-9999.00-9999.00-9999.00-9999.00-9999.00-9999.00-9999.00-9999.00-9999.00-9999.00-9999.00-9999.00-9999.00-9999.00-9999.00-9999.00-9999.00-9999.00-9999.00-9999.00-9999.00-9999.00-9999.00-9999.00-9999.00-9999.00-9999.00-9999.00-9999.00-9999.00-9999.00-9999.00-9999.00-9999.00-9999.00-9999.00-9999.00-9999.00-9999.00-9999.00-9999.00-9999.00-9999.00-9999.00-9999.00-9999.00 82.56 73.45 335.47 72.07-9999.00-9999.00-9999.00-9999.00-9999.00-9999.00-9999.00-9999.00-9999.00-9999.00-9999.00 75.27-9999.00-9999.00-9999.00-9999.00-9999.00-9999.00-9999.00-9999.00-9999.00-9999.00-9999.00-9999.00-9999.00 86.50 71.43 347.67 70.96 379.67 81.28 203.46 119.84 72.47 77.95 136.26 253.58 81.62 196.96 174.81 79.15 73.45 77.87 80.13 81.40 0.00 84.62 367.24 132.55 71.34 70.56 71.84 377.48 76.48 83.93 377.17 170.84
70.69 0.00 0.00 144.57 155.38 75.00 0.00 227.65 382.42 203.31 70.56 91.97 181.12 76.48 375.31 71.62 71.62 203.60 377.70 392.68 378.47 0.00 71.73 70.31 298.24 81.98 72.20 376.29 289.49 371.30 70.84 71.95 82.17 80.29 78.82 0.00 81.40 0.00 213.62 77.56 377.54 266.53 71.62 80.53 93.39-9999.00-9999.00-9999.00-9999.00 -9999.00-9999.00-9999.00-9999.00-9999.00-9999.00-9999.00-9999.00-9999.00-9999.00-9999.00-9999.00-9999.00 83.01 82.28 69.48 105.98 376.80 0.00 140.58 69.37 79.14 99.25 112.00 134.66 75.70 84.65-9999.00-9999.00-9999.00-9999.00-9999.00-9999.00-9999.00-9999.00-9999.00-9999.00-9999.00-9999.00-9999.00-9999.00-9999.00-9999.00-9999.00-9999.00-9999.00-9999.00-9999.00-9999.00-9999.00-9999.00-9999.00-9999.00-9999.00-9999.00-9999.00-9999.00-9999.00-9999.00-9999.00-9999.00-9999.00 75.00
71.95 70.43 132.90 77.18 0.00 75.84 352.59 0.00 385.75 381.36 382.15 362.82 387.12 116.50 74.27 377.06 74.50-9999.00-9999.00-9999.00-9999.00-9999.00-9999.00 -9999.00-9999.00-9999.00-9999.00-9999.00-9999.00-9999.00-9999.00-9999.00-9999.00-9999.00 73.28 106.76 183.29 378.44 78.04 76.38 74.68 0.00 234.68 106.39 70.88 76.13 377.64 79.14 381.02 240.52 167.42 84.65 74.08 222.38 77.39 117.25-9999.00-9999.00-9999.00-9999.00-9999.00 82.05 71.47 133.51 87.12 173.84 84.62 378.69 178.78-9999.00-9999.00-9999.00-9999.00-9999.00 80.83 238.72 365.17 83.93 76.15 405.20 71.73 85.10 75.27 375.49 77.95 77.18 161.28
316.91 74.50 339.05 81.40 375.47 194.68 73.84 70.41 324.49 73.64 136.85 0.00 172.89 72.92 82.56 78.20 157.25 0.00 0.00 373.79 272.94 243.35 85.33 73.45 135.40 376.70 244.64 383.00 72.61 90.78 0.00 125.10 70.60 84.10 71.52 376.01 73.84 0.00 273.82 125.72 70.33 78.05 87.45 72.33 85.37 80.29 112.27 335.04 375.16 401.89 380.23 71.84 97.95 70.60 203.91 295.37 379.52 380.44 81.40 188.61 0.00
126.16 375.78 0.00 71.10 125.44 170.39 73.84 71.73 120.25 381.66 72.07 81.62 112.49 80.00 79.77 163.64 111.70 72.20 107.51 380.38 83.41 79.55 76.82 139.88 385.36 126.75 72.33 113.41 376.84 158.94 378.88 70.84 131.11 76.82 152.51 228.04 93.12 80.39 78.51 108.65 87.12 80.53 70.60 77.47 73.64 410.69 0.00 78.82 213.61 116.59 89.61 85.08 378.06 90.78 113.66 95.31 360.10 75.00-9999.00-9999.00-9999.00-9999.00-9999.00-9999.00-9999.00-9999.00-9999.00 -9999.00-9999.00-9999.00-9999.00-9999.00 174.95 71.47
78.10 131.58 112.67 79.28 385.25 220.81 71.43 86.80 87.80 70.30 80.39 78.37 124.26 225.55 0.00 71.18 81.80 82.56 75.84 309.85 72.76 70.56 77.50 71.26 82.97 75.27 79.15 153.81 71.18 211.20 378.80 375.78 71.95 70.90 74.75 377.96 71.62 72.47 277.70 0.00 331.55 374.00 215.48 95.76 0.00 383.57 384.26 380.81 380.56 214.60 73.27 76.82 92.54-9999.00-9999.00-9999.00-9999.00-9999.00-9999.00-9999.00-9999.00-9999.00 -9999.00-9999.00 70.09 372.37 375.22 71.32 375.87 329.01 157.76
72.33 151.49 182.46 356.20 381.10 0.00 118.23 88.55 377.45 378.20 183.15 82.62 214.98 375.38 86.20 100.96 0.00 75.27 125.46 72.20 81.80 76.82 74.75 377.07 71.34 73.64 107.70 376.86 70.49 70.41 168.82 78.10 73.27 77.83 80.13 77.83 80.67 128.65 0.00 100.19 0.00 0.00 0.00 386.68 246.47 235.32 113.17 105.05 113.80 172.52 90.32 87.67 134.33 124.56 74.05 375.59 72.07-9999.00-9999.00-9999.00-9999.00-9999.00-9999.00 -9999.00-9999.00-9999.00-9999.00-9999.00 82.52 77.74 69.75
0.00 72.92 193.87 110.30 143.28 72.07 71.95 80.29 124.67 72.07 107.35 0.00 348.88 107.75 74.05 76.82 127.58 380.18 71.84 219.31 85.64 73.27 119.04 74.50 386.47 78.37 147.78 70.56 70.52 125.32 74.50 368.14 0.00 108.95 385.89 381.93 382.20 383.85 380.63 382.38 386.04 379.35 230.15 223.38 85.03 90.06 72.33 72.33 375.73 75.55 88.55-9999.00-9999.00-9999.00-9999.00-9999.00-9999.00-9999.00 -9999.00-9999.00-9999.00-9999.00-9999.00-9999.00-9999.00-9999.00 69.15 106.46 0.00 245.91 124.75 69.91 69.44 384.34 0.00
112.37 81.98 74.27 0.00 377.49 209.61 111.20 80.29 78.32 78.05 73.45 116.91 0.00 381.75 377.64 357.93 148.39 116.19 70.60 80.26 78.38 78.82 375.35 117.30 71.95 70.31 85.92 94.80-9999.00-9999.00-9999.00-9999.00-9999.00-9999.00-9999.00-9999.00-9999.00 -9999.00-9999.00-9999.00-9999.00-9999.00-9999.00-9999.00-9999.00-9999.00 69.15 109.37 0.00 74.37 73.28 0.00 73.28 176.62 106.17 69.00 79.90 117.28 69.37 376.57 78.26 80.42 75.92 75.98 69.68 391.66 0.00 375.65 69.23 77.16 134.46 148.49 76.47 71.32 83.27 77.23 264.61 189.01
345.22 77.95-9999.00-9999.00-9999.00-9999.00-9999.00-9999.00-9999.00-9999.00 -9999.00-9999.00-9999.00-9999.00-9999.00-9999.00-9999.00-9999.00-9999.00-9999.00 70.29 120.27 126.77 0.00 146.32 69.83 73.80 82.28 70.00 141.72 379.01 78.86 82.52 77.93 76.06 127.36 0.00 131.58 344.91 71.02 118.18 72.18 73.04 75.34 395.38 141.78 72.59 76.88 73.28 71.99 165.19 257.33 80.99 301.65 87.80 165.87 82.52 85.91 79.85 92.55 122.29 238.55 79.00 76.08 69.75 374.77 378.77 0.00 69.61 87.12 376.25 321.74 71.43 139.56 98.72 77.40 77.83 72.47
73.54 140.78 80.07 69.32 378.31 0.00 70.88 350.90 175.54 85.29 72.38 374.92 338.55 77.39 169.75 77.23 70.88 295.13 375.47 72.59 0.00 378.24 201.59 150.96 112.92 84.62 79.65 71.95 186.45 70.96 122.20 71.26 222.82 0.00 276.33 138.89 72.47 77.18 125.56 384.04 235.13 373.57 109.99 75.27 89.85 72.20 347.22 378.25 275.41 79.06 76.82 70.39 109.97 376.35 79.77 0.00 372.07 267.22 118.36 71.43 70.79
144.43 364.63 131.29 72.27 83.41 71.26 371.01 0.00 70.79 72.47 376.00 284.25 127.67 79.28 80.97 113.56 70.46 70.30 394.00 72.20 80.81 71.26 0.00 146.42 111.47 70.34 79.34 112.05 79.88 75.55 380.54 76.82 70.30 184.12 285.32 408.29 74.50 379.28 94.80 338.29 377.75 378.97 377.89 376.48 380.49 0.00 378.51 377.34 300.21 383.32 377.03 307.91 74.89 79.02 132.26 126.33 71.62 373.33 390.16 191.25 71.62
378.14 0.00 375.84 380.73 367.07 378.09 94.03 181.48 77.31 95.23 169.53 102.57 350.24 91.97 380.76 382.89 355.95 114.44 70.46 84.34-9999.00-9999.00-9999.00-9999.00-9999.00-9999.00-9999.00-9999.00-9999.00-9999.00-9999.00-9999.00-9999.00-9999.00 -9999.00-9999.00-9999.00-9999.00-9999.00-9999.00-9999.00-9999.00-9999.00 71.32 174.40 78.26 80.24 321.79 366.60 90.97 377.28 89.93 78.86 81.39 83.76 0.00 75.70 81.65 376.75 70.75 79.00 69.11 131.88 93.71 0.00 78.86 79.43 379.50 78.73 77.65 86.99 73.04 105.47 0.00 73.28 121.24 69.15 69.48 76.24 71.32 0.00 73.54 400.99
125.83 69.42 72.81 115.92 71.64 0.00 376.55 376.31 260.62 112.95 71.64 76.71 76.56 69.42 235.57 0.00 79.85 70.40 0.00 146.06 68.91 68.90 75.98 78.04 69.84 351.03 75.70 164.97 109.58 87.12 146.25 376.10 81.62 132.24 376.39 0.00 378.99 215.84 79.62 90.37 94.69 378.61 87.66 377.83 86.85 101.36 387.55 360.13 121.12 79.79 91.17 79.24 79.88 70.84 378.68 98.15 87.80 81.45 77.95 84.59 71.26
80.53 86.50 92.07 0.00 95.76 0.00 377.18 171.43 375.94 376.01 355.18 175.63 106.90 71.03 85.92 81.62 74.05 377.98 75.84 198.52 79.24 154.75 129.46 88.16-9999.00-9999.00-9999.00-9999.00-9999.00-9999.00-9999.00-9999.00-9999.00-9999.00-9999.00-9999.00-9999.00-9999.00 -9999.00-9999.00-9999.00-9999.00-9999.00-9999.00-9999.00-9999.00-9999.00-9999.00-9999.00-9999.00-9999.00-9999.00-9999.00-9999.00-9999.00 92.96 366.09 379.98 378.57 69.27 127.24 220.18 375.76 0.00 70.75 77.65 73.04 376.85 77.77 70.09 108.21 166.93 0.00 98.60 289.27 69.83 69.15 121.87 0.00 111.34 70.29 80.42 107.64 0.00 71.64 78.49 376.53 82.05 165.08 72.59 69.61
382.12 375.92 128.25 77.18 79.88 114.16 82.76 75.84 0.00 0.00 0.00 0.00 380.72 380.74 167.94 78.82 80.97 85.37 83.63 72.07 124.71 366.83 405.27 382.14 141.84 77.79 70.79 70.90 0.00 98.15 266.89 131.35 379.73 375.28 77.65 82.15 77.87 77.95 78.80 74.50 78.65 82.17 111.37 175.45 75.55-9999.00-9999.00-9999.00-9999.00-9999.00-9999.00-9999.00-9999.00-9999.00-9999.00-9999.00-9999.00-9999.00-9999.00-9999.00-9999.00-9999.00-9999.00 -9999.00-9999.00-9999.00-9999.00-9999.00-9999.00-9999.00-9999.00-9999.00-9999.00-9999.00-9999.00-9999.00-9999.00-9999.00-9999.00-9999.00 348.13 94.26 79.85 84.95 74.08 376.92 377.89 0.00 127.15 309.02 136.67 69.61 76.88 301.48 116.67
175.01 86.25 71.47 114.72 386.76 76.82 0.00 94.64 108.95 324.13 380.98 235.46 0.00 75.55 84.84 71.03 78.51 94.26 361.79 112.45 71.62 72.07 70.84 85.10 78.82 114.55 139.57 73.45 70.69 111.78 268.13 375.91 70.56 80.97 72.47 119.00 0.00 176.81 229.40 383.54 71.95 169.16 110.67 77.95 73.09 354.55 234.43 80.53 123.75 124.33 82.76-9999.00-9999.00-9999.00-9999.00-9999.00-9999.00-9999.00-9999.00-9999.00-9999.00-9999.00-9999.00-9999.00-9999.00-9999.00-9999.00-9999.00-9999.00-9999.00-9999.00 -9999.00-9999.00-9999.00-9999.00-9999.00-9999.00-9999.00-9999.00-9999.00-9999.00-9999.00-9999.00-9999.00-9999.00-9999.00-9999.00-9999.00-9999.00-9999.00 198.49 119.01 77.32 153.29 309.78 388.51 89.12 94.81 166.77
352.01 107.60 89.39 108.67 86.85 111.83 188.31 78.82 193.40 71.10 81.62 80.29 400.81 70.39 78.38 71.73 119.45 72.61 83.93 201.20 312.95 72.47 82.76 71.84 107.14 378.65 71.26 70.79 336.01 0.00 204.25 84.62 0.00 296.99 238.95 260.51 70.49 119.93 200.66 107.92 71.52 107.95 203.94 73.09 76.82-9999.00-9999.00-9999.00-9999.00-9999.00-9999.00-9999.00-9999.00-9999.00-9999.00-9999.00-9999.00-9999.00-9999.00-9999.00-9999.00-9999.00-9999.00-9999.00 -9999.00-9999.00-9999.00-9999.00-9999.00-9999.00-9999.00-9999.00-9999.00-9999.00-9999.00-9999.00-9999.00-9999.00-9999.00-9999.00-9999.00-9999.00-9999.00-9999.00 96.76 200.99 74.37 87.80 79.85 82.05 73.04 79.58 77.47 69.27 385.20 119.41 76.66 76.24 79.14
128.03 71.43 98.15 154.91 377.29 150.21 72.07 71.34 106.82 0.00 376.14 345.10 135.76 73.84 92.60 216.09 181.05 0.00 108.39 121.81 150.17 110.32 71.43 71.03 373.65 380.21 70.39 71.84 150.47 73.84-9999.00-9999.00-9999.00-9999.00-9999.00-9999.00-9999.00-9999.00-9999.00-9999.00-9999.00-9999.00-9999.00-9999.00-9999.00-9999.00-9999.00-9999.00 -9999.00-9999.00-9999.00-9999.00-9999.00-9999.00-9999.00-9999.00-9999.00-9999.00-9999.00-9999.00-9999.00-9999.00-9999.00-9999.00-9999.00-9999.00-9999.00-9999.00-9999.00-9999.00-9999.00-9999.00-9999.00 86.12 188.24 376.86 68.90 382.18 114.87 80.07 84.07 121.78 71.99 138.45 81.19 77.32 315.70 70.51 0.00 165.12 72.18 174.58 212.80 154.82 80.44 377.75 242.09 81.69 76.88 75.00 383.32 381.79 377.30
0.00 376.39 377.85 325.65 116.67 70.43 128.21 75.27 118.72 117.38-9999.00-9999.00-9999.00-9999.00-9999.00-9999.00-9999.00-9999.00-9999.00-9999.00-9999.00-9999.00-9999.00-9999.00-9999.00-9999.00-9999.00-9999.00-9999.00 -9999.00-9999.00-9999.00-9999.00-9999.00-9999.00-9999.00-9999.00-9999.00-9999.00-9999.00-9999.00-9999.00-9999.00-9999.00-9999.00-9999.00-9999.00-9999.00-9999.00-9999.00 73.80 75.70 325.69 90.34 74.68 75.70 88.24 71.32 74.68 146.71 162.33 0.00 147.76 75.00 71.64 0.00 361.17 101.44 357.31 115.74 71.47 87.80 90.80 74.37 83.53 85.29 84.36 79.85 98.18 83.01 172.52 151.72 385.50 101.44 102.25 80.44 0.00 323.43 0.00 0.00 0.00 0.00 0.00 379.18 376.99 375.79 81.69 119.78 88.70 80.44
91.97-9999.00-9999.00-9999.00-9999.00-9999.00-9999.00-9999.00-9999.00-9999.00-9999.00-9999.00-9999.00-9999.00-9999.00-9999.00-9999.00-9999.00-9999.00-9999.00-9999.00-9999.00-9999.00 -9999.00-9999.00-9999.00-9999.00-9999.00-9999.00-9999.00-9999.00-9999.00-9999.00-9999.00-9999.00-9999.00-9999.00-9999.00-9999.00-9999.00 313.07 71.99 71.47 247.06 83.04 97.30 79.74 93.71 81.39 69.54 0.00 71.02 71.32 70.75 77.93 70.63 80.44 166.57 377.07 158.51 377.29 0.00 176.99 208.35 375.10 375.84 376.46 293.30 80.44 321.61 74.37 81.05 105.84 90.34 135.65 74.68 238.17 234.48 355.66 105.84 385.07 385.27 0.00 376.41 100.49 273.73 79.30 94.81 180.95 74.37 376.84 262.05 211.13 86.99 74.08 84.36 97.30 92.96 85.29
86.12 290.04 376.07 101.44 376.17 286.12 0.00 386.65 245.42 376.47 376.10 376.86 240.07 375.93 159.72 379.59 378.66 384.53 377.22 242.22 176.43 82.35 83.04 373.75 192.78 212.96 379.43 277.80 87.02 95.83 375.68 0.00 0.00 0.00 0.00 0.00 0.00 306.31 385.84 266.29 376.68 377.16 0.00 0.00 212.83 192.54 376.01 375.27 0.00 357.34 375.00 231.85 0.00 129.54 375.48 75.90 155.78 385.80 381.75 375.36 70.63
135.79 131.24 77.21 69.13 235.93 333.98 382.75 0.00 78.82 182.06 81.47 92.70 382.22 124.09 70.64 78.97 77.66 70.30 107.01 219.89 375.51 70.52 80.13 90.34 244.15 77.18 89.85 90.34 74.27 86.50 85.37-9999.00-9999.00-9999.00-9999.00-9999.00-9999.00-9999.00-9999.00-9999.00-9999.00-9999.00-9999.00-9999.00-9999.00-9999.00-9999.00-9999.00-9999.00-9999.00-9999.00-9999.00-9999.00 -9999.00-9999.00-9999.00-9999.00-9999.00-9999.00-9999.00-9999.00-9999.00-9999.00-9999.00-9999.00-9999.00-9999.00-9999.00-9999.00-9999.00-9999.00-9999.00-9999.00-9999.00-9999.00-9999.00-9999.00-9999.00-9999.00-9999.00-9999.00-9999.00-9999.00-9999.00 73.54 376.50 376.16 97.30 120.80 192.78 192.78 202.54 231.85 323.43 365.18 358.45 0.00 325.63 378.35 346.91 90.94 91.25 90.94 0.00 208.82 387.86 375.37 365.89 125.51 75.34 127.96 198.27 73.28
116.62 375.15 375.53 319.00 81.57 96.58 387.74 410.81 413.89 291.35 249.56 0.00 247.39 376.14 0.00 150.82 219.63 375.17 375.33 385.69 325.66 375.14 138.49 375.47 103.09 326.80 375.67 104.02 131.23 73.03 381.30 375.29 78.64 72.51 80.95 382.29 330.03 296.68 69.34 356.36 78.50 145.06 242.47 376.73 85.11 353.27 85.10 361.66 119.16 89.85 377.14 89.85 378.47 87.45 303.47-9999.00-9999.00-9999.00-9999.00-9999.00-9999.00-9999.00-9999.00-9999.00-9999.00-9999.00-9999.00-9999.00-9999.00-9999.00-9999.00-9999.00-9999.00-9999.00-9999.00-9999.00 -9999.00-9999.00-9999.00-9999.00-9999.00-9999.00-9999.00-9999.00-9999.00-9999.00-9999.00-9999.00-9999.00-9999.00-9999.00-9999.00-9999.00-9999.00-9999.00-9999.00-9999.00-9999.00-9999.00-9999.00-9999.00-9999.00-9999.00-9999.00-9999.00-9999.00-9999.00-9999.00-9999.00 81.43 200.82 377.19 170.87 376.28
101.04 129.34 148.62 83.07 121.02 103.10 129.67 286.97 78.44 69.97 79.99 80.55 81.46 74.64 375.10 0.00 375.49 377.35 98.55 77.98 378.19 0.00 378.31 375.11 336.55 186.98 112.42 375.64 357.05 169.20 120.00 70.31 72.77 70.71 69.67 76.25 221.80 72.32 91.30 0.00 0.00 102.29 248.63 147.33 75.09 75.82 0.00 0.00 0.00 77.06 79.03 84.35 86.12 135.64-9999.00-9999.00-9999.00-9999.00-9999.00-9999.00-9999.00-9999.00-9999.00-9999.00-9999.00-9999.00-9999.00-9999.00-9999.00-9999.00-9999.00-9999.00-9999.00-9999.00-9999.00-9999.00-9999.00 -9999.00-9999.00-9999.00-9999.00-9999.00-9999.00-9999.00-9999.00-9999.00-9999.00-9999.00-9999.00-9999.00-9999.00-9999.00-9999.00-9999.00-9999.00-9999.00-9999.00-9999.00-9999.00-9999.00-9999.00-9999.00-9999.00-9999.00-9999.00-9999.00-9999.00-9999.00-9999.00-9999.00-9999.00-9999.00-9999.00-9999.00-9999.00-9999.00 219.63 267.95 267.95 198.42 375.25 375.28
79.40 91.77-9999.00-9999.00-9999.00-9999.00-9999.00-9999.00-9999.00-9999.00-9999.00-9999.00-9999.00-9999.00-9999.00-9999.00-9999.00-9999.00-9999.00-9999.00 -9999.00-9999.00-9999.00-9999.00-9999.00-9999.00-9999.00-9999.00-9999.00-9999.00-9999.00-9999.00-9999.00-9999.00-9999.00-9999.00-9999.00-9999.00-9999.00-9999.00-9999.00-9999.00-9999.00-9999.00-9999.00-9999.00-9999.00-9999.00-9999.00-9999.00-9999.00-9999.00-9999.00-9999.00-9999.00-9999.00-9999.00-9999.00-9999.00-9999.00-9999.00-9999.00-9999.00-9999.00-9999.00-9999.00-9999.00-9999.00 375.47 375.00 0.00 293.50 375.11 375.64 327.91 0.00 375.00 267.95 350.45 378.88 323.05 375.36 293.49 377.55 0.00 293.49 375.00 293.49 0.00 293.49 375.00 293.49 0.00 293.49 375.03 375.00 293.49 327.92 375.51 310.85 359.37 0.00 327.91 376.42 270.68 375.63 375.27 0.00 0.00 0.00 0.00 375.22 98.55 123.67 379.32 376.20 340.68 321.91 74.42 376.66 377.60 113.32 80.74 73.82 349.43 382.43
378.61 76.53 80.65 92.97 93.66-9999.00-9999.00-9999.00-9999.00-9999.00-9999.00-9999.00-9999.00-9999.00-9999.00-9999.00-9999.00-9999.00-9999.00-9999.00-9999.00-9999.00-9999.00 -9999.00-9999.00-9999.00-9999.00-9999.00-9999.00-9999.00-9999.00-9999.00-9999.00-9999.00-9999.00-9999.00-9999.00-9999.00-9999.00-9999.00-9999.00-9999.00-9999.00-9999.00-9999.00-9999.00-9999.00-9999.00-9999.00-9999.00-9999.00-9999.00-9999.00-9999.00-9999.00-9999.00-9999.00-9999.00-9999.00-9999.00-9999.00-9999.00-9999.00-9999.00-9999.00-9999.00-9999.00-9999.00-9999.00-9999.00-9999.00-9999.00-9999.00-9999.00-9999.00-9999.00-9999.00 0.00 350.47 319.15 376.02 375.18 322.91 376.01 333.66 293.49 0.00 0.00 375.38 0.00 293.49 375.34 293.50 375.00 293.50 375.71 293.50 375.31 322.91 375.00 0.00 375.03 375.00 0.00 293.50 375.97 219.57 375.51 180.43 375.41 229.13 83.00 119.34 375.56 82.27 71.35 68.67 78.35 71.71 375.94 375.37 125.89 69.76 0.00 281.07 70.44 71.18 79.03 351.09 75.82 85.11 381.11
