蒙特卡罗+CDRMV3/输出数据/2D水深分布/WaterDepthGIS_0153.ASC
ncols         539            
nrows         744            
xllcorner     602630.84259341
yllcorner     3914823.670891 
cellsize      50             
NODATA_value  -9999.00       
[rows 0 to 26 of 32, columns 244 to 304 of 539]
0.00 79.96 82.65 88.99 77.15 76.61 79.04-9999.00-9999.00-9999.00-9999.00-9999.00-9999.00-9999.00-9999.00-9999.00-9999.00-9999.00-9999.00-9999.00 -9999.00-9999.00-9999.00-9999.00-9999.00-9999.00-9999.00-9999.00-9999.00 95.02 87.93 375.51 338.70 82.72 381.62 433.23 81.39 87.90 340.37 146.32 85.72-9999.00-9999.00-9999.00-9999.00-9999.00-9999.00-9999.00-9999.00-9999.00-9999.00-9999.00-9999.00-9999.00-9999.00-9999.00-9999.00-9999.00-9999.00-9999.00-9999.00-9999.00-9999.00-9999.00-9999.00-9999.00-9999.00-9999.00-9999.00-9999.00-9999.00-9999.00-9999.00-9999.00-9999.00-9999.00-9999.00-9999.00-9999.00-9999.00-9999.00-9999.00-9999.00-9999.00-9999.00-9999.00-9999.00-9999.00-9999.00-9999.00-9999.00-9999.00-9999.00-9999.00-9999.00-9999.00-9999.00-9999.00-9999.00-9999.00-9999.00-9999.00-9999.00-9999.00-9999.00-9999.00-9999.00-9999.00-9999.00-9999.00-9999.00-9999.00-9999.00-9999.00-9999.00-9999.00-9999.00-9999.00-9999.00-9999.00-9999.00-9999.00-9999.00-9999.00-9999.00-9999.00-9999.00-9999.00-9999.00-9999.00-9999.00 75.50 82.79 91.49 76.78 183.03 75.50 75.19 302.42 85.72 75.74 84.07 74.09 112.20 377.25 0.00 168.03 74.08 75.10 77.15 116.39 139.58 84.18-9999.00-9999.00-9999.00-9999.00-9999.00-9999.00-9999.00-9999.00-9999.00-9999.00-9999.00-9999.00 -9999.00-9999.00-9999.00-9999.00-9999.00-9999.00-9999.00-9999.00-9999.00 89.44 376.24 97.81 123.23 376.09 97.81 379.03 0.00 79.18 376.04 216.75 86.51 76.07-9999.00-9999.00-9999.00-9999.00-9999.00-9999.00-9999.00-9999.00-9999.00-9999.00-9999.00-9999.00-9999.00-9999.00-9999.00-9999.00-9999.00-9999.00-9999.00-9999.00-9999.00-9999.00-9999.00-9999.00-9999.00-9999.00-9999.00-9999.00-9999.00-9999.00-9999.00-9999.00-9999.00-9999.00-9999.00-9999.00-9999.00-9999.00-9999.00-9999.00-9999.00-9999.00-9999.00-9999.00-9999.00-9999.00-9999.00-9999.00-9999.00-9999.00-9999.00-9999.00-9999.00-9999.00-9999.00-9999.00-9999.00-9999.00-9999.00-9999.00-9999.00-9999.00-9999.00-9999.00-9999.00-9999.00-9999.00-9999.00-9999.00-9999.00-9999.00-9999.00-9999.00-9999.00-9999.00-9999.00-9999.00-9999.00-9999.00-9999.00-9999.00-9999.00-9999.00-9999.00-9999.00-9999.00-9999.00-9999.00 78.24 170.85 113.28 83.54 109.19
377.17 393.38 309.85 79.96 89.53-9999.00-9999.00-9999.00-9999.00-9999.00-9999.00-9999.00 78.24 83.64 76.29 82.86 82.21 378.78 157.42 378.34 76.96 137.25 377.41 88.25 92.71 375.37 89.26 381.43 74.42 78.50 366.62 75.62 74.15 74.85 74.29 74.85 288.83 0.00 376.18 137.11 75.29 114.47 74.47 356.86 145.70 199.48 77.77 83.18 115.98 375.97 370.06 376.58 0.00 76.96 85.12 0.00 98.46 95.95 81.39 79.04 88.25 365.25 88.09-9999.00-9999.00-9999.00 -9999.00-9999.00-9999.00-9999.00-9999.00-9999.00-9999.00-9999.00-9999.00-9999.00-9999.00-9999.00-9999.00-9999.00 82.69 81.58 122.35 86.59
84.07 181.75 76.29 160.51 83.58 360.73 79.33 189.11 382.23 76.14 382.15 76.61 380.15 169.71 74.71 91.12 85.10 75.62 75.62 382.52 90.77 80.64 0.00 122.40 85.12 86.05 76.96 85.88 74.77 380.32 75.29 145.83 82.53 91.12 83.35 83.85 78.24 74.22 378.32 114.82 75.50 82.65 85.40 116.28 132.68 81.82 74.22 291.40 76.29 75.86 74.93 0.00 361.54 81.79 121.99 116.48 117.41 76.00 171.73 114.30 118.46
0.00 0.00 0.00 0.00 143.13 141.86 74.47 84.96 94.55 76.29 86.97 74.33 377.68 0.00 376.64 0.00 94.31 92.13 185.50 108.61 93.13 377.80 76.29 235.11 340.05 86.24-9999.00-9999.00-9999.00-9999.00-9999.00-9999.00 -9999.00-9999.00-9999.00-9999.00-9999.00-9999.00-9999.00-9999.00-9999.00-9999.00-9999.00-9999.00 95.02 95.51 79.18 86.51 84.68 74.03 114.42 0.00 73.46 74.17 73.74 0.00 73.41 74.50 321.18 83.32 75.74 382.19 377.32 188.62 75.30-9999.00-9999.00-9999.00 79.18 82.26 278.50 86.95 78.57 146.83 387.90 95.42 87.80 138.31 109.19 377.24 377.21
82.69 77.05 85.01 83.32 75.44 82.17 95.02 83.21 93.30 380.42 79.85 315.94 380.42 83.21 379.06 78.02 157.46 74.50 378.61 74.50 317.53 117.79 0.00 378.57 79.33 95.02 153.69 96.48 142.33 118.22 273.76 89.82 74.33 286.85 0.00 75.74 92.71 121.38 0.00 379.56 113.13 77.35 75.62 376.12 78.00 81.39 113.69 377.44 378.99 92.13 0.00 74.52 88.99 84.96 142.46 123.70 74.42 117.31 0.00 371.57 267.35
86.73 83.21 81.81 373.15 297.53 78.29 80.59 157.76 80.98 0.00 368.22 133.64 75.86 88.02 129.69 74.12 375.71 371.22 74.52 75.74 379.36 0.00 74.42 74.03 366.24 0.00 112.26 85.67 85.56 146.17 84.96 74.25 377.61 117.46 76.00 203.70 127.31 0.00 113.23 77.35 74.71 113.72 0.00 75.01 85.88 88.25 299.60 75.86 87.17 76.61 79.33 135.56 207.93 385.01 198.33 159.67 80.64 87.17 83.74 81.79 84.07
77.76 83.44 78.57 83.95 136.23 315.83 84.23 79.51 0.00 111.84 131.01 77.05 78.57 383.20 76.83 88.98 75.10 117.45 381.66 143.66 127.81 74.64 185.38 0.00 0.00 118.79 74.08 74.42 74.22 144.09 378.63 74.85 74.25 112.22 362.48 376.17 81.01 0.00 74.16 86.59 74.64 0.00 259.00 74.37 75.74 375.38 137.60 75.86 80.29 143.33 238.32 378.64 199.95 0.00 385.07 378.66 377.94 383.02 132.22 86.24 76.61
375.67 378.42 74.60 84.38 74.81 0.00 86.59 75.59 381.52 381.90 195.23 75.04 85.01 96.49 78.57 73.90 158.60 76.61 117.70 85.10 88.49 81.79 113.45 0.00 381.48 75.01 86.40 134.94 85.88 83.54 82.79 74.85 112.53 152.91 187.01 0.00 74.42 79.64 0.00 177.77 112.98 76.00 78.00 87.45 89.53 87.37 133.09 74.25 116.49 183.23 373.21 0.00 74.29 116.77 83.54 83.95 83.18 85.67 172.33 85.25 81.78
81.19 81.38 77.35 379.05 379.53 0.00 376.90 370.74 379.47 375.50 74.77 81.79 330.80 74.33 259.65 75.86 182.21 76.78 0.00 349.74 75.39 166.51 84.30 378.07 74.77 88.02 76.29 139.81 331.88 377.43 75.62 117.69 83.95 76.78 117.91 0.00 74.93 78.50 182.60 74.29 90.12 375.88 119.39 76.44 256.32 95.42 0.00 112.90 74.47 86.59 74.52 120.06 0.00 125.70 88.49 74.22 76.61 246.00 0.00 88.09 84.68
86.78 118.04 74.93 126.76 185.88 91.49 76.78 118.25 0.00 126.83 115.96 85.40 86.40 165.81 127.88 0.00 307.55 117.32 78.50 214.58 82.72 83.85 74.37 206.88 377.39 379.83 157.58 77.35 140.37 0.00 0.00 0.00 334.89 246.36 75.50 154.14 74.58 132.08 376.50 0.00 390.97 386.80 137.10 81.52 217.85 115.97 74.47 83.26 83.09 121.77 361.83 219.91 75.86 345.96 357.29 375.30 76.29-9999.00-9999.00-9999.00-9999.00-9999.00-9999.00-9999.00-9999.00 -9999.00-9999.00-9999.00-9999.00-9999.00-9999.00-9999.00-9999.00-9999.00-9999.00 85.18 88.42 73.37
375.68 378.41 385.09 105.10 89.82 85.67 383.06 0.00 102.89 0.00 375.53 206.33 381.03 174.15 0.00 0.00 306.10 78.24 77.77 0.00 123.26 74.64 83.01 93.61 76.78 90.44 84.68 78.00 87.58-9999.00-9999.00-9999.00-9999.00-9999.00-9999.00-9999.00-9999.00-9999.00 -9999.00-9999.00-9999.00-9999.00-9999.00-9999.00-9999.00-9999.00-9999.00-9999.00 73.61 150.90 0.00 301.90 73.44 182.30 78.29 74.92 362.24 0.00 130.62 74.41 73.84 147.73 181.96 0.00 372.46 230.29 150.84 128.51 80.98 76.63 380.75 124.49 78.57 92.62 99.06 80.21 74.03 375.73 75.30
0.00 73.44 81.70 78.57 0.00 75.04 85.01 77.27 74.50 74.24 149.61 0.00 0.00 74.03 247.35 75.74 89.91 79.51 384.95 375.55 378.37 75.04 74.09 77.05 380.11 73.49 82.41 74.70 0.00 112.70 76.83 88.42 81.34 185.00 86.51 84.38 377.28 74.17 377.80 73.50 145.66 207.87 79.51 0.00 73.96 86.31 84.68 74.92 141.67 87.65 184.20 74.93 124.77 407.04 75.74 0.00 379.28 177.21 121.49 84.58 76.12
74.33 110.76 0.00 121.68 74.17 86.10 91.75 73.46 77.05 243.73 378.58 74.33 298.88 0.00 83.10 342.03 88.25 378.11 88.02 87.01 373.16 182.65 0.00 76.78 83.74 74.71 381.71 82.65 285.09 78.50 82.21 377.17 75.62 74.14 0.00 118.25 265.45 0.00 361.88 79.96 80.64 79.64 372.94 80.29 82.47 75.39 382.95 81.79 88.25 97.47 106.97 383.75 102.28 99.11 93.19 386.76 235.24 376.29 377.82 370.06 0.00
76.61 358.55 80.64 390.04 85.67 115.42 76.14 76.61 350.26 377.70 0.00 375.56 157.98 0.00 0.00 0.00 78.38 93.83 89.47 0.00 354.05 94.31 0.00 377.92 379.65 75.29 89.82 134.39 78.24 325.42 84.07-9999.00-9999.00-9999.00-9999.00-9999.00-9999.00-9999.00-9999.00-9999.00-9999.00-9999.00-9999.00-9999.00-9999.00 -9999.00-9999.00-9999.00-9999.00-9999.00-9999.00-9999.00-9999.00-9999.00-9999.00-9999.00 81.81 173.95 89.59 78.29 84.79 376.66 75.04 379.59 73.39 144.62 370.64 0.00 147.60 164.67 113.03 82.17 82.69 82.17 74.24 77.76 133.72 0.00 0.00 77.76 74.17 195.42 82.78 73.54 0.00
73.54 161.80 75.30 81.19 76.83 0.00 163.10 103.67 125.21 282.55 74.33 73.54 159.91 74.81 78.29 73.42 0.00 203.56 73.44 85.18 167.67 83.09 88.16 75.30 179.70 82.59 293.39 127.80 376.44 74.50 228.64 88.09 0.00 419.48 391.04 393.73 385.73 384.07 104.96 377.25 360.92 79.04 86.40 76.78 77.77 92.94 86.24 413.22 397.89 379.15 350.49 84.07 376.69 74.64 82.65 74.12 75.39 82.79 82.47 74.42 74.47
128.41 377.39 376.29 118.39 80.29 91.49-9999.00-9999.00-9999.00-9999.00-9999.00-9999.00-9999.00-9999.00-9999.00-9999.00-9999.00-9999.00-9999.00-9999.00-9999.00-9999.00-9999.00-9999.00 -9999.00-9999.00-9999.00-9999.00-9999.00-9999.00-9999.00-9999.00-9999.00-9999.00-9999.00-9999.00-9999.00-9999.00-9999.00-9999.00-9999.00 82.72 383.22 376.12 349.44 76.43 73.96 74.92 77.05 0.00 203.56 79.51 83.32 77.51 82.33 176.47 242.65 73.96 377.39 354.28 0.00 0.00 0.00 123.41 76.83 81.88 76.83 79.51 0.00 151.42 74.09 142.66 118.13 73.74 83.09 77.76 130.96 260.88 376.18 377.77 0.00 358.52 117.74 159.74 83.72 80.21 75.74 183.65 350.87 377.49 375.47 0.00 0.00 377.13 367.28
134.37 376.43 0.00 127.92 86.83 103.55 291.52 85.67 384.40 379.70 380.63 75.19 74.14 81.63 82.26 81.78 82.08 81.91 91.12-9999.00-9999.00-9999.00-9999.00-9999.00-9999.00-9999.00-9999.00-9999.00-9999.00-9999.00-9999.00-9999.00-9999.00-9999.00-9999.00-9999.00-9999.00-9999.00 -9999.00-9999.00-9999.00-9999.00-9999.00-9999.00-9999.00-9999.00-9999.00-9999.00-9999.00-9999.00-9999.00-9999.00-9999.00-9999.00-9999.00-9999.00 86.59 81.81 89.91 91.75 81.39 74.60 0.00 140.90 78.57 78.57 92.62 81.70 138.90 165.72 142.91 75.17 76.25 121.52 81.02 73.38 0.00 95.59 213.91 167.71 118.95 79.85 88.18 75.74 125.62 382.60 379.83 77.76 86.73 87.90 73.44 90.59 82.69 118.86 369.57 375.64 0.00
224.61 0.00 379.85 114.68 74.64 82.79 83.35 302.90 132.78 112.14 74.77 85.40 84.30 78.24-9999.00-9999.00-9999.00-9999.00-9999.00-9999.00-9999.00-9999.00-9999.00-9999.00-9999.00-9999.00-9999.00-9999.00-9999.00-9999.00-9999.00-9999.00-9999.00-9999.00-9999.00 -9999.00-9999.00-9999.00-9999.00-9999.00-9999.00-9999.00-9999.00-9999.00-9999.00-9999.00-9999.00-9999.00-9999.00-9999.00-9999.00-9999.00-9999.00-9999.00 82.26 131.38 380.36 413.77 322.42 145.44 90.24 338.67 90.96 346.11 111.10 81.26 75.30 110.80 361.38 379.31 0.00 225.92 74.60 81.06 85.53 76.63 117.61 0.00 122.39 74.81 74.41 196.25 126.89 206.80 144.94 92.17 378.38 74.81 76.43 372.55 140.38 95.59 375.76 124.34 0.00 346.72 75.17 74.79 85.91 101.82
380.54 379.62 359.23 74.22 182.59 79.33-9999.00-9999.00-9999.00-9999.00-9999.00-9999.00-9999.00-9999.00-9999.00-9999.00-9999.00-9999.00-9999.00-9999.00-9999.00-9999.00-9999.00 -9999.00-9999.00-9999.00-9999.00-9999.00-9999.00-9999.00-9999.00-9999.00-9999.00-9999.00-9999.00-9999.00-9999.00-9999.00-9999.00-9999.00-9999.00-9999.00-9999.00-9999.00-9999.00-9999.00-9999.00-9999.00 83.72 270.52 76.43 273.55 77.76 79.85 382.22 122.80 135.52 156.39 74.24 125.55 0.00 0.00 0.00 0.00 0.00 332.81 85.97 74.09 87.25 378.74 0.00 0.00 376.26 295.37 357.34 357.30 270.05 307.88 378.77 300.73 93.30 337.27 113.33 79.91 95.62 85.22 79.85 81.81 376.70 116.57 76.63 185.21 376.09 398.95 81.39 348.84 79.51 79.19 0.00 376.84 170.29 382.31
0.00 0.00 377.89 121.88 139.38 158.89 94.03 308.46 379.92 84.79 378.28 85.37 97.81 96.49 91.75 94.45 0.00 0.00 129.98 0.00 288.79 375.39 88.71 83.43 126.33 93.47 377.26 383.77 93.30 159.00 87.90 80.21 337.18 103.67 76.63 78.57 170.26 144.01 376.47 0.00 170.29 376.97 305.62 216.22 284.18 181.78 346.82 375.97 378.31 195.37 82.21 79.33 353.05 74.77 77.15 84.07 378.47 359.90 74.47 82.93 160.27
97.96 299.15 377.38 380.02 385.26 110.46 269.08 333.52 88.66 105.20 127.28 92.21 345.04 0.00 170.29 375.56 376.04 375.25 77.51 93.30 223.08 87.93 92.17 250.76 88.66 79.51 127.52 322.56 378.08 133.72 0.00 376.39 242.00 375.91 355.57 237.49 357.91 387.40 237.55 384.57 104.89 109.99 86.59 0.00 98.46 77.15 90.12 86.78 84.58 164.72 76.61 93.19 326.07 346.36 75.39 84.18 376.81 82.53 75.39 0.00 0.00
242.37 349.11 99.01 170.78 96.71 376.40 375.43 265.18 206.95 0.00 381.92 78.29 76.83 89.44 378.46 224.11 356.27 147.83 165.48 100.54 380.63 376.16 220.51 201.71 0.00 375.41 216.22 375.15 316.36 0.00 0.00 265.21 0.00 391.03 376.85 211.44 111.61 127.28 75.59 83.10 224.70 79.64 101.34 239.22 382.51 82.21 235.91 0.00 375.69 147.42 80.64 168.80 127.08 375.11 115.18 74.03 136.93 377.59 75.10 87.80 89.26
75.01 143.56 380.71 0.00 79.64 87.58 160.45 82.07 82.86 81.01 116.34 112.93 383.65 358.40 376.87 277.67 254.06 76.44 250.54 124.88 245.14 86.78 115.37 74.37 357.29 77.77-9999.00-9999.00-9999.00-9999.00-9999.00-9999.00-9999.00-9999.00-9999.00-9999.00-9999.00-9999.00-9999.00-9999.00-9999.00-9999.00-9999.00-9999.00-9999.00-9999.00-9999.00-9999.00 -9999.00-9999.00-9999.00-9999.00-9999.00-9999.00-9999.00-9999.00-9999.00-9999.00-9999.00-9999.00-9999.00-9999.00-9999.00-9999.00-9999.00-9999.00-9999.00-9999.00-9999.00-9999.00-9999.00-9999.00-9999.00-9999.00-9999.00-9999.00-9999.00 83.72 82.26 163.67 377.25 371.92 75.04 378.11 379.21 170.29 350.97 375.85 383.30 0.00 326.79 378.00 375.54 115.48 194.82 322.78 0.00 216.22 308.18 115.09 375.75 95.05 90.58 85.98 91.50 94.03 87.65 86.05 88.37 95.05 82.26
375.36 295.66 352.37 251.65 336.15 375.01 0.00 225.55 0.00 322.16 315.28 376.70 315.28 0.00 376.91 365.16 251.65 336.87 375.36 189.56 377.83 381.97 378.21 117.60 129.51 90.36 381.60 94.76 375.42 127.72 86.07 162.41 118.32 74.31 76.31 75.64 82.93 81.82 83.54 76.96 74.25 112.56 112.21 74.19 160.98 84.82 305.72 84.12 90.44 375.17 375.27 100.28-9999.00-9999.00-9999.00-9999.00-9999.00-9999.00-9999.00-9999.00-9999.00-9999.00-9999.00-9999.00-9999.00-9999.00-9999.00-9999.00-9999.00-9999.00-9999.00-9999.00-9999.00 -9999.00-9999.00-9999.00-9999.00-9999.00-9999.00-9999.00-9999.00-9999.00-9999.00-9999.00-9999.00-9999.00-9999.00-9999.00-9999.00-9999.00-9999.00-9999.00-9999.00-9999.00-9999.00-9999.00-9999.00-9999.00-9999.00-9999.00-9999.00-9999.00-9999.00-9999.00 133.72 88.66 89.44 236.00 375.92 380.84 246.86 369.26
382.91 256.67 298.97 386.32 398.22 375.14 104.68 265.16 394.80 312.51 110.03 100.41 376.94 380.30 96.79 378.03 381.64 83.02 138.59 123.30 375.36 97.26 375.21 116.71 375.44 0.00 375.60 375.45 379.01 80.64 102.41 193.50 375.95 375.44 106.60 104.50 122.28 89.59 90.75 382.21 402.36 117.98 85.61 77.36 119.93 378.53 74.60 376.23 149.25 102.41 94.10 85.05 385.98 379.10 316.77 76.02 80.25 251.35 378.60 81.73 85.61
83.77 76.31 85.34 100.11 87.46 378.34 82.14 363.53 81.33 121.98 239.22 96.79 79.03 90.84 312.72 357.50 122.44 86.37 133.36 82.71 78.15 367.72 77.10 83.77-9999.00-9999.00-9999.00-9999.00-9999.00-9999.00-9999.00-9999.00-9999.00-9999.00-9999.00-9999.00-9999.00-9999.00-9999.00-9999.00-9999.00-9999.00-9999.00-9999.00 -9999.00-9999.00-9999.00-9999.00-9999.00-9999.00-9999.00-9999.00-9999.00-9999.00-9999.00-9999.00-9999.00-9999.00-9999.00-9999.00-9999.00-9999.00-9999.00-9999.00-9999.00-9999.00-9999.00-9999.00-9999.00-9999.00-9999.00-9999.00-9999.00-9999.00-9999.00-9999.00-9999.00-9999.00-9999.00-9999.00-9999.00-9999.00-9999.00-9999.00-9999.00-9999.00-9999.00-9999.00-9999.00-9999.00 375.28 375.12 0.00 295.66 375.91 316.73 306.90 375.11 251.65 0.00 375.00 295.67 375.41 295.66 375.00 375.00 377.11 375.00 0.00 251.65 295.66 377.09 295.66 376.17 377.73 377.25 377.25 379.52 256.67 298.97 377.75 0.00 0.00 375.21 375.21 375.58
80.27 109.52 93.49 95.10 96.35 376.22 309.19 81.44 84.89 144.35 85.05 95.55 0.00 79.61 193.42 85.05 91.18 378.99 79.31 151.89 74.39 87.16 136.09 383.80 90.36 381.54 352.51 388.23 206.20 93.20 379.61 96.56 125.70 78.93 377.40 226.02 80.71-9999.00-9999.00-9999.00-9999.00-9999.00-9999.00-9999.00-9999.00-9999.00-9999.00-9999.00-9999.00-9999.00-9999.00-9999.00-9999.00-9999.00-9999.00 -9999.00-9999.00-9999.00-9999.00-9999.00-9999.00-9999.00-9999.00-9999.00-9999.00-9999.00-9999.00-9999.00-9999.00-9999.00-9999.00-9999.00-9999.00-9999.00-9999.00-9999.00-9999.00-9999.00-9999.00-9999.00-9999.00-9999.00-9999.00-9999.00-9999.00-9999.00-9999.00-9999.00-9999.00-9999.00-9999.00-9999.00-9999.00-9999.00-9999.00-9999.00-9999.00-9999.00-9999.00-9999.00-9999.00-9999.00-9999.00-9999.00-9999.00-9999.00-9999.00 375.31 251.65 0.00 377.03 295.66 319.96 324.82 276.57 230.23 0.00 380.91 295.66 0.00 375.86 295.66 0.00 0.00 295.66 295.67 375.31 295.66 375.52 375.20
