蒙特卡罗+CDRMV3/输出数据/2D水深分布/WaterDepthGIS_0164.ASC
ncols         539            
nrows         744            
xllcorner     602630.84259341
yllcorner     3914823.670891 
cellsize      50             
NODATA_value  -9999.00       
[rows 0 to 26 of 32, columns 183 to 243 of 539]
82.26 71.85 214.96 0.00 380.34 376.69 377.79 297.97 238.75 75.98-9999.00-9999.00-9999.00-9999.00-9999.00-9999.00-9999.00-9999.00-9999.00-9999.00-9999.00-9999.00-9999.00 -9999.00-9999.00-9999.00-9999.00-9999.00-9999.00-9999.00-9999.00-9999.00-9999.00-9999.00 78.77 178.61 378.01 81.91 378.98 75.20 81.37 85.96 77.13-9999.00-9999.00-9999.00-9999.00-9999.00-9999.00-9999.00-9999.00-9999.00-9999.00-9999.00-9999.00-9999.00-9999.00-9999.00-9999.00-9999.00-9999.00-9999.00-9999.00-9999.00-9999.00-9999.00-9999.00-9999.00-9999.00-9999.00-9999.00-9999.00-9999.00-9999.00-9999.00-9999.00-9999.00-9999.00-9999.00-9999.00-9999.00-9999.00-9999.00-9999.00-9999.00-9999.00-9999.00-9999.00-9999.00-9999.00-9999.00-9999.00-9999.00-9999.00-9999.00-9999.00-9999.00-9999.00-9999.00-9999.00-9999.00-9999.00-9999.00-9999.00-9999.00-9999.00-9999.00-9999.00-9999.00-9999.00-9999.00-9999.00-9999.00-9999.00-9999.00-9999.00-9999.00-9999.00-9999.00-9999.00-9999.00-9999.00-9999.00-9999.00-9999.00-9999.00-9999.00-9999.00-9999.00-9999.00-9999.00-9999.00-9999.00-9999.00-9999.00-9999.00-9999.00 73.77 116.11 190.69 377.29 378.87 284.85 71.85 80.55 71.78 172.29 82.99 0.00 79.51 174.87 77.35 178.92 78.35 83.21-9999.00-9999.00-9999.00-9999.00-9999.00-9999.00-9999.00-9999.00-9999.00-9999.00-9999.00-9999.00-9999.00 -9999.00-9999.00-9999.00-9999.00-9999.00-9999.00-9999.00-9999.00-9999.00-9999.00 205.03 125.31 74.67 380.40 94.44 378.05 280.60 72.23 127.63 198.55 102.76-9999.00-9999.00-9999.00-9999.00-9999.00-9999.00-9999.00-9999.00-9999.00-9999.00-9999.00-9999.00-9999.00-9999.00-9999.00-9999.00-9999.00-9999.00-9999.00-9999.00-9999.00-9999.00-9999.00-9999.00-9999.00-9999.00-9999.00-9999.00-9999.00-9999.00-9999.00-9999.00-9999.00-9999.00-9999.00-9999.00-9999.00-9999.00-9999.00-9999.00-9999.00-9999.00-9999.00-9999.00-9999.00-9999.00-9999.00-9999.00-9999.00-9999.00-9999.00-9999.00-9999.00-9999.00-9999.00-9999.00-9999.00-9999.00-9999.00-9999.00-9999.00-9999.00-9999.00-9999.00-9999.00-9999.00-9999.00-9999.00-9999.00-9999.00-9999.00-9999.00-9999.00-9999.00-9999.00-9999.00-9999.00-9999.00-9999.00-9999.00-9999.00-9999.00-9999.00-9999.00-9999.00-9999.00-9999.00-9999.00-9999.00-9999.00-9999.00-9999.00-9999.00 72.78 115.65 361.59 74.21 74.55 155.42 80.73 71.78 126.32 187.08 327.54
158.75 369.61 143.42 86.65 377.90 72.08 80.64 109.08 81.98 81.13 82.12 72.12 141.81 0.00 213.03 71.80 142.88 80.30 71.93 120.60 125.97 72.87 71.80 82.72 81.47 79.82 73.64 71.83 0.00 189.58 73.51 77.35 376.85 0.00 258.06 220.79 378.21 360.83 71.93 83.39-9999.00-9999.00-9999.00 -9999.00-9999.00-9999.00-9999.00-9999.00-9999.00-9999.00-9999.00-9999.00-9999.00-9999.00-9999.00-9999.00-9999.00-9999.00 78.61 71.25 224.94 375.16 70.76 0.00 307.18 358.81 127.38 76.09-9999.00-9999.00-9999.00-9999.00-9999.00-9999.00-9999.00-9999.00-9999.00-9999.00-9999.00-9999.00-9999.00-9999.00-9999.00-9999.00-9999.00-9999.00-9999.00-9999.00-9999.00-9999.00-9999.00-9999.00-9999.00-9999.00-9999.00-9999.00-9999.00-9999.00-9999.00-9999.00-9999.00-9999.00-9999.00-9999.00-9999.00-9999.00-9999.00-9999.00 110.21 161.45 88.05 81.88-9999.00-9999.00-9999.00-9999.00 73.77 116.93 361.42 377.15 80.86 380.65
123.64 73.28 74.55 84.76 84.20 0.00 0.00 0.00 0.00 0.00 345.46 123.35 86.88 0.00 0.00 0.00 194.66 113.09 72.28 73.17 0.00 78.72 72.28 74.91 102.35 0.00 74.38 85.90 78.72 0.00 376.38 154.50 110.21 376.03 216.53 112.32 74.38 83.76 95.81-9999.00-9999.00-9999.00-9999.00-9999.00 -9999.00-9999.00-9999.00-9999.00-9999.00-9999.00-9999.00-9999.00-9999.00-9999.00-9999.00-9999.00 70.70 141.01 342.56 70.48 233.10 0.00 75.20 78.11 78.28 81.37 72.83 380.08 118.99 74.93 243.53 172.81 79.72 202.03 178.01-9999.00-9999.00-9999.00-9999.00-9999.00-9999.00-9999.00-9999.00-9999.00-9999.00-9999.00-9999.00-9999.00-9999.00-9999.00-9999.00-9999.00-9999.00-9999.00-9999.00-9999.00-9999.00 73.91 97.24
73.39 189.62 380.48 416.36 74.72 90.61 129.55 74.38 162.71 376.48 82.56 115.82 0.00 111.78 83.04 93.66 330.47 83.39 80.86 318.94 373.93 72.34 117.71 0.00 75.98 82.26 83.57 83.95 147.21 82.12 76.23 0.00 359.32 72.40 137.08 294.80 71.93 92.04 86.88 73.17 125.38 72.62 111.56 376.01 376.22 349.22 198.53 82.26 72.78 73.06 74.06 74.72 84.98 77.05 72.70 114.72 81.13 118.80 0.00 0.00 0.00
209.45 72.87 80.23 72.54 90.18 82.41 79.35 113.00 384.51 75.10 80.46 73.28 80.64 79.11 382.33 374.55 90.61 74.06 74.06 380.18 221.36 79.77 87.46 83.95 76.23 377.54 124.88 79.51 78.97 72.12 133.88 73.51 113.76 384.66 339.24 130.69 209.10 0.00 375.69 329.26 177.22 93.17 394.09 322.54 142.70 79.94-9999.00-9999.00-9999.00-9999.00-9999.00-9999.00-9999.00-9999.00-9999.00-9999.00 -9999.00-9999.00-9999.00-9999.00-9999.00-9999.00-9999.00-9999.00-9999.00 373.20 81.91 248.32 79.72 80.07 76.42 132.37 72.10 118.16 109.95 0.00 72.83 71.53 77.36
296.96 132.62 81.98 84.34 87.46 79.47 145.55 109.25 71.93 129.96 332.70 75.31 375.65 86.88 0.00 376.52 120.37 0.00 376.33 376.00 78.82 77.67 272.47 76.23 79.51 375.10 75.52 85.90-9999.00-9999.00-9999.00-9999.00-9999.00-9999.00-9999.00-9999.00-9999.00 -9999.00-9999.00-9999.00 80.23 339.10 389.13 377.36 72.83 78.69 71.74 401.40 117.04 125.39 80.77 80.77 378.03 72.99 70.54 114.13 144.92 0.00 380.21 378.09 337.77 71.63 76.09 81.05 76.42 380.30 80.77 78.47 375.84 80.33 80.90 380.30
155.53 110.92 80.55 82.26 73.17 71.85 145.40 349.46 376.61 72.28 71.83 109.05 386.09 383.26 0.00 85.50 100.57 111.37 100.57 163.38 111.98 377.92 377.55 334.38 74.91 381.16 402.91 75.98 80.86 195.82-9999.00-9999.00-9999.00-9999.00-9999.00-9999.00-9999.00 -9999.00-9999.00-9999.00-9999.00 156.53 366.87 87.04 79.61 379.94 72.99 380.13 83.81 70.94 110.06 85.52 70.56 118.63 388.34 70.26 0.00 114.84 83.81 375.39 111.91 72.99 306.51 71.63 78.33 76.09 108.19 124.75 0.00 125.62 88.52
109.27 216.70 79.11 384.20 76.23 81.47 74.06 131.83 256.54 72.54 111.17 389.81 0.00 206.99 80.39 247.43 94.55 88.40 102.65 378.54 234.94 211.67 380.83 379.21 384.09 129.35 74.38 89.03 76.77 72.62-9999.00-9999.00-9999.00-9999.00-9999.00-9999.00-9999.00 -9999.00-9999.00-9999.00-9999.00-9999.00-9999.00 88.52 217.26 78.11 71.74 0.00 70.36 79.61 77.72 70.41 377.35 79.11 112.61 0.00 70.60 77.39 70.65 133.32 70.31 77.96 84.72 71.25 120.48 260.68 78.93 107.80 0.00 111.74 75.20 79.72 72.51
253.74 93.76 380.08 97.63 200.76 84.77 94.16 83.93 370.59 73.06 83.21 379.17 248.69 114.95 78.00 80.86-9999.00-9999.00-9999.00-9999.00-9999.00-9999.00-9999.00-9999.00 -9999.00-9999.00-9999.00-9999.00-9999.00-9999.00-9999.00-9999.00-9999.00 79.11 71.09 0.00 72.23 70.60 139.66 0.00 131.72 107.98 168.69 109.70 72.99 71.01 375.60 174.80 81.91 70.41 147.12 141.58 74.19 85.52 377.88 0.00 376.02 183.04 77.62 80.61 72.10 181.88 70.88 0.00 112.86 0.00 89.32 383.50 108.65 79.72 70.81 378.01 373.12 79.24 83.51 79.95 78.34
126.33 385.39 71.85 78.76 73.75 194.90 80.61 70.60 0.00 137.14 122.23 70.26 378.54 206.37 372.09 108.62 74.67 80.61 82.07 114.38 80.20 82.51 88.10 77.51 76.09 83.15 236.14 84.50 378.20 74.19 91.28 83.81 132.42 178.81 221.66 148.48 70.81 77.83 74.55 0.00 71.75 72.87 378.48 367.15 72.12 88.05 79.61 119.53 109.91 266.03 378.73 0.00 238.10 354.11 128.87 88.40 83.04 79.11 82.42 105.14 91.54
92.37 392.22 80.23 88.10 75.48 167.22 78.93 70.24 313.41 376.01 0.00 85.96 81.71 137.80 72.47 217.79 322.14 80.86 75.10 72.17 111.51 130.27 265.74 0.00 72.34 87.46 129.41 84.84 72.87 377.28 390.09 377.51 376.37 233.33 76.77 323.90 79.94 82.88 71.96 80.73 85.43 79.47 71.96 201.39 73.64 0.00 165.57 74.06 75.52 82.56 377.93 196.36 120.98 72.08 80.92 193.60 83.39 80.46 72.47 134.09 177.76
74.21 145.90 132.57 91.06 79.71 71.96 345.33 382.04 112.39 81.36 73.39 116.48 379.05 0.00 221.90 161.04 118.67 71.74 80.73 74.38 163.50 233.25 80.23 82.72 82.41 378.07 84.14 308.89 79.11 298.99 79.94 367.78 80.39 135.26 379.52 377.36 0.00 0.00 375.11 103.98 186.62 382.00 76.07 93.17 89.58 85.48 86.97 105.77 344.86 84.42 377.37 71.85 86.40 111.35 320.30 232.73 78.00-9999.00-9999.00-9999.00-9999.00-9999.00-9999.00-9999.00-9999.00-9999.00-9999.00 -9999.00-9999.00-9999.00-9999.00-9999.00-9999.00-9999.00-9999.00-9999.00 70.60 111.17 386.67
98.26 348.95 116.13 378.79 159.53 73.07 81.68 92.57 202.57 73.06 71.77 71.79 71.77 81.24 311.88 173.53 74.38-9999.00-9999.00-9999.00-9999.00-9999.00-9999.00-9999.00-9999.00-9999.00-9999.00-9999.00-9999.00-9999.00 -9999.00-9999.00-9999.00-9999.00-9999.00-9999.00-9999.00-9999.00-9999.00 80.23 319.34 368.07 71.85 71.43 378.32 115.29 75.20 379.36 382.52 0.00 337.84 77.91 0.00 71.25 214.05 124.28 91.98 83.07 70.60 0.00 143.27 81.37 80.61 114.08 382.17 131.58 124.05 73.17 70.41 134.70 0.00 70.81 78.84 78.33 152.47 375.57 80.07 388.59 80.07 72.67 379.49 74.19
0.00 257.57 125.39 70.29 82.51 208.62 378.81 71.85 0.00 73.96 80.90 80.47 83.74 70.23 119.61 70.88 121.46 0.00 72.99 71.17 144.05 0.00 132.05 71.43 142.02 71.85 182.28 71.63 79.83 77.67 83.39 83.76 72.40 141.72 82.88 82.88 77.67 0.00 368.65 375.75 0.00 73.17 75.52 385.63 284.77 380.41 189.99 0.00 223.72 81.88 360.68 84.98 95.98 72.34 81.13 74.06 378.83 87.18 80.39 75.52 366.51
376.56 74.55 72.28 330.80 369.43 78.00 380.26 72.62 81.59 84.34 72.96 377.33 377.79 379.97 0.00 375.75 377.51 193.32 129.97 82.03 125.49 74.55 82.41 154.69 85.50 71.79 382.87 72.78 375.53 72.28 72.08 374.98 236.41 81.88-9999.00-9999.00-9999.00-9999.00-9999.00-9999.00-9999.00-9999.00-9999.00-9999.00-9999.00-9999.00-9999.00-9999.00 -9999.00-9999.00-9999.00-9999.00-9999.00-9999.00-9999.00-9999.00-9999.00-9999.00-9999.00-9999.00-9999.00-9999.00-9999.00 347.02 85.52 86.75 92.37 77.13 376.72 82.07 79.30 70.23 0.00 80.72 109.82 114.51 363.79 380.62 107.98 76.09 77.36 70.88 378.14 0.00 73.17 77.38 70.36 210.81 0.00
84.72 75.48 132.19 376.78 377.11 70.70 382.30 73.75 90.68 0.00 70.60 78.00 78.84 79.40 155.05 142.82 97.02 214.84 116.33 339.13 93.75 199.09 379.12 377.21 130.22 81.88 214.67 73.06 76.49 304.75 79.11 174.98 81.59 80.86 391.86 77.35 184.68 90.18 375.96 74.38 75.75 75.31 84.76 72.28 141.36 229.37 201.31 0.00 126.44 84.34 74.72 296.33 209.10 0.00 381.52 375.06 246.94 138.74 74.38 71.74 79.02
85.81 120.73 76.09 379.30 74.19 141.99 71.01 114.57 152.19 393.22 74.19 125.69 0.00 83.12 375.63 80.90 71.17 91.91 376.50 0.00 122.47 77.42 72.94 84.83 199.07 71.63 138.74 128.22 72.37 75.78 122.40 238.78 381.18 88.36 74.55 389.21 167.98 82.99 83.59 375.81 335.35 379.30 0.00 78.00 80.46 86.91 87.75 74.21 84.76 209.74 228.40 81.36 82.99 75.52 375.96 380.31 117.29 81.98 79.51 74.06 111.88
71.53 88.49 378.27 71.85 71.17 237.41 72.83 141.27 87.59 124.31 0.00 250.68 70.81 76.90 297.14 74.42 80.77 73.96 144.97 379.92 115.45 383.69 77.91 377.62 96.22 127.34 73.96 363.07 74.67 0.00 108.62 136.71 80.39 82.42 391.89 395.64 83.59 113.68 81.68 261.86 75.52 379.39 73.17 100.57 84.76 75.10 378.44 397.00 223.18 130.90 72.08 217.54 72.47 130.17 372.93 87.18 75.98 118.00 376.64 80.39 81.88
85.11 74.59 75.82 355.59 208.23 96.22 82.26 85.25 91.91 195.47 98.94 76.42 375.30 376.81 0.00 195.24 205.03 393.14 379.17 137.41 388.27 377.53 377.15 230.48 368.83 86.88 230.52 155.44 298.56 0.00 0.00 82.42 0.00 123.59 193.67 79.11 192.21 72.04 76.77 72.70 371.31 376.76 412.53 385.52 71.96 169.96 378.94 0.00 82.42 377.00 81.36 0.00 375.47 84.77 72.04 71.74 80.38 0.00 0.00 377.29 76.77
0.00 0.00 246.91 94.82 232.07 86.09 89.81 93.66 97.72 77.35 86.15 83.59 77.35 71.87 75.10 123.50 78.72 91.54 86.15 73.28 80.08 160.81 73.39 72.34 109.52 182.41 0.00 377.28 353.18 129.50 82.42 174.15 78.72 72.96 174.27 0.00 185.18 156.49 111.52 79.51 84.14 78.00 116.14 325.06 84.14-9999.00-9999.00-9999.00-9999.00-9999.00-9999.00-9999.00-9999.00-9999.00-9999.00-9999.00-9999.00-9999.00-9999.00-9999.00-9999.00-9999.00-9999.00-9999.00 -9999.00-9999.00-9999.00-9999.00-9999.00-9999.00-9999.00-9999.00-9999.00-9999.00-9999.00-9999.00-9999.00-9999.00-9999.00-9999.00-9999.00-9999.00-9999.00-9999.00-9999.00-9999.00-9999.00 81.79 93.36 141.82 369.40 379.76 77.13 85.25 79.61 71.34 155.72 129.26 252.98 216.18 83.15 338.95
127.32 74.55 348.38 78.00 79.94 88.36 73.91 181.94 78.72 377.55 73.39 81.47 78.95 114.42 376.90 0.00 142.10 71.74 79.32 375.22 71.43 80.30 79.47 87.75 0.00 115.41 198.20 121.65 72.78 356.63 153.75 112.40 90.21-9999.00-9999.00-9999.00-9999.00-9999.00-9999.00-9999.00-9999.00-9999.00-9999.00-9999.00-9999.00-9999.00-9999.00-9999.00-9999.00-9999.00-9999.00-9999.00-9999.00 -9999.00-9999.00-9999.00-9999.00-9999.00-9999.00-9999.00-9999.00-9999.00-9999.00-9999.00-9999.00-9999.00-9999.00-9999.00-9999.00-9999.00-9999.00 100.45-9999.00 86.10 79.72 261.82 73.96 72.23 383.99 389.12 88.49 73.96 376.06 0.00 378.14 87.73 71.74 74.42 113.66 358.87 0.00 378.49 367.06 87.59 95.39 301.72 296.58 377.55 80.23
77.67 377.68 381.19 340.13 0.00 0.00 382.99 376.97 272.34 84.34 89.64 192.39 377.63 152.12 114.46 248.06 74.55 82.88 0.00 79.22 236.96 187.90 78.72-9999.00-9999.00-9999.00-9999.00-9999.00-9999.00-9999.00-9999.00-9999.00-9999.00-9999.00-9999.00-9999.00-9999.00-9999.00-9999.00-9999.00-9999.00-9999.00-9999.00-9999.00-9999.00-9999.00-9999.00 -9999.00-9999.00-9999.00-9999.00-9999.00-9999.00-9999.00-9999.00-9999.00-9999.00-9999.00-9999.00-9999.00-9999.00-9999.00-9999.00-9999.00 83.51 85.52 75.78 387.53 384.10 84.50 388.26 385.15 387.04 91.91 92.93 85.25 159.10 87.38 71.34 385.60 125.26 87.04 80.23 0.00 377.78 0.00 233.66 375.36 376.48 277.20 277.25 375.67 110.97 375.15 135.67 375.15 375.76 103.72 90.68 378.98 90.68
232.58 381.63 238.07 0.00 0.00 378.87 308.89 120.28 259.41 211.68 317.80 359.64 0.00 211.16 323.21 85.26 87.46 94.34 81.61 82.56 375.07 84.50 85.96 375.21 375.47 180.84 97.26 382.25 147.71 192.12 165.01 120.28 380.96 262.70 372.94 375.37 0.00 326.27 326.27 378.40 381.63 326.32 377.07 308.43 377.65 0.00 0.00 376.10 377.86 383.33 375.86 375.41 83.12 214.64 80.23 87.73 79.72 377.12 79.24 84.72 70.81
109.55 168.15 376.77 262.03 144.44 127.08 74.55 82.42 72.40 81.98 110.39 129.82 125.67 87.00 365.02 73.06 132.76 134.34-9999.00-9999.00-9999.00-9999.00-9999.00-9999.00-9999.00-9999.00-9999.00-9999.00-9999.00-9999.00-9999.00-9999.00-9999.00-9999.00-9999.00-9999.00-9999.00-9999.00-9999.00 -9999.00-9999.00-9999.00-9999.00-9999.00-9999.00-9999.00-9999.00-9999.00-9999.00-9999.00-9999.00-9999.00-9999.00-9999.00-9999.00-9999.00-9999.00-9999.00-9999.00-9999.00-9999.00-9999.00-9999.00-9999.00-9999.00-9999.00-9999.00-9999.00-9999.00 73.35 379.18 379.04 85.21 377.64 98.32 359.32 375.99 354.59 377.20 377.21 376.56 376.59 0.00 262.70 0.00 326.27 377.27 174.42 0.00 415.51 412.75 384.44 388.78 388.40 387.41 71.65 87.98 74.65 80.50 86.57 77.64 81.07 78.06 107.96 182.80 221.17 103.32 103.52 375.69 167.41 167.41
312.07 137.00 111.02 142.19 318.93 87.42 82.32 253.83 258.73 78.50 74.39 73.06 124.04 78.50 76.86 71.20 376.19 110.77 333.44 84.31 90.66 89.67 379.59 92.32 378.94 73.06 83.07 72.21 85.65 383.72 91.85 378.59 83.59 382.87 75.04-9999.00-9999.00-9999.00-9999.00-9999.00-9999.00-9999.00-9999.00-9999.00-9999.00-9999.00-9999.00-9999.00-9999.00-9999.00-9999.00-9999.00-9999.00-9999.00-9999.00-9999.00-9999.00 -9999.00-9999.00-9999.00-9999.00-9999.00-9999.00-9999.00-9999.00-9999.00-9999.00-9999.00-9999.00-9999.00-9999.00-9999.00-9999.00-9999.00-9999.00-9999.00-9999.00-9999.00-9999.00-9999.00-9999.00-9999.00-9999.00-9999.00-9999.00-9999.00-9999.00-9999.00-9999.00-9999.00 243.22 223.63 176.56 354.72 376.93 377.31 376.72 375.66 376.59 377.23 375.00 375.00 350.96 375.30 0.00 323.44 378.88 328.38 375.72 376.78 253.48 378.60 381.03 377.22 328.38
75.51 87.98 86.80 122.16-9999.00-9999.00-9999.00-9999.00-9999.00-9999.00-9999.00-9999.00-9999.00-9999.00-9999.00-9999.00-9999.00-9999.00-9999.00-9999.00-9999.00-9999.00-9999.00-9999.00-9999.00-9999.00 -9999.00-9999.00-9999.00-9999.00-9999.00-9999.00-9999.00-9999.00-9999.00-9999.00-9999.00-9999.00-9999.00-9999.00-9999.00-9999.00-9999.00-9999.00-9999.00-9999.00-9999.00-9999.00-9999.00-9999.00-9999.00-9999.00-9999.00-9999.00-9999.00-9999.00-9999.00-9999.00-9999.00-9999.00-9999.00-9999.00-9999.00-9999.00-9999.00-9999.00-9999.00-9999.00-9999.00-9999.00-9999.00 375.28 373.80 375.12 0.00 294.08 375.34 323.42 375.83 221.17 0.00 376.10 375.00 294.08 375.34 328.38 294.08 377.03 375.00 0.00 281.61 314.73 375.63 377.82 248.53 379.87 319.96 375.97 225.74 386.66 375.11 375.03 297.38 382.64 253.48 0.00 0.00 0.00 379.14 225.74 273.99 0.00 375.31 372.19 375.09 283.97 186.52 0.00 0.00 0.00 0.00 0.00 0.00 0.00 116.09 79.45 77.35
94.13 376.76 262.83 76.86 379.54 133.73 73.06 383.88 155.10 76.50 377.99 378.23 239.37 79.45 81.45 384.59 87.69 194.52 380.33 361.23 76.33-9999.00-9999.00-9999.00-9999.00-9999.00-9999.00-9999.00-9999.00-9999.00-9999.00-9999.00-9999.00-9999.00-9999.00-9999.00-9999.00-9999.00-9999.00 -9999.00-9999.00-9999.00-9999.00-9999.00-9999.00-9999.00-9999.00-9999.00-9999.00-9999.00-9999.00-9999.00-9999.00-9999.00-9999.00-9999.00-9999.00-9999.00-9999.00-9999.00-9999.00-9999.00-9999.00-9999.00-9999.00-9999.00-9999.00-9999.00-9999.00-9999.00-9999.00-9999.00-9999.00-9999.00-9999.00-9999.00-9999.00-9999.00-9999.00-9999.00-9999.00-9999.00-9999.00-9999.00-9999.00-9999.00-9999.00-9999.00-9999.00-9999.00 268.88 248.53 0.00 294.08 375.66 323.42 378.06 359.82 225.74 0.00 253.48 380.86 328.48 0.00 376.21 375.24 0.00 294.08 0.00 375.00 294.08 294.08 375.47 328.38 375.31 294.08 0.00 294.08 375.00 323.44 0.00 248.53 373.80 377.94 377.11 376.82 383.18 376.56 199.81
