蒙特卡罗+CDRMV3/输出数据/2D水深分布/WaterDepthGIS_0167.ASC
ncols         539            
nrows         744            
xllcorner     602630.84259341
yllcorner     3914823.670891 
cellsize      50             
NODATA_value  -9999.00       
[rows 0 to 26 of 32, columns 61 to 121 of 539]
70.82-9999.00-9999.00-9999.00-9999.00-9999.00-9999.00-9999.00-9999.00-9999.00-9999.00-9999.00-9999.00-9999.00-9999.00-9999.00-9999.00 -9999.00-9999.00-9999.00-9999.00-9999.00-9999.00-9999.00-9999.00-9999.00-9999.00-9999.00-9999.00-9999.00-9999.00-9999.00-9999.00-9999.00-9999.00-9999.00-9999.00-9999.00-9999.00-9999.00-9999.00-9999.00-9999.00-9999.00-9999.00-9999.00-9999.00-9999.00-9999.00-9999.00-9999.00-9999.00-9999.00-9999.00-9999.00-9999.00-9999.00-9999.00-9999.00-9999.00-9999.00-9999.00-9999.00-9999.00-9999.00-9999.00-9999.00-9999.00-9999.00-9999.00-9999.00-9999.00-9999.00-9999.00-9999.00-9999.00-9999.00-9999.00-9999.00-9999.00-9999.00-9999.00-9999.00-9999.00-9999.00-9999.00-9999.00-9999.00-9999.00-9999.00-9999.00-9999.00-9999.00-9999.00-9999.00-9999.00-9999.00-9999.00-9999.00-9999.00-9999.00-9999.00-9999.00-9999.00-9999.00-9999.00-9999.00-9999.00-9999.00-9999.00-9999.00-9999.00-9999.00-9999.00-9999.00-9999.00-9999.00-9999.00-9999.00-9999.00-9999.00-9999.00-9999.00-9999.00-9999.00-9999.00-9999.00-9999.00-9999.00-9999.00-9999.00-9999.00-9999.00-9999.00-9999.00-9999.00-9999.00 81.06 85.48 70.78 381.14 85.00 379.84 123.04 70.91 71.45 82.37-9999.00-9999.00-9999.00-9999.00-9999.00-9999.00-9999.00-9999.00-9999.00-9999.00-9999.00-9999.00-9999.00-9999.00-9999.00 -9999.00-9999.00-9999.00-9999.00-9999.00-9999.00-9999.00-9999.00-9999.00-9999.00-9999.00-9999.00-9999.00-9999.00-9999.00-9999.00-9999.00-9999.00-9999.00-9999.00-9999.00-9999.00-9999.00-9999.00-9999.00-9999.00-9999.00-9999.00-9999.00-9999.00-9999.00-9999.00-9999.00-9999.00-9999.00-9999.00-9999.00-9999.00-9999.00-9999.00-9999.00-9999.00-9999.00-9999.00-9999.00-9999.00-9999.00-9999.00-9999.00-9999.00-9999.00-9999.00-9999.00-9999.00-9999.00-9999.00-9999.00-9999.00-9999.00-9999.00-9999.00-9999.00-9999.00-9999.00-9999.00-9999.00-9999.00-9999.00-9999.00-9999.00-9999.00-9999.00-9999.00-9999.00-9999.00-9999.00-9999.00-9999.00-9999.00-9999.00-9999.00-9999.00-9999.00-9999.00-9999.00-9999.00-9999.00-9999.00-9999.00-9999.00-9999.00-9999.00-9999.00-9999.00-9999.00-9999.00-9999.00-9999.00-9999.00-9999.00-9999.00-9999.00-9999.00-9999.00-9999.00-9999.00-9999.00-9999.00-9999.00-9999.00-9999.00-9999.00-9999.00-9999.00-9999.00-9999.00-9999.00-9999.00-9999.00 77.78 71.04 82.19 71.17 384.33 379.07 81.84 94.10 74.41 149.16 136.93 92.48-9999.00-9999.00-9999.00-9999.00-9999.00-9999.00-9999.00-9999.00-9999.00-9999.00-9999.00-9999.00-9999.00-9999.00 -9999.00-9999.00-9999.00-9999.00-9999.00-9999.00-9999.00-9999.00-9999.00-9999.00-9999.00-9999.00-9999.00-9999.00-9999.00-9999.00-9999.00-9999.00-9999.00-9999.00-9999.00-9999.00-9999.00-9999.00-9999.00-9999.00-9999.00-9999.00-9999.00-9999.00-9999.00-9999.00-9999.00-9999.00-9999.00-9999.00-9999.00-9999.00-9999.00-9999.00-9999.00-9999.00-9999.00-9999.00-9999.00-9999.00-9999.00-9999.00-9999.00-9999.00-9999.00-9999.00-9999.00-9999.00-9999.00-9999.00-9999.00-9999.00-9999.00-9999.00-9999.00-9999.00-9999.00-9999.00-9999.00-9999.00-9999.00-9999.00-9999.00-9999.00-9999.00-9999.00-9999.00-9999.00-9999.00-9999.00-9999.00-9999.00-9999.00-9999.00-9999.00-9999.00-9999.00-9999.00-9999.00-9999.00-9999.00-9999.00-9999.00-9999.00-9999.00-9999.00-9999.00-9999.00-9999.00-9999.00-9999.00-9999.00-9999.00-9999.00-9999.00-9999.00-9999.00-9999.00-9999.00-9999.00-9999.00-9999.00-9999.00-9999.00-9999.00-9999.00-9999.00-9999.00-9999.00-9999.00-9999.00-9999.00-9999.00 70.66 169.86 71.88 122.81 71.78 0.00 71.04 73.12 379.06 225.68 109.70 88.05-9999.00-9999.00-9999.00-9999.00-9999.00-9999.00-9999.00-9999.00-9999.00-9999.00-9999.00-9999.00-9999.00-9999.00 -9999.00-9999.00-9999.00-9999.00-9999.00-9999.00-9999.00-9999.00-9999.00-9999.00-9999.00-9999.00-9999.00-9999.00-9999.00-9999.00-9999.00-9999.00-9999.00-9999.00-9999.00-9999.00-9999.00-9999.00-9999.00-9999.00-9999.00-9999.00-9999.00-9999.00-9999.00-9999.00-9999.00-9999.00-9999.00-9999.00-9999.00-9999.00-9999.00-9999.00-9999.00-9999.00-9999.00-9999.00-9999.00-9999.00-9999.00-9999.00-9999.00-9999.00-9999.00-9999.00-9999.00-9999.00-9999.00-9999.00-9999.00-9999.00-9999.00-9999.00-9999.00-9999.00-9999.00-9999.00-9999.00-9999.00-9999.00-9999.00-9999.00-9999.00-9999.00-9999.00-9999.00-9999.00-9999.00-9999.00-9999.00-9999.00-9999.00-9999.00-9999.00-9999.00-9999.00-9999.00-9999.00-9999.00-9999.00-9999.00-9999.00-9999.00-9999.00-9999.00-9999.00-9999.00-9999.00-9999.00-9999.00-9999.00-9999.00-9999.00-9999.00-9999.00-9999.00-9999.00-9999.00-9999.00-9999.00-9999.00-9999.00-9999.00-9999.00-9999.00-9999.00-9999.00-9999.00-9999.00-9999.00-9999.00 78.64 70.72 107.10 376.43 89.36 74.20 0.00 70.91 375.69 79.19 79.44 80.39 90.26-9999.00-9999.00-9999.00-9999.00-9999.00-9999.00-9999.00-9999.00-9999.00-9999.00-9999.00-9999.00-9999.00-9999.00 -9999.00-9999.00-9999.00-9999.00-9999.00-9999.00-9999.00-9999.00-9999.00-9999.00-9999.00-9999.00-9999.00-9999.00-9999.00-9999.00-9999.00-9999.00-9999.00-9999.00-9999.00-9999.00-9999.00-9999.00-9999.00-9999.00-9999.00-9999.00-9999.00-9999.00-9999.00-9999.00-9999.00-9999.00-9999.00-9999.00-9999.00-9999.00-9999.00-9999.00-9999.00-9999.00-9999.00-9999.00-9999.00-9999.00-9999.00-9999.00-9999.00-9999.00-9999.00-9999.00-9999.00-9999.00-9999.00-9999.00-9999.00-9999.00-9999.00-9999.00-9999.00-9999.00-9999.00-9999.00-9999.00-9999.00-9999.00-9999.00-9999.00-9999.00-9999.00-9999.00-9999.00-9999.00-9999.00-9999.00-9999.00-9999.00-9999.00-9999.00-9999.00-9999.00-9999.00-9999.00-9999.00-9999.00-9999.00-9999.00-9999.00-9999.00-9999.00-9999.00-9999.00-9999.00-9999.00-9999.00-9999.00-9999.00-9999.00-9999.00-9999.00-9999.00-9999.00-9999.00-9999.00-9999.00-9999.00-9999.00-9999.00-9999.00-9999.00-9999.00-9999.00-9999.00-9999.00-9999.00-9999.00 73.28 78.58 110.52 145.80 74.86 351.95 0.00 0.00
72.08 109.28 219.22 377.42 74.20 72.19 370.22 96.11 0.00 71.45 80.92 88.18 72.96 396.15 377.17 406.49 72.55 378.97 126.93 72.68-9999.00-9999.00-9999.00 -9999.00-9999.00-9999.00-9999.00-9999.00-9999.00-9999.00-9999.00-9999.00-9999.00-9999.00-9999.00-9999.00-9999.00-9999.00 71.35 223.53 79.12 72.93 105.83 0.00 281.80 148.04 71.80-9999.00-9999.00-9999.00-9999.00-9999.00-9999.00-9999.00-9999.00-9999.00-9999.00-9999.00-9999.00-9999.00-9999.00-9999.00-9999.00-9999.00-9999.00-9999.00-9999.00-9999.00-9999.00-9999.00-9999.00-9999.00-9999.00-9999.00-9999.00-9999.00-9999.00-9999.00-9999.00-9999.00-9999.00-9999.00-9999.00-9999.00-9999.00-9999.00-9999.00-9999.00-9999.00-9999.00-9999.00-9999.00-9999.00-9999.00-9999.00-9999.00-9999.00-9999.00-9999.00 75.63 75.63 375.45 378.31 85.75 82.75 84.32 74.20-9999.00-9999.00-9999.00-9999.00-9999.00-9999.00-9999.00-9999.00 71.19 120.73 362.93 285.05 77.19 307.14 115.44 74.20 378.49 234.84 72.68 178.23 111.50 80.78 169.95 235.22 72.19 75.63 71.45 120.02 112.42 110.77 0.00
100.19 83.15 74.86 378.57 128.72 75.11-9999.00 73.28 159.08 71.38 275.52 72.55 78.48 70.99 382.18 74.41 141.92 92.38 85.75 78.70 80.04 70.99 177.95 78.76 0.00 114.72 71.19 71.61 313.00 71.53 0.00 0.00 0.00 75.11 72.68 72.08 0.00 376.79 294.36 0.00 0.00 0.00 0.00 0.00 0.00 0.00 114.27 77.93 84.02 202.81 0.00 377.37 376.71 88.98 138.57 73.80 165.05 84.02 84.25-9999.00-9999.00-9999.00-9999.00-9999.00 -9999.00-9999.00-9999.00-9999.00-9999.00-9999.00-9999.00-9999.00-9999.00-9999.00-9999.00-9999.00 71.08 222.07
168.56 377.29 83.15 83.57 88.05 72.96 377.89 136.56 84.25 80.92 354.29 0.00 128.89 83.65 82.38 71.69 362.13 76.21 377.23 73.44 178.98 0.00 374.80 159.17 71.45 79.53 70.66 71.25 133.99 368.83 0.00 162.93 226.97 128.10 71.53 84.25 79.63 78.76 74.00 70.79 120.27 114.38 76.85 108.92 380.28 73.28 72.42 134.15 82.19 82.95 83.57 139.28 78.76 73.28 79.83 80.04 184.80 74.00 110.18 110.18 110.86
82.95 79.11 109.48 108.33 389.20 72.42 88.94 85.75 79.44 70.79 75.11 0.00 0.00 77.55 145.63 379.32 76.85 345.39 119.35 71.14 79.27 139.19 378.84 70.65 71.04 81.06 72.30 120.10 134.01 304.05 377.25 141.72 80.68 364.40 0.00 93.79 382.37 379.52 80.51 378.41 85.71 91.82-9999.00-9999.00-9999.00-9999.00-9999.00-9999.00-9999.00-9999.00-9999.00-9999.00-9999.00 -9999.00-9999.00-9999.00-9999.00-9999.00-9999.00-9999.00-9999.00-9999.00-9999.00 89.08 376.07 85.65 148.04 355.35 70.84 180.33 69.93 382.01 76.42 0.00 77.24 69.87 69.44 138.40 70.24 69.87 147.42
77.96 134.92 70.81 381.25 0.00 0.00 100.19 86.44 109.34 388.66 382.29 81.60 380.26 378.43 136.60 73.44 84.72-9999.00-9999.00-9999.00-9999.00-9999.00-9999.00-9999.00-9999.00-9999.00 -9999.00-9999.00-9999.00-9999.00 83.40 71.80 295.47 70.84 95.77 376.16 72.93 80.26 79.09 75.35 245.51 371.59 76.42 106.28 130.51 158.14 0.00 72.32 78.00 376.63 271.24 368.47 70.73 82.18 255.29 233.52 78.84 376.33 86.97 82.87 84.86 387.47 114.52 69.93 74.71 94.61 89.08 82.41 73.62 109.87 0.00 69.55 82.37
382.91 0.00 293.17 88.98 98.35 123.46 127.59 379.29 97.06 109.00 101.51 384.28 76.21 82.38 153.05 79.67-9999.00-9999.00-9999.00-9999.00-9999.00-9999.00-9999.00-9999.00 -9999.00-9999.00-9999.00 83.12 86.61 159.91 374.03 385.87 116.86 78.10 118.74 379.28 69.81 71.21 69.23 109.00 379.71 70.62 69.33 0.00 75.02 220.52 111.35 145.00 70.62 74.14 78.50 78.50 80.26 69.35 117.38 378.07 0.00 0.00 0.00 107.53 72.52 84.15 74.71 284.08 70.00 267.09 0.00 237.00 70.33 77.74 82.18
0.00 0.00 375.69 95.02 93.51 198.66 386.46 383.44 385.99 381.31 149.20 82.69 88.33 321.23 71.25 81.22 166.35 136.66 86.02-9999.00-9999.00-9999.00-9999.00-9999.00-9999.00 -9999.00-9999.00-9999.00-9999.00-9999.00-9999.00 127.71 69.51 230.05 0.00 78.62 124.94 70.33 72.93 116.93 169.98 80.43 70.24 0.00 160.17 69.29 155.60 79.94 151.61 160.44 75.35 70.24 377.48 72.52 78.61 69.31 0.00 137.67 69.60 81.35 69.64 375.88 75.02 377.96 70.08 70.00 0.00 139.34 69.41 72.14 240.15 381.61
379.29 379.15 377.69 72.08 78.33 81.06 71.31 174.38 74.00-9999.00-9999.00-9999.00-9999.00-9999.00-9999.00-9999.00 -9999.00-9999.00-9999.00-9999.00-9999.00-9999.00-9999.00-9999.00-9999.00 70.07 287.01 0.00 72.52 78.10 73.87 0.00 90.63 354.11 106.79 70.96 79.09 80.96 80.21 378.91 72.32 77.01 124.01 70.84 109.93 382.17 0.00 70.42 0.00 0.00 107.28 71.21 107.38 76.42 0.00 112.99 78.00 90.09 0.00 70.52 242.03 151.36 70.84 136.38 164.53 380.59 86.48 69.26 214.79 211.57 246.35 383.33 375.84 78.33 73.44 0.00
105.88 162.41 112.51 0.00 77.24 69.31 370.47 71.49 79.65 79.50 124.26 72.72 73.38 287.16 78.00 150.23 80.96 80.21 88.61 95.16 82.87 162.62 87.35 220.52 92.92 85.65 152.95 69.38 126.46 71.08 106.68 129.11 178.60 0.00 70.98 79.93 72.55 326.83 174.77 90.02 90.76 77.77 118.36 71.04 140.82 0.00 74.20 78.53 81.67 99.16 77.55 80.52 75.91 83.79 94.64 72.19 393.19 140.07 177.01 254.76 74.86
246.30 371.59 117.61 69.36 140.83 0.00 108.40 71.53 72.61 374.50 376.18 155.54 77.93 70.72 135.50 165.02 273.38 0.00 339.24 297.60 131.04 82.38 86.88 144.75 377.13 90.26 374.91 86.44 87.18 75.63 82.95 83.01 152.88 71.04 71.25 74.41 71.19 145.98 75.11 0.00 317.73 98.55 379.72 371.36 75.11 78.76 78.29 79.83 83.57 110.01 83.36 78.14 72.08 92.96 82.37 81.36 83.65 204.14 378.58 378.25 383.83
140.45 381.44 71.38 125.58 83.36 75.63 109.92 393.46 0.00 116.10 75.11 286.69 125.92 70.72 79.83 73.12 75.11 71.08 117.70 380.82 121.30 83.36 179.12 81.20 122.07 96.63 353.00 84.97 77.19 341.28 376.55 169.90 262.48 0.00 162.48 376.38 355.51 363.76 85.23 189.15 327.41 143.46 351.70 71.69 70.87 304.81 70.84 79.53 376.77 369.90 71.19 86.88-9999.00-9999.00-9999.00-9999.00-9999.00-9999.00-9999.00-9999.00-9999.00-9999.00 -9999.00-9999.00-9999.00-9999.00-9999.00-9999.00-9999.00-9999.00-9999.00 69.55 109.03 288.52 0.00 105.87 70.84 79.09 110.17
137.54 165.85 382.16 87.93 137.24 70.20 75.55 87.83 88.18 72.82 72.19 81.51 183.04 70.74 83.36 81.84-9999.00-9999.00-9999.00-9999.00-9999.00-9999.00-9999.00-9999.00-9999.00-9999.00-9999.00-9999.00-9999.00 -9999.00-9999.00-9999.00-9999.00-9999.00-9999.00-9999.00-9999.00-9999.00-9999.00 72.52 230.62 378.42 0.00 0.00 0.00 0.00 0.00 0.00 388.50 329.57 70.08 0.00 257.89 125.80 71.08 77.24 86.61 78.10 0.00 86.27 81.75 84.43 77.83 375.87 265.81 145.35 71.80 69.29 140.73 0.00 141.35 72.14 82.87 72.32 378.00 70.73 154.83 381.06 69.26 379.10 70.16 69.28 105.70
0.00 287.97 69.75 78.00 140.11 78.73 114.60 92.34 0.00 383.45 199.46 141.21 71.49 69.51 115.26 131.63 0.00 378.33 71.08 78.61 70.16 0.00 132.40 306.42 71.08 267.41 71.35 116.93 72.55 112.69 73.13 72.55 116.45 184.72 307.75 376.33 379.51 0.00 365.61 375.56 387.93 0.00 0.00 0.00 0.00 0.00 0.00 0.00 376.00 319.34 379.35 73.80 75.36 149.56 83.70 180.41 381.19 74.41 203.96 76.85 369.42
81.84 81.22 378.44 83.65 86.29 83.57 78.33 118.24 379.77 381.15 71.31 73.44 118.39 133.72 326.26 377.83 0.00 314.30 377.10 350.27 173.09 81.13 350.02 76.88 92.01 290.66 72.68 70.74 71.14 378.58 72.08 71.97 375.25 384.86 310.09 71.19 84.02-9999.00-9999.00-9999.00-9999.00-9999.00-9999.00-9999.00-9999.00-9999.00-9999.00-9999.00-9999.00-9999.00-9999.00 -9999.00-9999.00-9999.00-9999.00-9999.00-9999.00-9999.00-9999.00-9999.00-9999.00-9999.00-9999.00-9999.00 88.61 73.87 79.65 136.05 376.34 77.24 83.37 73.38 175.37 70.62 69.25 0.00 71.80 361.98 0.00 398.45 72.52 71.08 69.93 76.48 74.14 89.50 95.77
79.64 77.83 69.54 207.79 376.90 381.25 0.00 69.23 122.60 70.08 78.02 76.39 107.71 376.11 76.97 69.91 70.73 295.93 0.00 69.91 69.27 69.24 114.18 377.09 78.28 81.60 162.94 397.96 110.04 98.68 90.26 75.11 365.85 376.33 115.54 73.62 94.10 84.32 72.96 86.88 73.80 86.88 76.52 390.60 73.12 87.18 346.41 75.11 84.02 141.69 141.97 79.53 71.53 146.74 153.41 71.97 355.38 0.00 73.12 80.78 75.11
73.15 73.38 76.50 76.96 76.05 0.00 0.00 109.23 80.60 132.79 71.49 126.45 72.93 70.42 278.77 71.80 375.45 198.04 81.35 76.59 77.01 76.42 75.35 172.64 0.00 73.30 223.84 375.86 70.84 378.17 97.69 0.00 83.40 171.02 77.31 97.69 69.60 76.82 69.64 80.26 85.93 73.87 267.23 80.04 294.48 84.97 71.61 410.46 315.08 76.52 365.71 179.36 80.16 264.20 74.20 0.00 70.87 71.97 73.80 132.77 71.53
77.59 378.46 178.09 376.24 0.00 69.33 80.26 79.65 77.12 75.02 420.07 70.42 78.39 79.94 83.88 77.67 70.33 322.54 70.33 315.63 79.94 110.04 78.61 78.62 120.33 363.30 378.27 0.00 76.42 354.42 92.92 84.12 125.79 73.38 177.97 375.04 384.31 83.40 90.63 115.62 375.66 79.65 82.18 173.31 73.15 179.60 0.00 0.00 0.00 385.49 173.24 92.70 73.62 83.36 86.02 77.19 81.06 73.62 377.95 333.85 371.99
219.15 380.63 147.11 196.28 145.02 92.92 377.37 377.72 0.00 368.56 375.87 159.35 375.55 236.73 357.02 75.47 206.82 169.87 84.64 115.80 375.45 379.38 72.52 86.61 69.55 238.80 94.61 93.50 135.41 80.21 253.18 0.00 86.48 0.00 236.73 92.03 376.39 378.35 86.46 333.35 310.94 378.23 178.84 88.55 71.14 70.87 71.14 127.91 70.67 84.97 380.82 71.61 77.99 127.77 71.78 76.52 382.49 313.27 70.87 70.87 376.86
81.15 73.38 88.61 240.90 378.28 138.62 74.71 89.08 80.21 98.60 378.49 87.39 71.97 316.11 0.00 382.76 375.52 376.22 375.79 132.40 0.00 224.91 79.60 89.04 123.46 196.04 310.70 140.96 77.93 334.03 373.51 113.78 75.63 75.63 169.96 71.08 79.67 357.32 79.19 72.68 79.67 107.88 127.57 371.48 0.00 380.11 377.67 366.90 239.32 76.21 78.66 71.69 75.91 0.00 107.21 70.66 78.58 84.97 74.41 137.84 344.12
175.35 0.00 378.07 175.35 382.91 279.46 209.37 376.47 245.79 376.13 120.02 376.03 366.02 86.58 84.32 387.41 382.64 393.41 72.82 82.38 349.59 75.36 81.67 110.64 81.36 198.14 81.51 72.19 80.78 72.55 244.80 0.00 384.01 375.81 263.51 71.76 122.57 143.49 72.42 86.88 0.00 380.40 378.25 376.69 378.49 213.86 130.80 115.50 81.22-9999.00-9999.00-9999.00-9999.00-9999.00-9999.00-9999.00-9999.00-9999.00-9999.00-9999.00-9999.00-9999.00-9999.00-9999.00-9999.00-9999.00-9999.00-9999.00-9999.00 -9999.00-9999.00-9999.00-9999.00-9999.00-9999.00-9999.00-9999.00-9999.00-9999.00-9999.00-9999.00-9999.00-9999.00-9999.00-9999.00-9999.00-9999.00-9999.00-9999.00 79.12 169.14 330.01 378.52 381.87 312.03 71.49 83.62 348.90 115.31 74.71
317.06 377.08 375.01 375.14 0.00 240.96 383.13 78.13 79.65 380.75 385.40 378.10 317.37 143.42 73.62 80.68 247.50 79.93 83.01 104.25 380.76 240.65 0.00 377.96 374.42 376.11 254.72 375.76 240.72 339.71 198.95 81.06 84.48 71.61 0.00 378.04 231.04 78.33 203.91 75.36-9999.00-9999.00-9999.00-9999.00-9999.00-9999.00-9999.00-9999.00-9999.00-9999.00-9999.00-9999.00-9999.00-9999.00-9999.00-9999.00-9999.00-9999.00-9999.00-9999.00-9999.00-9999.00-9999.00 -9999.00-9999.00-9999.00-9999.00-9999.00-9999.00-9999.00-9999.00-9999.00-9999.00-9999.00-9999.00-9999.00-9999.00-9999.00-9999.00-9999.00 73.87 149.02 378.32 373.53 76.05 284.63 70.62 193.99 127.36 426.17 94.57 83.88 76.42 128.07 228.89 74.14 0.00 0.00 0.00 0.00
384.20 70.72 77.79 78.76 81.67 79.83 82.55 81.84 266.93 79.63 376.86 136.10 380.32 150.73 139.40-9999.00-9999.00-9999.00-9999.00-9999.00-9999.00-9999.00-9999.00-9999.00-9999.00-9999.00-9999.00-9999.00-9999.00-9999.00-9999.00-9999.00-9999.00-9999.00-9999.00-9999.00-9999.00-9999.00 -9999.00-9999.00-9999.00-9999.00-9999.00-9999.00-9999.00-9999.00-9999.00-9999.00-9999.00-9999.00-9999.00-9999.00-9999.00-9999.00-9999.00-9999.00-9999.00-9999.00-9999.00-9999.00-9999.00-9999.00-9999.00-9999.00 85.30 73.15 289.59 184.17 88.17 80.21 88.17 92.34 79.12 161.54 324.39 376.62 392.51 0.00 0.00 376.17 376.45 120.02 189.62 245.79 364.67 377.42 0.00 380.09 378.87 378.58 376.62 283.32 375.89 88.61 375.39 228.78 80.80 88.39 115.43 376.32 375.53 378.03 99.04 285.95 378.90 274.96 159.35 92.58 375.11
323.19 0.00 375.12 376.82 328.03 376.35 219.97 224.50 247.70 376.05 282.88 261.16 377.49 378.09 0.00 0.00 0.00 355.67 0.00 184.67 386.10 378.09 293.64 125.58 111.09 70.84 108.76 378.93 377.52 125.11 110.18 72.19 94.64 87.50 82.75 80.39 89.80 74.41 72.55 71.04 107.65 374.03 81.22 113.91 73.28-9999.00-9999.00-9999.00-9999.00-9999.00-9999.00-9999.00-9999.00-9999.00-9999.00-9999.00-9999.00-9999.00-9999.00-9999.00-9999.00-9999.00-9999.00-9999.00-9999.00-9999.00 -9999.00-9999.00-9999.00-9999.00-9999.00-9999.00-9999.00-9999.00-9999.00-9999.00-9999.00-9999.00-9999.00-9999.00-9999.00-9999.00-9999.00-9999.00-9999.00-9999.00-9999.00-9999.00-9999.00-9999.00-9999.00-9999.00-9999.00-9999.00-9999.00-9999.00 95.16 92.03 84.86 376.98 87.39 379.03 381.95 382.70 383.78 232.28 303.39 261.80 245.79 375.54 0.00
88.45 76.48 370.15 383.95 375.29 379.71 388.35 379.93 380.10 139.68 71.34 77.87 80.91 78.21 376.01 385.65 382.90 311.17 355.96 86.20 372.20 375.14 375.75 376.17 0.00 375.34 349.18 76.45 89.89 198.92 372.62 376.97 375.27 84.91 271.04 86.66 378.16 78.85 81.25 372.81 375.45 326.22 70.77 69.59 69.74 76.86 80.91 79.23 85.79 376.40 75.79 93.55 379.47 300.35 74.76 377.62 122.65 76.97 96.79 377.74 92.38
384.39 184.98 150.81 165.24 277.32 154.36 0.00 376.28 203.02 378.26 165.39 375.20 184.67 381.84 380.55 330.37 349.70 366.62 137.54 72.04 71.04 69.82 0.00 0.00 184.87 73.88 119.25 82.42 84.85 131.25 344.23 77.87 73.35 77.87 92.31 0.00 91.97 85.47 77.41 88.05 74.76 78.86 110.87 77.41 84.48-9999.00-9999.00-9999.00-9999.00-9999.00-9999.00-9999.00-9999.00-9999.00-9999.00-9999.00-9999.00-9999.00-9999.00-9999.00-9999.00-9999.00-9999.00-9999.00-9999.00-9999.00-9999.00-9999.00 -9999.00-9999.00-9999.00-9999.00-9999.00-9999.00-9999.00-9999.00-9999.00-9999.00-9999.00-9999.00-9999.00-9999.00-9999.00-9999.00-9999.00-9999.00-9999.00-9999.00-9999.00-9999.00-9999.00-9999.00-9999.00-9999.00-9999.00-9999.00-9999.00-9999.00-9999.00-9999.00-9999.00-9999.00-9999.00-9999.00-9999.00-9999.00-9999.00-9999.00-9999.00-9999.00-9999.00 219.97 375.36 268.18 268.18 375.52 0.00 375.41 293.64 319.06 293.64 0.00 247.67 376.06 293.64 375.42
375.47 293.64 296.95 0.00 319.06 375.00 375.00 0.00 293.64 293.64 0.00 375.35 375.02 375.07 293.64 375.60 375.00 311.16 0.00 293.64 376.41 268.18 0.00 0.00 0.00 375.20 375.20 297.09 128.46 158.65 76.89 375.08 0.00 378.23 377.88 79.99 74.91 375.46 270.62 128.80 78.35 78.70 381.79 227.61 72.44 74.16 379.96 284.26 82.91 83.94 93.36 345.44 382.08 78.35 114.09 83.94 77.41 396.00 75.43 376.83 138.47
