蒙特卡罗+CDRMV3/输出数据/2D水深分布/WaterDepthGIS_0161.ASC
ncols         539            
nrows         744            
xllcorner     602630.84259341
yllcorner     3914823.670891 
cellsize      50             
NODATA_value  -9999.00       
[rows 0 to 26 of 32, columns 183 to 243 of 539]
83.35 72.81 220.84 0.00 380.52 376.88 377.95 304.62 244.74 76.99-9999.00-9999.00-9999.00-9999.00-9999.00-9999.00-9999.00-9999.00-9999.00-9999.00-9999.00-9999.00-9999.00 -9999.00-9999.00-9999.00-9999.00-9999.00-9999.00-9999.00-9999.00-9999.00-9999.00-9999.00 79.93 181.10 378.14 83.06 379.16 76.31 82.53 87.11 78.27-9999.00-9999.00-9999.00-9999.00-9999.00-9999.00-9999.00-9999.00-9999.00-9999.00-9999.00-9999.00-9999.00-9999.00-9999.00-9999.00-9999.00-9999.00-9999.00-9999.00-9999.00-9999.00-9999.00-9999.00-9999.00-9999.00-9999.00-9999.00-9999.00-9999.00-9999.00-9999.00-9999.00-9999.00-9999.00-9999.00-9999.00-9999.00-9999.00-9999.00-9999.00-9999.00-9999.00-9999.00-9999.00-9999.00-9999.00-9999.00-9999.00-9999.00-9999.00-9999.00-9999.00-9999.00-9999.00-9999.00-9999.00-9999.00-9999.00-9999.00-9999.00-9999.00-9999.00-9999.00-9999.00-9999.00-9999.00-9999.00-9999.00-9999.00-9999.00-9999.00-9999.00-9999.00-9999.00-9999.00-9999.00-9999.00-9999.00-9999.00-9999.00-9999.00-9999.00-9999.00-9999.00-9999.00-9999.00-9999.00-9999.00-9999.00-9999.00-9999.00-9999.00-9999.00 74.75 117.44 195.14 377.44 379.05 285.86 72.81 81.63 72.74 173.98 84.07 0.00 80.58 177.88 78.39 181.03 79.40 84.29-9999.00-9999.00-9999.00-9999.00-9999.00-9999.00-9999.00-9999.00-9999.00-9999.00-9999.00-9999.00-9999.00 -9999.00-9999.00-9999.00-9999.00-9999.00-9999.00-9999.00-9999.00-9999.00-9999.00 206.90 128.06 75.78 380.60 95.59 378.30 285.39 73.30 129.52 203.38 104.56-9999.00-9999.00-9999.00-9999.00-9999.00-9999.00-9999.00-9999.00-9999.00-9999.00-9999.00-9999.00-9999.00-9999.00-9999.00-9999.00-9999.00-9999.00-9999.00-9999.00-9999.00-9999.00-9999.00-9999.00-9999.00-9999.00-9999.00-9999.00-9999.00-9999.00-9999.00-9999.00-9999.00-9999.00-9999.00-9999.00-9999.00-9999.00-9999.00-9999.00-9999.00-9999.00-9999.00-9999.00-9999.00-9999.00-9999.00-9999.00-9999.00-9999.00-9999.00-9999.00-9999.00-9999.00-9999.00-9999.00-9999.00-9999.00-9999.00-9999.00-9999.00-9999.00-9999.00-9999.00-9999.00-9999.00-9999.00-9999.00-9999.00-9999.00-9999.00-9999.00-9999.00-9999.00-9999.00-9999.00-9999.00-9999.00-9999.00-9999.00-9999.00-9999.00-9999.00-9999.00-9999.00-9999.00-9999.00-9999.00-9999.00-9999.00-9999.00-9999.00-9999.00 73.75 116.97 364.78 75.19 75.53 155.75 81.81 72.74 128.05 190.86 333.09
164.22 373.78 145.25 87.70 378.16 73.04 81.72 110.31 83.07 82.21 83.20 73.09 142.51 0.00 219.67 72.76 146.01 81.38 72.89 122.05 127.66 73.84 72.76 83.80 82.56 80.90 74.61 72.79 0.00 194.33 74.49 78.39 376.96 0.00 261.19 225.58 378.24 362.87 72.89 84.47-9999.00-9999.00-9999.00 -9999.00-9999.00-9999.00-9999.00-9999.00-9999.00-9999.00-9999.00-9999.00-9999.00-9999.00-9999.00-9999.00-9999.00-9999.00 79.77 72.31 233.13 375.35 71.81 0.00 316.76 361.77 129.16 77.22-9999.00-9999.00-9999.00-9999.00-9999.00-9999.00-9999.00-9999.00-9999.00-9999.00-9999.00-9999.00-9999.00-9999.00-9999.00-9999.00-9999.00-9999.00-9999.00-9999.00-9999.00-9999.00-9999.00-9999.00-9999.00-9999.00-9999.00-9999.00-9999.00-9999.00-9999.00-9999.00-9999.00-9999.00-9999.00-9999.00-9999.00-9999.00-9999.00-9999.00 112.58 165.59 89.11 82.96-9999.00-9999.00-9999.00-9999.00 74.75 118.28 363.78 377.22 81.94 380.92
125.45 74.25 75.53 85.82 85.27 0.00 0.00 0.00 0.00 0.00 348.02 125.15 87.93 0.00 0.00 0.00 199.69 114.37 73.24 74.14 0.00 79.78 73.24 75.90 103.99 0.00 75.36 86.95 79.78 0.00 376.50 159.04 112.58 376.17 224.34 113.58 75.36 84.83 96.81-9999.00-9999.00-9999.00-9999.00-9999.00 -9999.00-9999.00-9999.00-9999.00-9999.00-9999.00-9999.00-9999.00-9999.00-9999.00-9999.00-9999.00 71.76 141.59 349.05 71.54 237.62 0.00 76.31 79.26 79.43 82.53 73.91 380.30 120.32 76.04 252.09 176.32 80.88 206.67 180.31-9999.00-9999.00-9999.00-9999.00-9999.00-9999.00-9999.00-9999.00-9999.00-9999.00-9999.00-9999.00-9999.00-9999.00-9999.00-9999.00-9999.00-9999.00-9999.00-9999.00-9999.00-9999.00 74.89 98.20
74.36 194.39 380.54 417.45 75.71 91.75 131.86 75.36 168.59 376.86 83.64 117.07 0.00 113.52 84.12 94.80 332.85 84.47 81.94 324.20 374.61 73.30 119.08 0.00 76.99 83.35 84.64 85.02 150.53 83.20 77.25 0.00 360.68 73.37 140.12 299.02 72.89 93.21 87.93 74.14 127.44 73.58 112.85 376.14 376.38 354.55 201.04 83.35 73.75 74.03 75.04 75.71 86.04 78.08 73.66 116.03 82.21 120.21 0.00 0.00 0.00
211.86 73.84 81.30 73.51 91.31 83.49 80.42 114.28 384.77 76.10 81.54 74.25 81.72 80.17 382.68 375.55 91.75 75.04 75.04 380.28 221.35 80.84 88.51 85.02 77.25 377.73 126.66 80.58 80.03 73.09 136.48 74.49 115.04 384.88 343.74 133.66 211.16 0.00 375.80 330.78 180.55 94.61 394.29 329.22 144.68 81.02-9999.00-9999.00-9999.00-9999.00-9999.00-9999.00-9999.00-9999.00-9999.00-9999.00 -9999.00-9999.00-9999.00-9999.00-9999.00-9999.00-9999.00-9999.00-9999.00 374.84 83.06 250.51 80.88 81.24 77.56 133.87 73.17 119.71 111.31 0.00 73.91 72.59 78.50
305.21 133.97 83.07 85.41 88.51 80.54 148.76 110.57 72.90 132.60 338.88 76.31 375.88 87.93 0.00 376.66 123.18 0.00 376.39 376.05 79.87 78.71 278.65 77.25 80.58 375.40 76.52 86.95-9999.00-9999.00-9999.00-9999.00-9999.00-9999.00-9999.00-9999.00-9999.00 -9999.00-9999.00-9999.00 81.39 342.55 389.66 377.48 73.91 79.84 72.80 402.98 118.50 126.97 81.93 81.93 378.12 74.08 71.60 115.54 146.54 0.00 380.46 378.28 340.06 72.70 77.22 82.21 77.56 380.47 81.93 79.62 376.42 81.49 82.06 380.70
159.00 112.21 81.63 83.35 74.14 72.81 148.70 353.08 376.65 73.24 72.79 110.38 386.48 383.96 0.00 86.55 101.97 112.95 101.97 167.75 114.34 378.29 377.57 337.92 75.90 381.60 404.06 76.99 81.94 201.81-9999.00-9999.00-9999.00-9999.00-9999.00-9999.00-9999.00 -9999.00-9999.00-9999.00-9999.00 160.98 369.71 88.20 80.77 380.16 74.08 380.45 84.96 72.00 111.44 86.67 71.62 120.15 388.78 71.32 0.00 116.18 84.96 375.73 113.29 74.08 311.07 72.70 79.49 77.22 109.51 126.47 0.00 127.71 89.71
110.43 222.89 80.17 384.55 77.25 82.56 75.04 133.67 264.85 73.51 112.47 390.25 0.00 211.71 81.47 253.24 96.03 89.47 104.52 378.67 241.78 217.79 381.39 379.53 384.42 131.25 75.36 90.12 77.79 73.58-9999.00-9999.00-9999.00-9999.00-9999.00-9999.00-9999.00 -9999.00-9999.00-9999.00-9999.00-9999.00-9999.00 89.71 221.28 79.26 72.80 0.00 71.41 80.77 78.86 71.47 377.71 80.26 113.95 0.00 71.66 78.54 71.71 133.84 71.37 79.11 85.86 72.31 122.13 269.91 80.09 109.11 0.00 113.12 76.31 80.88 73.59
259.02 94.89 380.16 99.19 202.94 85.96 95.46 85.12 371.32 74.03 84.29 379.25 254.35 116.26 79.05 81.94-9999.00-9999.00-9999.00-9999.00-9999.00-9999.00-9999.00-9999.00 -9999.00-9999.00-9999.00-9999.00-9999.00-9999.00-9999.00-9999.00-9999.00 80.26 72.15 0.00 73.30 71.66 142.19 0.00 133.81 109.30 172.73 111.07 74.08 72.07 376.03 180.66 83.06 71.47 149.89 145.27 75.29 86.67 378.16 0.00 376.17 190.26 78.77 81.77 73.17 188.29 71.94 0.00 114.12 0.00 90.54 383.98 109.98 80.88 71.87 378.28 375.31 80.40 84.66 81.11 79.49
127.98 386.08 72.92 79.92 74.84 197.62 81.77 71.66 0.00 138.44 124.03 71.32 378.79 213.38 373.75 109.97 75.78 81.77 83.23 115.74 81.36 83.67 89.28 78.66 77.22 84.30 240.13 85.64 378.42 75.29 92.51 84.96 134.44 181.80 222.84 153.11 71.87 78.98 75.53 0.00 72.71 73.84 378.51 370.09 73.09 89.11 80.68 120.98 111.11 274.61 378.76 0.00 242.47 358.33 131.03 89.47 84.12 80.17 83.51 107.10 92.70
93.59 392.65 81.39 89.28 76.60 169.01 80.09 71.30 317.48 376.08 0.00 87.11 82.87 139.33 73.42 224.24 325.52 81.94 76.10 73.14 112.81 132.27 274.88 0.00 73.30 88.51 130.82 85.90 73.84 377.39 390.70 377.65 376.45 240.15 77.79 327.90 81.02 83.96 72.93 81.81 86.48 80.54 72.93 206.53 74.61 0.00 170.41 75.04 76.52 83.64 377.99 203.59 122.44 73.04 82.01 197.20 84.47 81.54 73.43 136.64 182.65
75.19 148.59 134.63 92.22 80.78 72.93 348.50 382.13 113.62 82.44 74.36 117.82 379.20 0.00 232.22 162.88 120.06 72.71 81.81 75.36 166.06 238.16 81.30 83.80 83.49 378.25 85.21 316.53 80.17 306.16 81.02 368.96 81.47 137.67 379.65 377.69 0.00 0.00 375.14 105.88 188.95 382.87 77.08 94.61 90.89 86.86 88.00 107.91 349.48 85.60 377.48 72.81 87.44 112.65 325.34 239.94 79.05-9999.00-9999.00-9999.00-9999.00-9999.00-9999.00-9999.00-9999.00-9999.00-9999.00 -9999.00-9999.00-9999.00-9999.00-9999.00-9999.00-9999.00-9999.00-9999.00 71.66 112.56 386.93
99.92 351.92 118.12 378.94 162.47 74.03 83.00 93.73 207.56 74.03 72.73 72.76 72.73 82.32 320.55 175.40 75.36-9999.00-9999.00-9999.00-9999.00-9999.00-9999.00-9999.00-9999.00-9999.00-9999.00-9999.00-9999.00-9999.00 -9999.00-9999.00-9999.00-9999.00-9999.00-9999.00-9999.00-9999.00-9999.00 81.39 323.98 368.93 72.92 72.49 378.53 116.71 76.31 379.65 383.12 0.00 338.07 79.06 0.00 72.31 220.18 126.18 93.63 84.22 71.66 0.00 146.31 82.53 81.77 115.37 382.61 132.80 126.13 74.26 71.47 136.97 0.00 71.87 80.00 79.49 154.80 375.86 81.24 389.83 81.24 73.74 379.87 75.29
0.00 264.70 127.19 71.35 83.67 219.02 379.02 72.92 0.00 75.06 82.06 81.63 84.89 71.28 121.15 71.94 123.19 0.00 74.08 72.23 146.24 0.00 133.62 72.49 144.32 72.92 188.10 72.70 80.95 78.71 84.47 84.83 73.37 142.43 83.96 83.96 78.71 0.00 371.57 375.99 0.00 74.14 76.52 386.20 285.57 380.48 192.38 0.00 228.49 82.96 363.64 86.04 97.50 73.30 82.21 75.04 379.09 88.23 81.47 76.52 368.49
376.67 75.53 73.24 335.30 370.02 79.05 380.51 73.58 82.68 85.41 73.93 377.38 377.88 380.25 0.00 375.79 377.70 196.06 132.47 83.37 127.56 75.53 83.49 156.70 86.55 72.76 382.92 73.75 375.76 73.24 73.04 375.41 242.95 82.96-9999.00-9999.00-9999.00-9999.00-9999.00-9999.00-9999.00-9999.00-9999.00-9999.00-9999.00-9999.00-9999.00-9999.00 -9999.00-9999.00-9999.00-9999.00-9999.00-9999.00-9999.00-9999.00-9999.00-9999.00-9999.00-9999.00-9999.00-9999.00-9999.00 348.95 86.67 87.90 93.59 78.27 376.94 83.23 80.45 71.28 0.00 81.84 111.20 115.93 365.55 380.73 109.30 77.22 78.50 71.94 378.64 0.00 74.26 78.53 71.41 214.99 0.00
85.86 76.60 134.16 377.00 377.33 71.76 382.74 74.84 91.92 0.00 71.66 79.16 80.00 80.56 158.04 145.50 98.59 217.44 117.93 342.17 95.21 204.66 379.35 377.30 131.56 82.96 219.76 74.03 77.51 309.84 80.17 178.02 82.68 81.94 392.68 78.39 188.17 91.31 376.05 75.36 76.75 76.31 85.82 73.24 141.91 233.99 202.60 0.00 128.65 85.41 75.71 301.40 211.16 0.00 381.97 375.17 255.62 140.34 75.36 72.71 80.09
86.95 122.41 77.22 379.46 75.29 144.75 72.07 116.00 154.69 393.63 75.29 127.84 0.00 84.23 375.66 82.06 72.23 93.14 376.72 0.00 124.79 78.97 74.00 85.94 204.65 72.70 141.20 130.35 73.44 76.90 124.32 239.41 381.20 89.43 75.53 390.07 173.84 84.07 84.66 376.07 337.56 379.35 0.00 79.05 81.54 87.96 88.81 75.19 85.82 216.18 236.93 82.44 84.07 76.52 376.14 380.47 118.65 83.07 80.58 75.04 113.15
72.59 89.68 378.33 72.92 72.23 243.97 73.91 143.57 88.77 127.05 0.00 254.84 71.87 78.01 302.47 75.53 81.93 75.06 147.82 380.36 117.99 384.34 79.06 378.06 97.34 128.86 75.06 366.32 75.78 0.00 110.87 138.11 81.47 83.51 393.03 396.62 84.66 115.34 83.00 267.39 76.52 379.47 74.14 101.97 85.82 76.10 378.63 397.56 227.59 132.70 73.04 222.69 73.43 131.96 374.36 88.23 76.99 119.35 376.77 81.47 82.96
86.22 75.68 76.92 359.66 213.91 97.34 83.42 86.39 93.14 197.49 100.31 77.56 375.33 377.09 0.00 197.26 206.90 394.49 379.44 141.27 389.05 377.80 377.32 232.18 370.32 87.93 235.67 159.15 301.77 0.00 0.00 83.51 0.00 125.37 199.98 80.17 195.67 73.00 77.79 73.66 372.18 376.79 413.83 386.07 72.93 171.70 378.93 0.00 83.51 377.03 82.44 0.00 375.49 85.96 73.00 72.71 81.46 0.00 0.00 377.36 77.79
0.00 0.00 248.03 95.89 237.66 87.12 90.92 94.80 98.71 78.39 87.19 84.66 78.39 72.84 76.10 125.30 79.78 92.70 87.19 74.25 81.16 163.82 74.36 73.30 110.84 188.70 0.00 377.31 356.46 131.95 83.78 176.24 79.78 73.93 175.69 0.00 189.82 159.09 112.77 80.58 85.21 79.05 117.48 332.32 85.21-9999.00-9999.00-9999.00-9999.00-9999.00-9999.00-9999.00-9999.00-9999.00-9999.00-9999.00-9999.00-9999.00-9999.00-9999.00-9999.00-9999.00-9999.00-9999.00 -9999.00-9999.00-9999.00-9999.00-9999.00-9999.00-9999.00-9999.00-9999.00-9999.00-9999.00-9999.00-9999.00-9999.00-9999.00-9999.00-9999.00-9999.00-9999.00-9999.00-9999.00-9999.00-9999.00 82.90 95.17 145.89 373.70 380.09 78.27 86.39 80.77 72.40 157.70 130.87 262.78 219.51 84.30 341.98
128.61 75.53 354.21 79.05 81.02 89.43 74.89 184.47 79.78 377.86 74.36 82.56 80.02 115.68 376.91 0.00 142.83 72.71 80.37 375.22 72.37 81.38 80.54 88.81 0.00 116.68 204.26 122.94 73.75 361.26 158.90 113.52 91.34-9999.00-9999.00-9999.00-9999.00-9999.00-9999.00-9999.00-9999.00-9999.00-9999.00-9999.00-9999.00-9999.00-9999.00-9999.00-9999.00-9999.00-9999.00-9999.00-9999.00 -9999.00-9999.00-9999.00-9999.00-9999.00-9999.00-9999.00-9999.00-9999.00-9999.00-9999.00-9999.00-9999.00-9999.00-9999.00-9999.00-9999.00-9999.00 102.01-9999.00 87.25 80.88 268.65 75.06 73.30 384.33 389.65 89.68 75.06 376.20 0.00 378.64 88.90 72.80 75.53 115.07 360.92 0.00 378.87 371.00 88.77 97.65 307.24 300.74 377.69 81.39
78.71 377.96 381.56 342.87 0.00 0.00 383.03 377.04 279.70 85.41 90.88 200.71 377.83 156.97 115.69 254.33 75.53 83.96 0.00 80.28 245.54 193.07 79.78-9999.00-9999.00-9999.00-9999.00-9999.00-9999.00-9999.00-9999.00-9999.00-9999.00-9999.00-9999.00-9999.00-9999.00-9999.00-9999.00-9999.00-9999.00-9999.00-9999.00-9999.00-9999.00-9999.00-9999.00 -9999.00-9999.00-9999.00-9999.00-9999.00-9999.00-9999.00-9999.00-9999.00-9999.00-9999.00-9999.00-9999.00-9999.00-9999.00-9999.00-9999.00 84.66 86.67 76.90 387.89 384.44 85.64 389.10 385.81 387.75 93.14 94.14 86.39 161.57 88.54 72.40 386.43 127.46 88.20 81.39 0.00 377.93 0.00 234.97 376.46 376.81 279.36 279.68 375.76 113.72 375.31 139.65 375.47 375.97 105.62 91.92 379.21 91.92
236.30 382.12 239.41 0.00 0.00 380.77 310.32 123.30 260.61 215.06 318.89 372.35 0.00 212.82 325.47 86.38 89.09 96.54 83.41 84.40 375.20 85.64 87.11 375.31 375.71 185.43 99.35 384.16 150.42 195.84 169.05 123.30 381.60 263.62 373.61 375.55 0.00 327.13 327.13 380.80 381.98 327.23 378.46 309.65 378.52 0.00 0.00 376.71 379.09 384.25 375.95 375.47 84.23 219.37 81.39 88.90 80.88 377.34 80.40 85.86 71.87
110.93 170.31 376.90 275.91 145.91 129.29 75.53 83.51 73.37 83.07 111.64 132.26 127.24 88.25 367.91 74.03 134.65 136.56-9999.00-9999.00-9999.00-9999.00-9999.00-9999.00-9999.00-9999.00-9999.00-9999.00-9999.00-9999.00-9999.00-9999.00-9999.00-9999.00-9999.00-9999.00-9999.00-9999.00-9999.00 -9999.00-9999.00-9999.00-9999.00-9999.00-9999.00-9999.00-9999.00-9999.00-9999.00-9999.00-9999.00-9999.00-9999.00-9999.00-9999.00-9999.00-9999.00-9999.00-9999.00-9999.00-9999.00-9999.00-9999.00-9999.00-9999.00-9999.00-9999.00-9999.00-9999.00 74.44 379.41 379.37 86.36 378.23 99.61 361.32 376.96 368.34 377.47 377.48 376.77 376.80 0.00 263.62 0.00 327.13 377.41 176.66 0.00 417.69 415.23 385.40 390.55 389.18 388.07 72.72 89.17 75.76 81.66 87.74 78.78 82.23 79.21 110.00 184.59 222.37 105.51 105.30 375.71 169.44 169.44
312.96 140.98 113.65 144.55 322.73 89.03 83.45 256.46 261.05 79.65 75.49 74.15 125.94 79.65 77.99 72.27 376.28 112.07 338.48 85.47 91.92 90.91 379.65 93.60 379.04 74.15 84.23 73.28 86.80 383.84 93.12 379.07 84.66 383.50 76.03-9999.00-9999.00-9999.00-9999.00-9999.00-9999.00-9999.00-9999.00-9999.00-9999.00-9999.00-9999.00-9999.00-9999.00-9999.00-9999.00-9999.00-9999.00-9999.00-9999.00-9999.00-9999.00 -9999.00-9999.00-9999.00-9999.00-9999.00-9999.00-9999.00-9999.00-9999.00-9999.00-9999.00-9999.00-9999.00-9999.00-9999.00-9999.00-9999.00-9999.00-9999.00-9999.00-9999.00-9999.00-9999.00-9999.00-9999.00-9999.00-9999.00-9999.00-9999.00-9999.00-9999.00-9999.00-9999.00 246.14 227.07 180.90 356.18 376.93 377.31 376.72 375.66 376.61 377.26 375.00 375.00 351.33 375.30 0.00 323.82 378.88 328.74 375.76 376.85 254.35 378.83 381.19 377.25 328.73
76.62 89.17 87.88 124.11-9999.00-9999.00-9999.00-9999.00-9999.00-9999.00-9999.00-9999.00-9999.00-9999.00-9999.00-9999.00-9999.00-9999.00-9999.00-9999.00-9999.00-9999.00-9999.00-9999.00-9999.00-9999.00 -9999.00-9999.00-9999.00-9999.00-9999.00-9999.00-9999.00-9999.00-9999.00-9999.00-9999.00-9999.00-9999.00-9999.00-9999.00-9999.00-9999.00-9999.00-9999.00-9999.00-9999.00-9999.00-9999.00-9999.00-9999.00-9999.00-9999.00-9999.00-9999.00-9999.00-9999.00-9999.00-9999.00-9999.00-9999.00-9999.00-9999.00-9999.00-9999.00-9999.00-9999.00-9999.00-9999.00-9999.00-9999.00 375.28 373.86 375.12 0.00 294.52 375.34 323.80 375.83 222.37 0.00 376.13 375.00 294.52 375.34 328.74 294.52 377.05 375.00 0.00 283.14 315.37 375.63 377.86 249.39 380.02 320.57 375.97 226.97 387.05 375.13 375.03 297.82 382.65 254.35 0.00 0.00 0.00 379.15 226.97 274.70 0.00 375.31 372.36 375.09 284.71 188.36 0.00 0.00 0.00 0.00 0.00 0.00 0.00 117.59 80.61 78.49
95.37 376.82 268.33 77.99 379.67 136.26 74.15 383.98 157.05 77.63 378.13 378.34 242.31 80.61 82.46 384.83 88.77 195.96 380.39 362.37 77.33-9999.00-9999.00-9999.00-9999.00-9999.00-9999.00-9999.00-9999.00-9999.00-9999.00-9999.00-9999.00-9999.00-9999.00-9999.00-9999.00-9999.00-9999.00 -9999.00-9999.00-9999.00-9999.00-9999.00-9999.00-9999.00-9999.00-9999.00-9999.00-9999.00-9999.00-9999.00-9999.00-9999.00-9999.00-9999.00-9999.00-9999.00-9999.00-9999.00-9999.00-9999.00-9999.00-9999.00-9999.00-9999.00-9999.00-9999.00-9999.00-9999.00-9999.00-9999.00-9999.00-9999.00-9999.00-9999.00-9999.00-9999.00-9999.00-9999.00-9999.00-9999.00-9999.00-9999.00-9999.00-9999.00-9999.00-9999.00-9999.00-9999.00 269.57 249.39 0.00 294.52 375.66 323.80 378.07 360.19 226.97 0.00 254.35 380.87 328.83 0.00 376.21 375.24 0.00 294.51 0.00 375.00 294.51 294.52 375.47 328.74 375.31 294.51 0.00 294.52 375.00 323.82 0.00 249.39 373.86 377.99 377.15 376.86 383.31 376.59 205.42
