蒙特卡罗+CDRMV3/输出数据/2D水深分布/WaterDepthGIS_0152.ASC
ncols         539            
nrows         744            
xllcorner     602630.84259341
yllcorner     3914823.670891 
cellsize      50             
NODATA_value  -9999.00       
[rows 0 to 26 of 32, columns 61 to 121 of 539]
74.62-9999.00-9999.00-9999.00-9999.00-9999.00-9999.00-9999.00-9999.00-9999.00-9999.00-9999.00-9999.00-9999.00-9999.00-9999.00-9999.00 -9999.00-9999.00-9999.00-9999.00-9999.00-9999.00-9999.00-9999.00-9999.00-9999.00-9999.00-9999.00-9999.00-9999.00-9999.00-9999.00-9999.00-9999.00-9999.00-9999.00-9999.00-9999.00-9999.00-9999.00-9999.00-9999.00-9999.00-9999.00-9999.00-9999.00-9999.00-9999.00-9999.00-9999.00-9999.00-9999.00-9999.00-9999.00-9999.00-9999.00-9999.00-9999.00-9999.00-9999.00-9999.00-9999.00-9999.00-9999.00-9999.00-9999.00-9999.00-9999.00-9999.00-9999.00-9999.00-9999.00-9999.00-9999.00-9999.00-9999.00-9999.00-9999.00-9999.00-9999.00-9999.00-9999.00-9999.00-9999.00-9999.00-9999.00-9999.00-9999.00-9999.00-9999.00-9999.00-9999.00-9999.00-9999.00-9999.00-9999.00-9999.00-9999.00-9999.00-9999.00-9999.00-9999.00-9999.00-9999.00-9999.00-9999.00-9999.00-9999.00-9999.00-9999.00-9999.00-9999.00-9999.00-9999.00-9999.00-9999.00-9999.00-9999.00-9999.00-9999.00-9999.00-9999.00-9999.00-9999.00-9999.00-9999.00-9999.00-9999.00-9999.00-9999.00-9999.00-9999.00-9999.00-9999.00-9999.00-9999.00 85.41 89.72 74.58 381.92 89.23 380.61 132.54 74.71 75.28 86.67-9999.00-9999.00-9999.00-9999.00-9999.00-9999.00-9999.00-9999.00-9999.00-9999.00-9999.00-9999.00-9999.00-9999.00-9999.00 -9999.00-9999.00-9999.00-9999.00-9999.00-9999.00-9999.00-9999.00-9999.00-9999.00-9999.00-9999.00-9999.00-9999.00-9999.00-9999.00-9999.00-9999.00-9999.00-9999.00-9999.00-9999.00-9999.00-9999.00-9999.00-9999.00-9999.00-9999.00-9999.00-9999.00-9999.00-9999.00-9999.00-9999.00-9999.00-9999.00-9999.00-9999.00-9999.00-9999.00-9999.00-9999.00-9999.00-9999.00-9999.00-9999.00-9999.00-9999.00-9999.00-9999.00-9999.00-9999.00-9999.00-9999.00-9999.00-9999.00-9999.00-9999.00-9999.00-9999.00-9999.00-9999.00-9999.00-9999.00-9999.00-9999.00-9999.00-9999.00-9999.00-9999.00-9999.00-9999.00-9999.00-9999.00-9999.00-9999.00-9999.00-9999.00-9999.00-9999.00-9999.00-9999.00-9999.00-9999.00-9999.00-9999.00-9999.00-9999.00-9999.00-9999.00-9999.00-9999.00-9999.00-9999.00-9999.00-9999.00-9999.00-9999.00-9999.00-9999.00-9999.00-9999.00-9999.00-9999.00-9999.00-9999.00-9999.00-9999.00-9999.00-9999.00-9999.00-9999.00-9999.00-9999.00-9999.00-9999.00-9999.00-9999.00-9999.00 82.09 74.84 86.50 74.98 385.38 379.79 86.17 98.12 78.45 160.31 155.76 96.92-9999.00-9999.00-9999.00-9999.00-9999.00-9999.00-9999.00-9999.00-9999.00-9999.00-9999.00-9999.00-9999.00-9999.00 -9999.00-9999.00-9999.00-9999.00-9999.00-9999.00-9999.00-9999.00-9999.00-9999.00-9999.00-9999.00-9999.00-9999.00-9999.00-9999.00-9999.00-9999.00-9999.00-9999.00-9999.00-9999.00-9999.00-9999.00-9999.00-9999.00-9999.00-9999.00-9999.00-9999.00-9999.00-9999.00-9999.00-9999.00-9999.00-9999.00-9999.00-9999.00-9999.00-9999.00-9999.00-9999.00-9999.00-9999.00-9999.00-9999.00-9999.00-9999.00-9999.00-9999.00-9999.00-9999.00-9999.00-9999.00-9999.00-9999.00-9999.00-9999.00-9999.00-9999.00-9999.00-9999.00-9999.00-9999.00-9999.00-9999.00-9999.00-9999.00-9999.00-9999.00-9999.00-9999.00-9999.00-9999.00-9999.00-9999.00-9999.00-9999.00-9999.00-9999.00-9999.00-9999.00-9999.00-9999.00-9999.00-9999.00-9999.00-9999.00-9999.00-9999.00-9999.00-9999.00-9999.00-9999.00-9999.00-9999.00-9999.00-9999.00-9999.00-9999.00-9999.00-9999.00-9999.00-9999.00-9999.00-9999.00-9999.00-9999.00-9999.00-9999.00-9999.00-9999.00-9999.00-9999.00-9999.00-9999.00-9999.00-9999.00-9999.00 74.45 190.22 75.72 128.42 75.62 0.00 74.84 77.04 379.54 262.85 114.06 92.61-9999.00-9999.00-9999.00-9999.00-9999.00-9999.00-9999.00-9999.00-9999.00-9999.00-9999.00-9999.00-9999.00-9999.00 -9999.00-9999.00-9999.00-9999.00-9999.00-9999.00-9999.00-9999.00-9999.00-9999.00-9999.00-9999.00-9999.00-9999.00-9999.00-9999.00-9999.00-9999.00-9999.00-9999.00-9999.00-9999.00-9999.00-9999.00-9999.00-9999.00-9999.00-9999.00-9999.00-9999.00-9999.00-9999.00-9999.00-9999.00-9999.00-9999.00-9999.00-9999.00-9999.00-9999.00-9999.00-9999.00-9999.00-9999.00-9999.00-9999.00-9999.00-9999.00-9999.00-9999.00-9999.00-9999.00-9999.00-9999.00-9999.00-9999.00-9999.00-9999.00-9999.00-9999.00-9999.00-9999.00-9999.00-9999.00-9999.00-9999.00-9999.00-9999.00-9999.00-9999.00-9999.00-9999.00-9999.00-9999.00-9999.00-9999.00-9999.00-9999.00-9999.00-9999.00-9999.00-9999.00-9999.00-9999.00-9999.00-9999.00-9999.00-9999.00-9999.00-9999.00-9999.00-9999.00-9999.00-9999.00-9999.00-9999.00-9999.00-9999.00-9999.00-9999.00-9999.00-9999.00-9999.00-9999.00-9999.00-9999.00-9999.00-9999.00-9999.00-9999.00-9999.00-9999.00-9999.00-9999.00-9999.00-9999.00-9999.00-9999.00 82.99 74.52 112.51 376.90 94.09 78.22 0.00 74.71 376.41 83.55 83.81 84.76 95.02-9999.00-9999.00-9999.00-9999.00-9999.00-9999.00-9999.00-9999.00-9999.00-9999.00-9999.00-9999.00-9999.00-9999.00 -9999.00-9999.00-9999.00-9999.00-9999.00-9999.00-9999.00-9999.00-9999.00-9999.00-9999.00-9999.00-9999.00-9999.00-9999.00-9999.00-9999.00-9999.00-9999.00-9999.00-9999.00-9999.00-9999.00-9999.00-9999.00-9999.00-9999.00-9999.00-9999.00-9999.00-9999.00-9999.00-9999.00-9999.00-9999.00-9999.00-9999.00-9999.00-9999.00-9999.00-9999.00-9999.00-9999.00-9999.00-9999.00-9999.00-9999.00-9999.00-9999.00-9999.00-9999.00-9999.00-9999.00-9999.00-9999.00-9999.00-9999.00-9999.00-9999.00-9999.00-9999.00-9999.00-9999.00-9999.00-9999.00-9999.00-9999.00-9999.00-9999.00-9999.00-9999.00-9999.00-9999.00-9999.00-9999.00-9999.00-9999.00-9999.00-9999.00-9999.00-9999.00-9999.00-9999.00-9999.00-9999.00-9999.00-9999.00-9999.00-9999.00-9999.00-9999.00-9999.00-9999.00-9999.00-9999.00-9999.00-9999.00-9999.00-9999.00-9999.00-9999.00-9999.00-9999.00-9999.00-9999.00-9999.00-9999.00-9999.00-9999.00-9999.00-9999.00-9999.00-9999.00-9999.00-9999.00-9999.00-9999.00 77.22 82.93 115.69 163.56 78.95 363.54 0.00 0.00
75.93 114.59 254.69 378.18 78.22 76.05 375.65 100.12 0.00 75.28 85.27 92.77 76.88 398.04 377.65 412.14 76.43 379.95 134.94 76.57-9999.00-9999.00-9999.00 -9999.00-9999.00-9999.00-9999.00-9999.00-9999.00-9999.00-9999.00-9999.00-9999.00-9999.00-9999.00-9999.00-9999.00-9999.00 76.01 249.65 84.15 77.70 111.74 0.00 316.32 167.36 76.49-9999.00-9999.00-9999.00-9999.00-9999.00-9999.00-9999.00-9999.00-9999.00-9999.00-9999.00-9999.00-9999.00-9999.00-9999.00-9999.00-9999.00-9999.00-9999.00-9999.00-9999.00-9999.00-9999.00-9999.00-9999.00-9999.00-9999.00-9999.00-9999.00-9999.00-9999.00-9999.00-9999.00-9999.00-9999.00-9999.00-9999.00-9999.00-9999.00-9999.00-9999.00-9999.00-9999.00-9999.00-9999.00-9999.00-9999.00-9999.00-9999.00-9999.00-9999.00-9999.00 79.78 79.78 377.00 378.45 89.99 87.04 88.54 78.22-9999.00-9999.00-9999.00-9999.00-9999.00-9999.00-9999.00-9999.00 75.01 128.38 375.63 292.61 81.47 346.51 121.21 78.22 378.73 277.58 76.57 207.59 116.85 85.14 190.14 268.10 76.05 79.78 75.28 127.27 117.57 115.79 0.00
107.76 87.42 78.95 379.23 143.08 79.21-9999.00 77.22 168.93 75.20 313.36 76.43 82.82 74.80 383.34 78.45 153.49 96.84 89.99 83.05 84.41 74.80 185.25 83.11 0.00 120.03 75.01 75.44 328.87 75.35 0.00 0.00 0.00 79.21 76.57 75.93 0.00 377.21 309.35 0.00 0.00 0.00 0.00 0.00 0.00 0.00 119.70 82.25 88.25 225.37 0.00 378.00 377.25 93.68 142.29 77.79 195.25 88.25 88.47-9999.00-9999.00-9999.00-9999.00-9999.00 -9999.00-9999.00-9999.00-9999.00-9999.00-9999.00-9999.00-9999.00-9999.00-9999.00-9999.00-9999.00 75.72 245.69
198.51 377.64 87.42 87.82 92.61 76.88 379.30 142.50 88.47 85.27 371.86 0.00 137.75 87.90 86.69 75.53 370.69 80.41 377.36 77.40 198.41 0.00 375.81 173.84 75.28 83.90 74.45 75.07 142.18 375.67 0.00 183.94 240.54 138.79 75.35 88.47 84.00 83.11 78.00 74.59 127.48 119.46 81.10 113.97 380.46 77.22 76.30 141.81 86.50 87.22 87.82 149.55 83.11 77.22 84.20 84.41 196.84 78.00 115.47 115.47 116.16
87.22 83.47 113.85 113.23 390.14 76.30 93.64 89.99 83.81 74.59 79.21 0.00 0.00 81.85 159.97 379.82 81.10 369.93 124.43 74.95 83.63 149.71 379.81 74.45 74.85 85.41 76.17 127.63 138.67 345.11 377.42 147.86 85.04 369.91 0.00 97.89 382.96 380.08 84.74 379.10 89.96 96.40-9999.00-9999.00-9999.00-9999.00-9999.00-9999.00-9999.00-9999.00-9999.00-9999.00-9999.00 -9999.00-9999.00-9999.00-9999.00-9999.00-9999.00-9999.00-9999.00-9999.00-9999.00 94.49 376.25 90.73 157.91 367.74 75.46 216.52 74.51 382.83 81.41 0.00 82.25 74.44 73.99 149.90 74.83 74.44 161.68
82.28 146.42 74.61 382.22 0.00 0.00 107.76 90.75 114.78 389.79 382.83 85.92 380.51 378.44 141.75 77.40 88.94-9999.00-9999.00-9999.00-9999.00-9999.00-9999.00-9999.00-9999.00-9999.00 -9999.00-9999.00-9999.00-9999.00 88.37 76.49 318.62 75.46 101.04 376.61 77.70 85.27 84.12 80.29 265.27 375.65 81.41 112.05 140.26 184.40 0.00 77.05 83.03 377.27 298.71 375.24 75.34 87.16 279.18 266.77 83.87 377.13 92.21 87.84 89.88 388.62 121.12 74.51 79.62 99.50 94.49 87.38 78.45 115.95 0.00 74.11 86.67
383.07 0.00 321.64 93.68 104.22 137.33 138.97 380.15 102.41 116.98 110.05 385.54 80.41 86.69 179.34 84.04-9999.00-9999.00-9999.00-9999.00-9999.00-9999.00-9999.00-9999.00 -9999.00-9999.00-9999.00 88.08 91.81 174.10 376.07 387.07 123.45 83.12 125.92 379.94 74.37 75.86 73.77 115.14 380.08 75.23 73.87 0.00 79.95 254.47 117.08 157.14 75.23 79.01 83.53 83.53 85.27 73.90 124.52 378.50 0.00 0.00 0.00 113.52 77.26 89.14 79.62 314.44 74.58 301.67 0.00 276.19 74.92 82.77 87.16
0.00 0.00 375.99 98.89 97.43 230.63 388.71 385.28 388.22 382.87 165.68 84.98 91.44 336.73 75.07 85.57 196.05 142.71 90.28-9999.00-9999.00-9999.00-9999.00-9999.00-9999.00 -9999.00-9999.00-9999.00-9999.00-9999.00-9999.00 140.90 74.06 249.86 0.00 83.64 135.70 74.92 77.70 124.27 176.30 85.44 74.83 0.00 167.15 73.83 168.62 84.96 166.34 168.50 80.29 74.83 378.25 77.26 83.64 73.85 0.00 141.90 74.15 86.34 74.20 376.81 79.95 378.47 74.66 74.58 0.00 149.72 73.95 76.86 268.18 382.39
380.21 379.96 378.39 75.93 82.67 85.41 75.13 186.60 78.00-9999.00-9999.00-9999.00-9999.00-9999.00-9999.00-9999.00 -9999.00-9999.00-9999.00-9999.00-9999.00-9999.00-9999.00-9999.00-9999.00 74.65 307.05 0.00 77.26 83.12 78.72 0.00 95.95 365.55 112.86 75.59 84.12 85.96 85.23 379.79 77.05 82.02 131.66 75.46 116.05 383.10 0.00 75.02 0.00 0.00 113.09 75.86 113.45 81.41 0.00 119.08 83.03 95.46 0.00 75.12 285.60 163.69 75.46 141.37 194.48 381.15 91.66 73.80 245.83 217.83 273.13 384.18 376.03 82.67 77.40 0.00
111.51 187.19 118.66 0.00 82.25 73.85 375.85 76.16 84.68 84.52 133.92 77.48 78.19 320.39 83.03 163.05 85.96 85.23 94.01 100.17 87.84 188.46 92.64 244.48 97.88 90.73 175.14 73.92 137.52 75.72 112.74 138.88 212.91 0.00 74.78 84.30 76.43 350.75 205.85 94.79 95.49 82.08 124.85 74.84 143.67 0.00 78.22 82.87 86.01 105.83 81.85 84.88 80.09 88.03 98.56 76.05 394.26 143.18 197.99 256.73 78.95
272.43 375.54 125.13 73.91 148.81 0.00 114.34 75.35 76.55 374.42 377.20 176.30 82.25 74.52 147.59 172.98 338.33 0.00 353.78 337.77 139.27 86.69 91.24 156.47 377.89 95.02 376.04 90.75 91.60 79.78 87.22 87.28 166.55 74.84 75.07 78.45 75.01 168.38 79.21 0.00 333.18 104.63 379.96 375.44 79.21 83.11 82.63 84.20 87.82 115.22 87.62 82.47 75.93 97.27 86.67 85.70 87.90 232.10 379.14 378.90 384.99
153.98 381.78 75.20 133.05 87.62 79.78 115.09 395.10 0.00 121.95 79.21 313.87 133.93 74.52 84.20 77.04 79.21 74.89 123.89 381.59 129.35 87.62 211.22 85.56 127.46 100.90 363.55 89.19 81.47 362.88 376.83 182.05 266.55 0.00 168.10 376.72 362.18 371.10 89.34 212.35 344.07 150.02 361.04 75.53 74.68 343.12 74.64 83.90 377.00 375.84 75.01 91.24-9999.00-9999.00-9999.00-9999.00-9999.00-9999.00-9999.00-9999.00-9999.00-9999.00 -9999.00-9999.00-9999.00-9999.00-9999.00-9999.00-9999.00-9999.00-9999.00 74.11 115.17 311.45 0.00 111.94 75.46 84.12 115.90
154.89 184.08 383.65 91.26 141.33 73.97 79.73 92.36 92.77 76.72 76.05 85.85 206.59 74.54 87.62 86.17-9999.00-9999.00-9999.00-9999.00-9999.00-9999.00-9999.00-9999.00-9999.00-9999.00-9999.00-9999.00-9999.00 -9999.00-9999.00-9999.00-9999.00-9999.00-9999.00-9999.00-9999.00-9999.00-9999.00 77.26 241.95 378.88 0.00 0.00 0.00 0.00 0.00 0.00 388.73 348.48 74.66 0.00 275.96 136.18 75.72 82.25 91.81 83.12 0.00 91.42 86.74 89.42 82.85 376.57 304.66 157.92 76.49 73.84 144.15 0.00 160.09 76.86 87.84 77.05 378.16 75.34 178.85 381.50 73.80 379.98 74.74 73.82 111.83
0.00 317.34 74.31 83.03 142.99 83.75 121.02 97.39 0.00 385.09 235.81 152.20 76.16 74.06 121.98 136.21 0.00 378.87 75.72 83.64 74.74 0.00 145.56 331.67 75.72 293.04 76.01 123.72 76.43 118.13 77.12 76.43 121.82 217.17 347.78 376.46 379.73 0.00 370.18 375.73 389.15 0.00 0.00 0.00 0.00 0.00 0.00 0.00 376.13 331.63 379.51 77.79 79.49 157.67 87.94 199.92 382.23 78.45 230.63 81.10 372.28
86.17 85.57 379.00 87.90 90.59 87.82 82.67 124.77 380.09 382.32 75.13 77.40 125.11 139.49 353.54 377.92 0.00 315.41 377.50 362.10 177.14 85.42 361.67 80.67 96.63 334.91 76.57 74.54 74.95 378.86 75.93 75.82 376.19 385.33 334.99 75.01 88.25-9999.00-9999.00-9999.00-9999.00-9999.00-9999.00-9999.00-9999.00-9999.00-9999.00-9999.00-9999.00-9999.00-9999.00 -9999.00-9999.00-9999.00-9999.00-9999.00-9999.00-9999.00-9999.00-9999.00-9999.00-9999.00-9999.00-9999.00 94.01 78.72 84.68 141.33 377.42 82.25 88.33 78.19 208.07 75.23 73.79 0.00 76.49 370.59 0.00 399.33 77.26 75.72 74.51 81.47 79.01 94.90 101.04
84.66 82.85 74.09 245.01 378.24 382.70 0.00 73.77 132.88 74.66 82.91 81.38 113.49 376.46 81.97 74.48 75.34 323.38 0.00 74.48 73.81 73.78 119.67 377.18 82.12 85.92 183.21 401.05 115.60 105.86 95.02 79.21 376.20 376.56 121.31 77.59 98.12 88.54 76.88 91.24 77.79 91.24 80.75 392.11 77.04 91.60 356.06 79.21 88.25 146.98 151.39 83.90 75.35 169.82 171.01 75.82 368.59 0.00 77.04 85.14 79.21
77.94 78.19 81.50 81.97 81.02 0.00 0.00 114.88 85.61 142.85 76.16 135.75 77.70 75.02 303.69 76.49 375.82 220.28 86.34 81.59 82.02 81.41 80.29 201.30 0.00 78.05 259.17 375.68 75.46 378.36 104.29 0.00 88.37 189.11 83.12 104.29 74.15 81.82 74.20 85.27 91.05 78.72 305.48 84.41 331.26 89.19 75.44 414.68 327.93 80.75 370.12 210.84 84.53 301.48 78.22 0.00 74.68 75.82 77.79 141.64 75.35
82.61 378.52 180.41 376.49 0.00 73.87 85.27 84.68 82.13 79.95 424.99 75.02 83.42 84.96 88.86 82.69 74.92 346.56 74.92 345.59 84.96 116.15 83.64 83.64 127.74 368.40 378.64 0.00 81.41 362.84 97.88 89.10 132.55 78.19 204.07 374.20 384.75 88.37 95.95 122.42 377.53 84.68 87.16 195.98 77.94 204.44 0.00 0.00 0.00 386.78 191.04 97.86 77.59 87.62 90.28 81.47 85.41 77.59 378.23 352.82 375.42
250.31 382.42 167.63 234.58 164.55 97.88 377.53 378.02 0.00 367.89 375.92 171.15 375.83 242.44 364.77 80.33 233.87 198.82 89.59 122.59 375.48 379.54 77.26 91.81 74.11 268.07 99.50 98.38 139.18 85.23 273.70 0.00 91.66 0.00 242.44 97.13 376.64 378.65 92.78 348.15 324.69 379.04 205.03 93.20 74.95 74.68 74.95 135.22 74.47 89.19 381.57 75.44 82.31 137.48 75.62 80.75 383.62 341.63 74.68 74.68 377.48
86.15 78.19 94.01 259.91 379.53 145.68 79.62 94.49 85.23 105.87 378.82 92.67 76.67 328.46 0.00 383.38 375.54 376.30 375.87 145.56 0.00 242.74 84.48 93.70 137.33 219.47 342.64 151.35 82.25 343.33 375.91 119.29 79.78 79.78 188.20 74.89 84.04 364.78 83.55 76.57 84.04 112.79 135.55 375.86 0.00 380.48 378.00 375.69 288.53 80.41 82.57 75.53 80.09 0.00 112.63 74.46 82.93 89.19 78.45 142.69 355.50
185.95 0.00 378.09 185.95 383.15 284.58 216.78 376.57 250.46 376.48 132.65 376.05 370.84 90.91 88.54 387.97 383.08 394.38 76.72 86.69 371.29 79.49 86.01 115.93 85.70 241.38 85.85 76.05 85.14 76.43 267.10 0.00 384.62 376.20 281.03 75.62 129.45 158.92 76.30 91.24 0.00 381.13 378.92 377.42 379.08 256.74 144.09 120.99 85.57-9999.00-9999.00-9999.00-9999.00-9999.00-9999.00-9999.00-9999.00-9999.00-9999.00-9999.00-9999.00-9999.00-9999.00-9999.00-9999.00-9999.00-9999.00-9999.00-9999.00 -9999.00-9999.00-9999.00-9999.00-9999.00-9999.00-9999.00-9999.00-9999.00-9999.00-9999.00-9999.00-9999.00-9999.00-9999.00-9999.00-9999.00-9999.00-9999.00-9999.00 84.15 187.11 357.21 378.66 382.59 343.38 76.16 88.59 366.78 122.03 79.62
319.41 377.03 375.00 375.21 0.00 252.21 384.07 83.16 84.68 381.66 386.80 378.32 354.54 160.38 77.59 85.04 278.51 84.30 87.28 114.31 381.47 246.88 0.00 378.45 376.01 376.59 262.79 375.88 244.25 356.10 200.73 85.41 88.71 75.44 0.00 378.08 256.78 82.67 227.30 79.49-9999.00-9999.00-9999.00-9999.00-9999.00-9999.00-9999.00-9999.00-9999.00-9999.00-9999.00-9999.00-9999.00-9999.00-9999.00-9999.00-9999.00-9999.00-9999.00-9999.00-9999.00-9999.00-9999.00 -9999.00-9999.00-9999.00-9999.00-9999.00-9999.00-9999.00-9999.00-9999.00-9999.00-9999.00-9999.00-9999.00-9999.00-9999.00-9999.00-9999.00 78.72 161.99 378.66 373.63 81.02 284.78 75.23 201.14 138.90 431.62 99.45 88.86 81.41 130.83 239.68 79.01 0.00 0.00 0.00 0.00
384.74 74.52 82.10 83.11 86.01 84.20 86.85 86.17 287.23 84.00 377.07 142.67 380.70 158.18 141.90-9999.00-9999.00-9999.00-9999.00-9999.00-9999.00-9999.00-9999.00-9999.00-9999.00-9999.00-9999.00-9999.00-9999.00-9999.00-9999.00-9999.00-9999.00-9999.00-9999.00-9999.00-9999.00-9999.00 -9999.00-9999.00-9999.00-9999.00-9999.00-9999.00-9999.00-9999.00-9999.00-9999.00-9999.00-9999.00-9999.00-9999.00-9999.00-9999.00-9999.00-9999.00-9999.00-9999.00-9999.00-9999.00-9999.00-9999.00-9999.00-9999.00 90.36 77.94 311.25 216.03 93.54 85.23 93.54 97.39 84.15 189.85 329.37 376.61 392.68 0.00 0.00 376.29 376.78 132.65 198.60 250.46 364.92 377.46 0.00 380.09 378.87 378.58 376.62 320.72 376.08 95.16 375.51 251.34 85.80 93.77 125.09 376.50 375.63 378.45 106.62 292.23 379.13 282.54 171.15 97.32 375.14
325.08 0.00 375.12 376.95 329.78 376.52 225.94 230.64 251.96 376.06 296.45 273.28 377.50 378.31 0.00 0.00 0.00 362.70 0.00 193.92 387.53 378.78 326.53 136.68 118.19 74.64 114.52 379.36 378.02 133.17 115.47 76.05 98.56 91.97 87.04 84.76 94.56 78.45 76.43 74.84 112.52 375.94 85.57 119.50 77.22-9999.00-9999.00-9999.00-9999.00-9999.00-9999.00-9999.00-9999.00-9999.00-9999.00-9999.00-9999.00-9999.00-9999.00-9999.00-9999.00-9999.00-9999.00-9999.00-9999.00-9999.00 -9999.00-9999.00-9999.00-9999.00-9999.00-9999.00-9999.00-9999.00-9999.00-9999.00-9999.00-9999.00-9999.00-9999.00-9999.00-9999.00-9999.00-9999.00-9999.00-9999.00-9999.00-9999.00-9999.00-9999.00-9999.00-9999.00-9999.00-9999.00-9999.00-9999.00 100.17 97.13 89.88 377.50 92.67 379.66 382.72 383.55 384.75 237.92 304.92 265.51 250.46 375.42 0.00
99.76 85.13 375.77 384.95 375.37 379.71 388.74 381.11 380.57 146.03 77.06 83.95 87.01 87.15 376.19 387.42 383.44 315.57 363.67 96.42 375.20 375.24 375.87 376.32 0.00 375.34 356.25 82.31 96.25 206.47 373.24 377.17 375.32 90.89 282.74 92.85 378.24 84.75 87.14 374.70 375.46 349.46 76.46 75.23 75.38 82.91 87.01 85.34 92.01 376.95 81.79 99.96 379.73 313.85 80.70 377.88 132.21 83.03 103.81 377.82 96.84
385.92 213.43 173.35 194.88 291.85 165.93 0.00 376.30 210.81 378.33 175.55 375.20 193.92 381.90 380.57 327.04 358.29 367.04 144.10 77.80 76.74 75.46 0.00 0.00 216.81 79.76 127.74 88.50 90.97 144.07 352.30 83.95 79.20 83.95 98.81 0.00 98.51 91.65 83.48 94.59 80.70 84.96 122.85 83.48 90.09-9999.00-9999.00-9999.00-9999.00-9999.00-9999.00-9999.00-9999.00-9999.00-9999.00-9999.00-9999.00-9999.00-9999.00-9999.00-9999.00-9999.00-9999.00-9999.00-9999.00-9999.00-9999.00-9999.00 -9999.00-9999.00-9999.00-9999.00-9999.00-9999.00-9999.00-9999.00-9999.00-9999.00-9999.00-9999.00-9999.00-9999.00-9999.00-9999.00-9999.00-9999.00-9999.00-9999.00-9999.00-9999.00-9999.00-9999.00-9999.00-9999.00-9999.00-9999.00-9999.00-9999.00-9999.00-9999.00-9999.00-9999.00-9999.00-9999.00-9999.00-9999.00-9999.00-9999.00-9999.00-9999.00-9999.00 225.94 375.36 271.63 271.63 375.52 0.00 375.41 295.81 320.03 295.81 0.00 251.94 376.24 295.81 375.42
375.49 295.81 299.10 0.00 320.03 375.00 375.00 0.00 295.81 295.81 0.00 375.35 375.04 375.18 295.81 375.60 375.00 315.57 0.00 295.81 376.41 271.63 0.00 0.00 0.00 375.20 375.23 300.37 140.81 169.31 82.75 370.51 0.00 378.81 378.44 85.89 80.71 375.52 313.49 140.14 84.45 84.81 381.99 242.10 78.22 80.06 380.14 302.76 88.99 90.02 99.79 357.63 382.61 84.45 126.47 90.02 83.48 398.69 81.41 376.84 156.62
