蒙特卡罗+CDRMV3/输出数据/2D水深分布/WaterDepthGIS_0141.ASC
ncols         539            
nrows         744            
xllcorner     602630.84259341
yllcorner     3914823.670891 
cellsize      50             
NODATA_value  -9999.00       
[rows 0 to 26 of 32, columns 366 to 426 of 539]
157.12 207.17 161.14 95.90-9999.00-9999.00-9999.00-9999.00-9999.00-9999.00-9999.00-9999.00-9999.00-9999.00-9999.00-9999.00-9999.00-9999.00-9999.00-9999.00-9999.00-9999.00-9999.00-9999.00-9999.00-9999.00-9999.00-9999.00-9999.00-9999.00-9999.00-9999.00-9999.00-9999.00-9999.00-9999.00-9999.00-9999.00-9999.00-9999.00-9999.00-9999.00-9999.00-9999.00-9999.00-9999.00-9999.00-9999.00-9999.00-9999.00-9999.00-9999.00-9999.00-9999.00-9999.00-9999.00-9999.00-9999.00-9999.00-9999.00-9999.00 101.81 89.40 98.05-9999.00-9999.00-9999.00-9999.00-9999.00-9999.00-9999.00-9999.00-9999.00-9999.00-9999.00-9999.00-9999.00-9999.00-9999.00-9999.00-9999.00-9999.00-9999.00-9999.00-9999.00-9999.00-9999.00-9999.00-9999.00-9999.00 80.19 375.33 93.89 377.53 121.58 88.22 79.96 88.44 80.48 123.02 146.00 377.49 377.94 382.31 385.84 384.77 85.53 0.00 126.31 89.46 378.39 145.72 83.85 80.56 322.02 83.85-9999.00-9999.00-9999.00-9999.00-9999.00-9999.00-9999.00-9999.00-9999.00-9999.00 -9999.00-9999.00-9999.00-9999.00-9999.00-9999.00-9999.00-9999.00-9999.00-9999.00-9999.00-9999.00-9999.00-9999.00 87.57 91.64 89.29 92.95 283.21 0.00 0.00 121.22 89.81-9999.00-9999.00-9999.00-9999.00-9999.00-9999.00-9999.00-9999.00-9999.00-9999.00-9999.00-9999.00-9999.00-9999.00-9999.00-9999.00-9999.00-9999.00-9999.00-9999.00-9999.00-9999.00-9999.00-9999.00-9999.00-9999.00-9999.00-9999.00-9999.00-9999.00-9999.00-9999.00-9999.00-9999.00-9999.00-9999.00-9999.00-9999.00-9999.00-9999.00-9999.00-9999.00-9999.00-9999.00-9999.00-9999.00-9999.00-9999.00-9999.00-9999.00-9999.00-9999.00-9999.00-9999.00-9999.00-9999.00-9999.00 100.13 379.07 84.36-9999.00-9999.00-9999.00-9999.00-9999.00-9999.00-9999.00-9999.00-9999.00-9999.00-9999.00-9999.00-9999.00-9999.00-9999.00-9999.00-9999.00-9999.00-9999.00-9999.00-9999.00-9999.00-9999.00-9999.00-9999.00-9999.00 89.76 240.40 90.74 377.46 269.40 79.87 313.68 81.44 94.14 80.07 122.05 376.73 375.44 384.05 86.19
316.35 162.24 88.57 92.36 86.19 86.19 133.55 0.00 90.37 91.44 0.00 379.09 308.38 369.98 182.72 96.21 139.81 95.26-9999.00-9999.00-9999.00 -9999.00-9999.00-9999.00-9999.00-9999.00-9999.00-9999.00-9999.00-9999.00-9999.00-9999.00-9999.00-9999.00-9999.00 79.93 138.25 337.64 82.16 82.57 0.00 143.49 80.02 92.95 90.56 99.44 110.57-9999.00-9999.00-9999.00-9999.00-9999.00-9999.00-9999.00-9999.00-9999.00-9999.00-9999.00-9999.00-9999.00-9999.00-9999.00-9999.00-9999.00-9999.00-9999.00-9999.00-9999.00-9999.00-9999.00-9999.00-9999.00-9999.00-9999.00-9999.00-9999.00-9999.00-9999.00-9999.00-9999.00-9999.00-9999.00-9999.00-9999.00 93.64 82.37 368.69 96.94 85.85 86.90 375.61-9999.00 90.74 121.59 131.72 83.38 349.48 321.93 0.00 96.41 297.44 90.37 377.34 88.50 84.36 86.90 377.10 82.75-9999.00-9999.00 87.91 88.44 81.07 340.52 311.74 138.15 120.32
96.23 97.30 124.00 355.59 383.61 382.41 319.86 136.27 85.22 85.53 141.26 194.65 82.75 156.77 382.10 0.00 89.40 160.74 98.05 80.13 205.64 80.19 81.44 381.86 82.37 375.35 119.87 93.41 80.13 119.46 376.74 377.06 80.48 90.10 100.31 79.67 304.71 378.33 80.85 80.95 389.50 383.68 0.00 0.00 0.00 130.56 80.56 150.65 79.60 79.80 80.19 89.66 83.85 79.92 80.40 79.87 87.78 81.72 80.25 0.00 145.27
82.03 257.58 379.30 87.28 206.57 81.18 261.95 79.87 123.75 84.92 179.54 360.63 367.87 81.44 88.57 86.90 0.00 0.00 101.88 102.24 91.44 93.72 108.60 94.97 276.35 95.57 84.10-9999.00-9999.00-9999.00-9999.00-9999.00-9999.00-9999.00-9999.00 -9999.00-9999.00-9999.00-9999.00-9999.00-9999.00-9999.00-9999.00-9999.00-9999.00-9999.00-9999.00 96.30 271.03 176.86 79.42 118.26 81.11 79.61 0.00 80.97 120.27 82.79 0.00 98.21 298.99 398.82 80.45 380.61 86.36 84.06 90.90 92.04 104.49 99.02 85.99 198.74 263.81 107.56 97.26 92.95 91.84 141.86 384.51 83.38
88.24 80.22 123.16 0.00 309.81 137.22 80.12 93.45 80.83 88.83 93.45 84.65 84.97 203.19 98.24 379.65 88.24 373.17 91.44 80.69 379.79 169.11 84.65 94.29 95.40 319.38 84.06 349.45 0.00 355.27 86.54 210.37 106.46 112.98 80.40 376.63 376.04 95.90 79.92 140.13 0.00 80.32 90.60 138.19 0.00 127.97 260.28 84.92 80.85 377.57 92.01 82.20 140.14 91.48 87.72 376.82 0.00 79.96 91.65 132.07 118.53
87.84 88.43 347.16 132.48 88.46 79.21 362.32 379.96 79.93 379.60 82.16 79.17 0.00 130.90 369.21 377.85 82.79 79.42 87.45 90.24 79.54 0.00 144.48 80.97 265.35 82.16 81.07 376.57 99.94 82.56 123.91 379.60 387.06 0.00 84.36 89.87 87.63 81.87 0.00 118.70 89.87 81.57 378.56 83.85 80.85 120.14 380.39 380.80 81.87 0.00 95.26 88.78 84.10 136.51 82.03 0.00 141.28 137.61 80.95 80.19 89.66
366.44 92.48 377.05 293.07 161.08 80.57 120.37 88.72 79.21 117.60 0.00 190.24 86.75 90.90 93.45 126.86 91.07 377.48 97.80 89.81 0.00 149.10 79.07 90.09 105.36 99.02 323.97 99.44 92.34 80.56 181.04 376.12 82.03 82.95 142.36 79.71 0.00 146.07 80.01 87.53 120.61 245.03 377.74 131.76 82.37 81.18 134.57 88.17 92.17 0.00 92.97 89.01 94.68 121.40 0.00 92.62 381.43 376.24 350.93 121.88 80.95
88.72 79.76 379.07 89.29 125.60 0.00 79.54 78.94 79.93 219.11 381.17 82.16 136.44 88.08 83.27 0.00 86.36 383.19 79.48 81.96 79.48 87.57 94.90 85.63 91.64 79.42 122.47 375.35 215.13 89.66 142.04 84.64 123.26 0.00 79.65 314.03 288.24 80.56 91.82 96.58 88.12 139.71 81.72 128.18 144.74 0.00 79.96 100.13 0.00 79.71 88.27 80.48 80.95 229.67 80.25 85.85 363.90 81.44 121.90 351.08 366.55
226.82 81.43 91.64 79.84 149.99 241.15 363.37 377.04 377.52 377.89 377.52 0.00 152.21 82.75 184.46 93.64 88.50 382.66 87.28 79.69 119.59 318.06 378.13 338.31 0.00 361.67 122.46 84.10 93.41 328.21 377.66 92.62 88.50 144.19 272.05 382.67 150.85 385.11 80.75 82.95 79.96 0.00 376.37 376.25 124.48 80.01 79.84 240.43 376.75 89.46 81.07 375.92 0.00 151.64 119.32 86.54 87.95 80.19 0.00 126.35 81.31
104.62 96.23 253.11 189.71 182.56 80.75 92.17 85.85 106.55 248.33 88.38 81.44 79.92 378.11 90.37 0.00 377.37 86.54 87.67 379.46 0.00 368.52 95.57 88.85 90.34 124.62 87.72 85.85 137.46 137.01 81.31 375.76 82.37 127.94 346.75 145.34 93.26 0.00 0.00 83.61 254.22 92.56 87.81 82.20 0.00 0.00 380.58 199.06 379.52 375.45 372.86 327.66 300.17 131.26 81.44 377.74 80.75 94.14 81.07 378.54 83.85
128.23 90.22 90.74 93.89 90.47 91.48 85.85 93.96 85.85 136.01 364.41 215.77 242.60 0.00 0.00 119.02 376.89 334.02 381.20 378.99 254.42 0.00 99.23 0.00 88.50 85.22 133.38 120.69 89.87 201.01 373.50 176.29 137.40 93.26-9999.00-9999.00-9999.00-9999.00-9999.00-9999.00-9999.00-9999.00-9999.00 -9999.00-9999.00-9999.00-9999.00-9999.00-9999.00-9999.00-9999.00-9999.00-9999.00 79.61 261.95 0.00 80.22 86.95 84.06 87.29 81.11 0.00 118.98 90.24 81.11 134.79 88.43 81.27 0.00 79.26 324.22 126.85 84.97 85.29 383.08 135.87 84.97 94.59 250.70
110.98-9999.00-9999.00-9999.00-9999.00-9999.00-9999.00-9999.00-9999.00-9999.00-9999.00 -9999.00-9999.00-9999.00-9999.00-9999.00-9999.00-9999.00-9999.00-9999.00 80.57 119.59 398.16 0.00 81.11 81.27 0.00 84.06 89.17 82.16 127.44 124.25 79.36 119.22 370.73 0.00 182.93 91.09 92.26 80.69 255.44 385.56 80.02 84.65 91.25 160.05 380.96 83.03 80.33 117.89 376.07 0.00 171.99 147.94 83.27 80.02 375.82 80.69 80.22 381.98 80.33 378.85 78.97 130.33 78.97 0.00 139.63 78.91 91.84 92.95 87.64 88.46 261.80 318.23 92.04 85.22 152.48 375.45 0.00
362.56 79.76 79.15 117.78 0.00 97.41 152.86 153.45 97.41 139.93 87.70 79.10 385.74 0.00 0.00 378.35 162.26 82.37 375.72 265.55 91.82 81.72 151.22 208.76 338.03 0.00 83.16 80.65 385.36 257.42 375.99 348.42 211.86 378.08 82.03 89.87 89.40 0.00 0.00 0.00 0.00 0.00 0.00 0.00 98.29 282.06 85.22 383.48 192.44 95.90 88.94 379.45 378.75 0.00 88.94 292.59 377.80 377.19 391.74 303.68 376.23
135.92 371.75 382.67 83.16 82.56 83.61 121.17 350.76 383.24 0.00 223.87 376.71 153.27 377.78 276.08 375.73 373.28 198.07 89.58 134.42 226.09 121.68 0.00 86.90 349.34 147.18 83.38 378.55 165.28 84.10-9999.00-9999.00-9999.00-9999.00-9999.00-9999.00-9999.00-9999.00-9999.00-9999.00-9999.00-9999.00-9999.00-9999.00 -9999.00-9999.00-9999.00-9999.00-9999.00-9999.00-9999.00-9999.00-9999.00-9999.00-9999.00 96.26 90.51 95.22 87.15 378.54 85.63 377.87 84.65 86.60 88.16 228.70 380.70 0.00 0.00 0.00 84.35 80.45 128.98 0.00 0.00 0.00 83.03 0.00 93.76 135.95 326.20 88.00 78.97 293.45 0.00
98.21 175.59 84.65 377.58 80.83 89.29 78.99 132.48 300.59 121.99 84.97 0.00 336.18 79.01 95.22 98.87 90.24 92.95 86.36 378.34 79.07 158.64 376.89 202.15 0.00 0.00 0.00 378.55 322.89 379.97 95.53 376.05 385.09 383.95 153.20 91.44 96.58 85.22 90.34 82.75 84.64 377.56 82.75 79.63 80.48 143.23 375.67 95.53 85.85 84.10 167.66 99.23 91.44 142.56 237.92 379.85 133.20 93.64 112.98 91.82 90.74
377.97 378.99 379.28 86.75 0.00 80.97 209.07 79.10 80.33 142.92 372.33 80.45 159.90 228.02 144.19 123.79 81.96 0.00 147.73 81.11 83.52 0.00 0.00 80.45 89.17 354.87 81.43 99.44 89.67 84.06 90.40 87.57 88.83 80.22 378.11 0.00 390.62 339.43 80.97 85.99 211.17 90.40 91.69 215.78 415.77 0.00 87.15 376.10 126.74 141.15 91.07 377.10 79.76 80.12 96.94 90.10 86.19 85.85 95.90 86.54 82.20
376.56 377.01 375.39 222.41 121.59-9999.00-9999.00-9999.00-9999.00-9999.00-9999.00-9999.00-9999.00-9999.00-9999.00-9999.00-9999.00-9999.00-9999.00-9999.00-9999.00-9999.00-9999.00-9999.00-9999.00 -9999.00-9999.00-9999.00-9999.00-9999.00-9999.00-9999.00-9999.00-9999.00-9999.00-9999.00-9999.00-9999.00-9999.00-9999.00-9999.00-9999.00-9999.00-9999.00 103.54 89.44 99.02 88.94 140.03 84.97 385.21 340.60 378.72 83.79 79.26 237.98 372.85 378.53 120.13 122.89 86.72 161.44 381.20 0.00 376.19 122.03 211.65 85.99 79.61 80.33 382.55 408.33 276.67 91.69 89.67 90.51 89.17 157.05 88.72 93.20 87.77 79.31 244.83 103.54 0.00 95.40 0.00 276.62 98.24 376.53 245.50 116.17 144.53 375.16 379.99 90.51 91.64 93.72 94.00
93.45 86.75 325.49 107.56 377.56 82.79 392.15 375.45 373.40 381.61 80.57 79.68 86.58 86.61 129.23 139.01 0.00 142.73 133.52 97.02 84.35 98.24 0.00 88.01 79.13 96.26 84.35 375.90 292.12 336.51 87.15 379.69 122.53 131.89 372.34 330.95 324.71 377.72 146.00 0.00 381.54 379.43 204.51 143.36 81.27 79.93 269.27 82.36 92.48 85.63 379.27 168.07 0.00 99.23 376.91 147.01 95.40 0.00 137.75 87.57 93.02
200.15 378.85 375.62 91.69 0.00 87.15 83.03 186.43 92.34 379.26 375.59 89.44 206.35 186.53 101.18 99.23 101.18 168.69 134.39 187.80 134.39 317.40 105.18 89.03 184.26 92.77 202.12 226.29 99.02 81.78 85.63 82.57 94.55 397.25 289.08 377.37 379.81 83.03 385.01 90.51 0.00 383.59 247.24 385.70 209.75 184.28 232.34 381.97 165.98 0.00 0.00 375.98 113.57 88.94 84.64 376.04 90.37 93.41 80.56 380.79 82.56
98.24 101.18 0.00 198.19 119.15 380.50 375.69 377.70 392.52 382.84 94.55 98.21 101.55 107.56 89.44 377.53 99.85 92.95 85.63 97.26 377.51 0.00 227.27 377.82 91.69 268.80 261.89 375.17 358.35 376.26 251.76 90.15 124.65 179.36 354.25 99.57 83.16 125.30 344.43 84.10 82.75 376.73 349.79 120.61 90.89 88.93 82.20 81.31 370.33 379.74 80.65 129.32 378.17 0.00 377.82 195.21 129.67 94.40 88.70 90.10 88.94
241.01 101.16 88.50 95.22 88.01 91.69 379.94 346.90 91.69 97.80 81.11 131.84 364.23 378.60 379.88 0.00 273.69 306.16 376.21 222.82 325.40 391.25 357.63 376.81 153.79 134.39 367.67 0.00 220.27 97.26 306.86 83.38 335.13 81.44 87.28 93.89 81.57 139.61 330.24 380.97 82.75 380.56 81.72 0.00 377.94 134.09 383.63 80.85 152.19 172.81 346.94 80.75 365.19 80.85 101.04 0.00 355.33 122.32 83.61 99.20 93.64
366.36 209.84 381.09 259.22 0.00 247.24 209.84 205.84 375.33 0.00 326.04 373.04 0.00 153.79 119.59 104.13 377.38 226.78 114.57 292.91 378.27 81.57 82.20 376.50 86.90 376.25 85.22 366.99 0.00 87.28 99.20 91.82 79.73 87.52 91.06 203.04 88.85 83.16 325.51 136.03 82.37 94.40 129.96 382.63 142.98 80.75 91.99 91.65-9999.00-9999.00-9999.00-9999.00-9999.00-9999.00-9999.00-9999.00-9999.00-9999.00-9999.00-9999.00-9999.00-9999.00-9999.00-9999.00-9999.00-9999.00-9999.00-9999.00-9999.00-9999.00-9999.00-9999.00 -9999.00-9999.00-9999.00-9999.00-9999.00-9999.00-9999.00-9999.00-9999.00-9999.00-9999.00-9999.00-9999.00-9999.00-9999.00-9999.00-9999.00-9999.00-9999.00-9999.00-9999.00 92.71 88.94 85.99 99.23 172.75 377.83 376.80 382.69 387.35 382.77 414.08 103.74
89.29 80.97 83.79 85.63 345.83 339.56 377.34 377.33 377.99 340.19 334.52 0.00 364.51 376.12 378.46 365.37 131.85 114.05 0.00 376.16 377.52 183.95 203.00 182.75 111.17 93.33 84.06 86.36 96.67 366.17 292.99 376.20 375.63 378.01 167.70 226.68 318.66 261.89 375.94 373.18 309.55 338.13 0.00 328.32 0.00 377.90 328.32 377.82 380.48 0.00 375.69 287.08 326.04 377.09 375.34 376.45 307.36 90.66 282.99 97.57 83.31
369.26 150.14 138.88 80.70 79.84 87.69 90.50 88.38 80.78 89.13 83.99 125.30 143.24 275.08 156.06 144.89 360.97 84.36 96.58 375.39 101.55 381.39 124.00 90.37-9999.00-9999.00-9999.00-9999.00-9999.00-9999.00-9999.00-9999.00-9999.00-9999.00-9999.00-9999.00-9999.00-9999.00-9999.00-9999.00-9999.00-9999.00-9999.00-9999.00-9999.00 -9999.00-9999.00-9999.00-9999.00-9999.00-9999.00-9999.00-9999.00-9999.00-9999.00-9999.00-9999.00-9999.00-9999.00-9999.00-9999.00-9999.00-9999.00-9999.00-9999.00-9999.00-9999.00-9999.00-9999.00-9999.00-9999.00-9999.00-9999.00-9999.00-9999.00-9999.00-9999.00-9999.00 99.68 243.91 377.71 198.19 381.53 379.98 376.11 376.36 375.43 211.99 375.29 297.37 0.00 326.46 0.00 375.15 375.15 103.72 99.53 123.39 108.57 93.49 101.89 117.15 142.67 99.53 382.43 376.52 153.32 92.21 358.80 92.83 376.22 362.47 96.29 129.62
376.11 382.53 376.29 379.60 82.72 85.04 380.07 382.43 402.25 380.03 79.90 89.22 106.62 98.78 81.06 89.06 387.35 92.83 224.85 86.29 377.95 258.04 414.91 94.95 0.00 0.00 384.03 98.62 161.28-9999.00-9999.00-9999.00-9999.00-9999.00-9999.00-9999.00-9999.00-9999.00-9999.00-9999.00-9999.00-9999.00-9999.00-9999.00-9999.00-9999.00-9999.00-9999.00-9999.00-9999.00-9999.00-9999.00 -9999.00-9999.00-9999.00-9999.00-9999.00-9999.00-9999.00-9999.00-9999.00-9999.00-9999.00-9999.00-9999.00-9999.00-9999.00-9999.00-9999.00-9999.00-9999.00-9999.00-9999.00-9999.00-9999.00-9999.00-9999.00-9999.00-9999.00-9999.00-9999.00-9999.00-9999.00-9999.00-9999.00-9999.00-9999.00-9999.00-9999.00 289.27 368.97 375.00 375.39 374.20 352.25 375.27 375.27 375.14 0.00 297.37 334.14 292.51 0.00 360.58 297.38 376.72 375.02 297.38 297.37 297.38 376.83 376.99 297.38 375.30 0.00 354.53 104.43 104.43 115.73 382.29
0.00 297.37 297.37 297.37 378.50 0.00 360.47 375.00 297.37 0.00 0.00 0.00 0.00 375.00 297.37 375.00 297.37 320.73 0.00 0.00 375.77 378.04 183.09 375.51 281.39 375.32 369.20 141.47 375.18 319.67 167.79 377.61 170.98 82.54 174.17 80.00 154.52 145.01 89.90 102.39 255.59 374.12 376.47 105.84 376.60 183.93 99.68 88.62 370.00 377.06 90.02 383.50 84.49 194.07 80.78 376.53 86.64 376.99 93.20 377.68 90.82
300.66 0.00 375.00 0.00 375.41 297.37 0.00 297.37 375.52 375.18 297.38 297.37 375.99 375.00 331.02 375.00 0.00 0.00 297.38 297.38 0.00 378.05 375.55 230.25 375.41 298.59 133.47 155.82 375.49 105.40 375.27 375.34 377.63 85.96 83.99 379.14 306.64 144.50 83.53 0.00 88.19 145.09 88.62 177.97 83.99 81.77 414.58 101.85 379.90 88.19 94.19 0.00 386.84 156.93 88.62 101.45 90.02 181.39 105.14 84.04 0.00
