蒙特卡罗+CDRMV3/输出数据/2D水深分布/WaterDepthGIS_0165.ASC
ncols         539            
nrows         744            
xllcorner     602630.84259341
yllcorner     3914823.670891 
cellsize      50             
NODATA_value  -9999.00       
[rows 0 to 26 of 32, columns 183 to 243 of 539]
81.85 71.48 212.99 0.00 380.29 376.63 377.73 295.67 236.75 75.60-9999.00-9999.00-9999.00-9999.00-9999.00-9999.00-9999.00-9999.00-9999.00-9999.00-9999.00-9999.00-9999.00 -9999.00-9999.00-9999.00-9999.00-9999.00-9999.00-9999.00-9999.00-9999.00-9999.00-9999.00 78.40 177.74 377.99 81.53 378.93 74.84 81.00 85.59 76.76-9999.00-9999.00-9999.00-9999.00-9999.00-9999.00-9999.00-9999.00-9999.00-9999.00-9999.00-9999.00-9999.00-9999.00-9999.00-9999.00-9999.00-9999.00-9999.00-9999.00-9999.00-9999.00-9999.00-9999.00-9999.00-9999.00-9999.00-9999.00-9999.00-9999.00-9999.00-9999.00-9999.00-9999.00-9999.00-9999.00-9999.00-9999.00-9999.00-9999.00-9999.00-9999.00-9999.00-9999.00-9999.00-9999.00-9999.00-9999.00-9999.00-9999.00-9999.00-9999.00-9999.00-9999.00-9999.00-9999.00-9999.00-9999.00-9999.00-9999.00-9999.00-9999.00-9999.00-9999.00-9999.00-9999.00-9999.00-9999.00-9999.00-9999.00-9999.00-9999.00-9999.00-9999.00-9999.00-9999.00-9999.00-9999.00-9999.00-9999.00-9999.00-9999.00-9999.00-9999.00-9999.00-9999.00-9999.00-9999.00-9999.00-9999.00-9999.00-9999.00-9999.00-9999.00 73.40 115.61 189.28 377.25 378.82 284.31 71.48 80.14 71.41 171.65 82.59 0.00 79.11 173.91 76.96 178.25 77.96 82.81-9999.00-9999.00-9999.00-9999.00-9999.00-9999.00-9999.00-9999.00-9999.00-9999.00-9999.00-9999.00-9999.00 -9999.00-9999.00-9999.00-9999.00-9999.00-9999.00-9999.00-9999.00-9999.00-9999.00 204.41 124.41 74.31 380.38 94.07 378.01 278.98 71.88 127.05 196.92 102.19-9999.00-9999.00-9999.00-9999.00-9999.00-9999.00-9999.00-9999.00-9999.00-9999.00-9999.00-9999.00-9999.00-9999.00-9999.00-9999.00-9999.00-9999.00-9999.00-9999.00-9999.00-9999.00-9999.00-9999.00-9999.00-9999.00-9999.00-9999.00-9999.00-9999.00-9999.00-9999.00-9999.00-9999.00-9999.00-9999.00-9999.00-9999.00-9999.00-9999.00-9999.00-9999.00-9999.00-9999.00-9999.00-9999.00-9999.00-9999.00-9999.00-9999.00-9999.00-9999.00-9999.00-9999.00-9999.00-9999.00-9999.00-9999.00-9999.00-9999.00-9999.00-9999.00-9999.00-9999.00-9999.00-9999.00-9999.00-9999.00-9999.00-9999.00-9999.00-9999.00-9999.00-9999.00-9999.00-9999.00-9999.00-9999.00-9999.00-9999.00-9999.00-9999.00-9999.00-9999.00-9999.00-9999.00-9999.00-9999.00-9999.00-9999.00-9999.00-9999.00-9999.00 72.41 115.16 360.46 73.84 74.17 155.16 80.32 71.41 125.70 185.93 325.67
157.00 368.25 142.71 86.26 377.82 71.71 80.23 108.62 81.57 80.73 81.71 71.76 141.56 0.00 210.66 71.43 141.90 79.90 71.56 120.07 125.35 72.50 71.43 82.31 81.07 79.42 73.27 71.46 0.00 187.94 73.14 76.96 376.81 0.00 256.91 219.13 378.20 360.09 71.56 82.98-9999.00-9999.00-9999.00 -9999.00-9999.00-9999.00-9999.00-9999.00-9999.00-9999.00-9999.00-9999.00-9999.00-9999.00-9999.00-9999.00-9999.00-9999.00 78.24 70.91 222.27 375.13 70.41 0.00 304.06 357.84 126.81 75.73-9999.00-9999.00-9999.00-9999.00-9999.00-9999.00-9999.00-9999.00-9999.00-9999.00-9999.00-9999.00-9999.00-9999.00-9999.00-9999.00-9999.00-9999.00-9999.00-9999.00-9999.00-9999.00-9999.00-9999.00-9999.00-9999.00-9999.00-9999.00-9999.00-9999.00-9999.00-9999.00-9999.00-9999.00-9999.00-9999.00-9999.00-9999.00-9999.00-9999.00 109.40 160.03 87.65 81.47-9999.00-9999.00-9999.00-9999.00 73.40 116.43 360.52 377.12 80.46 380.58
123.02 72.91 74.17 84.36 83.80 0.00 0.00 0.00 0.00 0.00 344.56 122.73 86.48 0.00 0.00 0.00 192.93 112.61 71.91 72.80 0.00 78.32 71.91 74.53 101.78 0.00 74.00 85.50 78.32 0.00 376.33 152.98 109.40 375.97 213.90 111.84 74.00 83.35 95.42-9999.00-9999.00-9999.00-9999.00-9999.00 -9999.00-9999.00-9999.00-9999.00-9999.00-9999.00-9999.00-9999.00-9999.00-9999.00-9999.00-9999.00 70.36 140.79 340.34 70.14 231.59 0.00 74.84 77.74 77.90 81.00 72.48 380.04 118.55 74.57 240.74 171.74 79.35 200.49 177.24-9999.00-9999.00-9999.00-9999.00-9999.00-9999.00-9999.00-9999.00-9999.00-9999.00-9999.00-9999.00-9999.00-9999.00-9999.00-9999.00-9999.00-9999.00-9999.00-9999.00-9999.00-9999.00 73.54 96.87
73.02 187.98 380.46 416.13 74.35 90.18 128.79 74.00 160.81 376.37 82.15 115.35 0.00 111.20 82.64 93.23 329.61 82.98 80.46 317.10 373.71 71.97 117.21 0.00 75.60 81.85 83.16 83.54 146.09 81.71 75.85 0.00 358.90 72.03 136.10 293.29 71.56 91.61 86.48 72.80 124.68 72.25 111.07 375.97 376.17 347.46 197.57 81.85 72.41 72.69 73.69 74.35 84.58 76.66 72.33 114.24 80.73 118.29 0.00 0.00 0.00
208.59 72.50 79.82 72.17 89.76 82.00 78.95 112.53 384.42 74.73 80.06 72.91 80.23 78.71 382.23 373.81 90.18 73.69 73.69 380.15 221.24 79.36 87.07 83.54 75.85 377.47 124.22 79.11 78.57 71.76 132.92 73.14 113.28 384.60 337.76 129.65 208.35 0.00 375.66 328.69 176.01 92.55 394.06 320.20 142.07 79.54-9999.00-9999.00-9999.00-9999.00-9999.00-9999.00-9999.00-9999.00-9999.00-9999.00 -9999.00-9999.00-9999.00-9999.00-9999.00-9999.00-9999.00-9999.00-9999.00 372.71 81.53 247.97 79.35 79.70 76.06 131.86 71.75 117.69 109.51 0.00 72.48 71.18 76.99
294.19 132.09 81.57 83.94 87.07 79.07 144.42 108.75 71.56 129.14 330.44 74.93 375.55 86.48 0.00 376.48 119.40 0.00 376.31 375.98 78.43 77.28 270.32 75.85 79.11 374.87 75.14 85.50-9999.00-9999.00-9999.00-9999.00-9999.00-9999.00-9999.00-9999.00-9999.00 -9999.00-9999.00-9999.00 79.86 337.94 389.08 377.34 72.48 78.31 71.39 401.12 116.57 124.86 80.39 80.39 377.92 72.65 70.20 113.67 144.37 0.00 380.17 378.06 337.02 71.29 75.73 80.68 76.06 380.24 80.39 78.10 375.74 79.96 80.52 380.24
154.28 110.44 80.14 81.85 72.80 71.48 144.32 348.02 376.60 71.91 71.46 108.56 385.95 383.12 0.00 85.10 100.09 110.69 100.09 161.65 110.92 377.93 377.55 333.03 74.53 381.09 402.60 75.60 80.46 193.78-9999.00-9999.00-9999.00-9999.00-9999.00-9999.00-9999.00 -9999.00-9999.00-9999.00-9999.00 155.13 365.89 86.66 79.23 379.90 72.65 380.02 83.44 70.60 109.61 85.15 70.22 118.14 388.25 69.92 0.00 114.40 83.44 375.32 111.46 72.65 304.95 71.29 77.96 75.73 107.76 124.22 0.00 124.99 88.13
108.83 214.55 78.71 384.08 75.85 81.07 73.69 131.18 253.78 72.17 110.68 389.65 0.00 205.36 79.99 245.40 93.91 88.00 101.79 378.49 232.32 209.40 380.70 379.11 383.99 128.48 74.00 88.63 76.38 72.25-9999.00-9999.00-9999.00-9999.00-9999.00-9999.00-9999.00 -9999.00-9999.00-9999.00-9999.00-9999.00-9999.00 88.13 215.95 77.74 71.39 0.00 70.02 79.23 77.35 70.07 377.30 78.73 112.17 0.00 70.26 77.02 70.31 133.17 69.97 77.59 84.35 70.91 119.96 257.88 78.56 107.38 0.00 111.30 74.84 79.34 72.17
251.88 93.33 380.06 96.86 199.71 84.11 93.46 83.27 370.22 72.69 82.81 379.15 246.59 114.47 77.61 80.46-9999.00-9999.00-9999.00-9999.00-9999.00-9999.00-9999.00-9999.00 -9999.00-9999.00-9999.00-9999.00-9999.00-9999.00-9999.00-9999.00-9999.00 78.73 70.74 0.00 71.88 70.26 138.84 0.00 131.06 107.56 167.35 109.25 72.65 70.67 375.50 172.91 81.53 70.07 146.20 140.47 73.83 85.15 377.84 0.00 376.01 180.82 77.25 80.23 71.75 179.91 70.53 0.00 112.46 0.00 88.93 383.43 108.22 79.35 70.47 377.99 372.65 78.86 83.14 79.58 77.97
125.77 385.25 71.51 78.39 73.40 193.85 80.23 70.26 0.00 136.78 121.68 69.92 378.47 204.30 371.58 108.18 74.31 80.23 81.70 113.94 79.83 82.14 87.72 77.14 75.73 82.78 234.81 84.13 378.16 73.83 90.87 83.44 131.80 177.75 221.27 147.13 70.47 77.46 74.17 0.00 71.38 72.50 378.47 365.99 71.76 87.65 79.21 119.03 109.46 263.08 378.73 0.00 236.70 352.54 128.13 88.00 82.64 78.71 82.02 104.47 91.11
91.97 392.18 79.86 87.72 75.12 166.60 78.56 69.90 312.08 376.00 0.00 85.59 81.34 137.19 72.11 215.58 320.93 80.46 74.73 71.80 111.02 129.59 262.59 0.00 71.97 87.07 128.91 84.44 72.50 377.24 389.91 377.44 376.34 231.00 76.38 322.45 79.54 82.47 71.59 80.32 85.03 79.07 71.59 199.62 73.27 0.00 163.97 73.69 75.14 82.15 377.91 193.76 120.45 71.71 80.52 192.27 82.98 80.06 72.10 133.15 176.36
73.84 145.07 131.78 90.63 79.31 71.59 344.17 382.00 111.92 80.95 73.02 115.98 378.96 0.00 218.56 160.31 118.15 71.37 80.32 74.00 162.47 231.55 79.82 82.31 82.00 378.03 83.74 306.13 78.71 296.51 79.54 367.34 79.99 134.47 379.48 377.25 0.00 0.00 375.10 103.34 185.80 381.81 75.69 92.55 88.99 84.87 86.58 104.81 342.96 83.76 377.33 71.48 86.00 110.86 318.48 230.33 77.61-9999.00-9999.00-9999.00-9999.00-9999.00-9999.00-9999.00-9999.00-9999.00-9999.00 -9999.00-9999.00-9999.00-9999.00-9999.00-9999.00-9999.00-9999.00-9999.00 70.26 110.71 386.64
97.58 347.87 115.35 378.77 158.37 72.71 81.10 92.13 200.84 72.69 71.40 71.42 71.40 80.84 308.91 172.89 74.00-9999.00-9999.00-9999.00-9999.00-9999.00-9999.00-9999.00-9999.00-9999.00-9999.00-9999.00-9999.00-9999.00 -9999.00-9999.00-9999.00-9999.00-9999.00-9999.00-9999.00-9999.00-9999.00 79.86 317.74 367.78 71.51 71.09 378.31 114.83 74.84 379.33 382.39 0.00 337.77 77.54 0.00 70.91 212.00 123.63 91.45 82.70 70.26 0.00 142.34 81.00 80.23 113.66 382.12 131.22 123.38 72.82 70.07 133.90 0.00 70.47 78.47 77.96 151.66 375.54 79.70 388.41 79.70 72.32 379.44 73.83
0.00 255.18 124.81 69.95 82.14 205.30 378.75 71.51 0.00 73.61 80.52 80.09 83.37 69.89 119.12 70.53 120.92 0.00 72.65 70.82 143.32 0.00 131.51 71.09 141.22 71.51 180.31 71.29 79.47 77.28 82.98 83.35 72.03 141.47 82.47 82.47 77.28 0.00 367.92 375.67 0.00 72.80 75.14 385.54 284.44 380.39 189.14 0.00 222.08 81.47 359.33 84.58 95.34 71.97 80.73 73.69 378.74 86.79 79.99 75.14 365.86
376.52 74.17 71.91 329.18 369.21 77.61 380.18 72.25 81.19 83.94 72.59 377.32 377.77 379.93 0.00 375.74 377.47 192.29 129.00 81.45 124.77 74.17 82.00 153.98 85.10 71.42 382.84 72.41 375.46 71.91 71.71 374.45 234.21 81.47-9999.00-9999.00-9999.00-9999.00-9999.00-9999.00-9999.00-9999.00-9999.00-9999.00-9999.00-9999.00-9999.00-9999.00 -9999.00-9999.00-9999.00-9999.00-9999.00-9999.00-9999.00-9999.00-9999.00-9999.00-9999.00-9999.00-9999.00-9999.00-9999.00 346.40 85.15 86.38 91.97 76.76 376.69 81.70 78.92 69.89 0.00 80.36 109.37 114.05 363.24 380.59 107.55 75.73 76.99 70.54 378.07 0.00 72.82 77.01 70.02 209.44 0.00
84.35 75.12 131.55 376.73 377.08 70.36 382.22 73.40 90.28 0.00 70.26 77.63 78.47 79.02 153.97 141.71 96.37 213.81 115.79 337.98 93.12 197.22 379.04 377.19 129.70 81.47 212.90 72.69 76.11 302.94 78.71 173.94 81.19 80.46 391.68 76.96 183.50 89.76 375.94 74.00 75.37 74.93 84.36 71.91 141.11 227.68 200.79 0.00 125.70 83.94 74.35 294.52 208.35 0.00 381.39 374.55 244.40 138.07 74.00 71.38 78.62
85.44 120.20 75.73 379.27 73.83 141.08 70.67 114.11 151.33 393.13 73.83 125.00 0.00 82.77 375.63 80.52 70.82 91.51 376.49 0.00 121.74 76.93 72.60 84.47 197.14 71.29 137.94 127.57 72.02 75.42 121.79 238.43 381.17 87.96 74.17 388.83 166.06 82.59 83.18 375.73 334.55 379.28 0.00 77.61 80.06 86.52 87.35 73.84 84.36 207.60 225.67 80.95 82.59 75.14 375.91 380.26 116.79 81.57 79.11 73.69 111.40
71.18 88.10 378.26 71.51 70.82 235.34 72.48 140.59 87.22 123.42 0.00 249.30 70.47 76.55 295.33 74.07 80.39 73.61 144.16 379.82 114.62 383.60 77.54 377.51 95.86 126.82 73.61 361.93 74.31 0.00 107.90 136.16 79.99 82.02 391.67 395.30 83.18 112.98 81.10 259.92 75.14 379.37 72.80 100.09 84.36 74.73 378.38 396.82 221.76 130.24 71.71 215.75 72.10 129.52 372.42 86.79 75.60 117.51 376.59 79.99 81.47
84.75 74.24 75.46 354.55 206.34 95.86 81.89 84.88 91.51 194.79 98.51 76.06 375.30 376.80 0.00 194.56 204.41 393.01 379.14 136.16 388.03 377.49 377.10 229.86 368.29 86.48 228.73 154.24 297.42 0.00 0.00 82.02 0.00 122.95 191.49 78.71 191.11 71.67 76.38 72.33 370.97 376.75 412.24 385.38 71.59 169.25 378.95 0.00 82.02 376.99 80.95 0.00 375.46 84.11 71.67 71.38 79.98 0.00 0.00 377.27 76.38
0.00 0.00 246.54 94.48 230.18 85.71 89.40 93.23 97.35 76.96 85.75 83.18 76.96 71.50 74.73 122.86 78.32 91.11 85.75 72.91 79.68 159.66 73.02 71.97 109.03 180.40 0.00 377.27 351.94 128.54 81.83 173.49 78.32 72.59 173.73 0.00 183.51 155.51 111.05 79.11 83.74 77.61 115.65 322.41 83.74-9999.00-9999.00-9999.00-9999.00-9999.00-9999.00-9999.00-9999.00-9999.00-9999.00-9999.00-9999.00-9999.00-9999.00-9999.00-9999.00-9999.00-9999.00-9999.00 -9999.00-9999.00-9999.00-9999.00-9999.00-9999.00-9999.00-9999.00-9999.00-9999.00-9999.00-9999.00-9999.00-9999.00-9999.00-9999.00-9999.00-9999.00-9999.00-9999.00-9999.00-9999.00-9999.00 81.43 92.79 140.52 368.22 379.74 76.76 84.88 79.23 70.99 154.98 128.72 249.73 215.02 82.78 337.94
126.84 74.17 346.26 77.61 79.54 87.96 73.54 181.02 78.32 377.43 73.02 81.07 78.56 113.95 376.89 0.00 141.84 71.37 78.93 375.21 71.08 79.90 79.07 87.35 0.00 114.94 196.08 121.15 72.41 354.88 152.03 111.97 89.79-9999.00-9999.00-9999.00-9999.00-9999.00-9999.00-9999.00-9999.00-9999.00-9999.00-9999.00-9999.00-9999.00-9999.00-9999.00-9999.00-9999.00-9999.00-9999.00-9999.00 -9999.00-9999.00-9999.00-9999.00-9999.00-9999.00-9999.00-9999.00-9999.00-9999.00-9999.00-9999.00-9999.00-9999.00-9999.00-9999.00-9999.00-9999.00 99.96-9999.00 85.73 79.35 259.53 73.61 71.88 383.93 389.02 88.10 73.61 376.05 0.00 378.07 87.35 71.39 74.07 113.21 358.21 0.00 378.46 365.91 87.22 94.69 299.86 295.16 377.53 79.86
77.28 377.57 381.06 339.13 0.00 0.00 382.97 376.94 269.86 83.94 89.01 189.76 377.55 150.56 113.99 245.89 74.17 82.47 0.00 78.82 233.95 186.26 78.32-9999.00-9999.00-9999.00-9999.00-9999.00-9999.00-9999.00-9999.00-9999.00-9999.00-9999.00-9999.00-9999.00-9999.00-9999.00-9999.00-9999.00-9999.00-9999.00-9999.00-9999.00-9999.00-9999.00-9999.00 -9999.00-9999.00-9999.00-9999.00-9999.00-9999.00-9999.00-9999.00-9999.00-9999.00-9999.00-9999.00-9999.00-9999.00-9999.00-9999.00-9999.00 83.14 85.15 75.42 387.48 384.06 84.13 388.17 385.05 386.88 91.51 92.54 84.88 158.24 87.00 70.99 385.50 124.56 86.66 79.86 0.00 377.79 0.00 233.22 375.22 376.47 276.50 276.54 375.67 110.06 375.14 134.39 375.11 375.74 103.13 90.28 378.93 90.28
231.32 381.60 237.63 0.00 0.00 378.63 308.53 119.32 259.02 210.56 317.54 358.00 0.00 210.61 322.45 84.90 86.94 93.66 81.04 81.99 375.06 84.13 85.59 375.21 375.46 179.32 96.60 382.15 146.81 190.89 163.68 119.32 380.90 262.39 372.85 375.36 0.00 326.09 326.09 378.30 381.78 326.14 376.81 308.09 377.42 0.00 0.00 376.02 377.79 383.29 375.86 375.41 82.77 213.04 79.86 87.35 79.35 377.10 78.86 84.35 70.47
109.10 167.26 376.72 257.36 143.97 126.31 74.17 82.02 72.03 81.57 109.92 128.96 124.87 86.32 363.97 72.69 132.04 133.49-9999.00-9999.00-9999.00-9999.00-9999.00-9999.00-9999.00-9999.00-9999.00-9999.00-9999.00-9999.00-9999.00-9999.00-9999.00-9999.00-9999.00-9999.00-9999.00-9999.00-9999.00 -9999.00-9999.00-9999.00-9999.00-9999.00-9999.00-9999.00-9999.00-9999.00-9999.00-9999.00-9999.00-9999.00-9999.00-9999.00-9999.00-9999.00-9999.00-9999.00-9999.00-9999.00-9999.00-9999.00-9999.00-9999.00-9999.00-9999.00-9999.00-9999.00-9999.00 73.00 379.15 379.01 84.84 377.54 97.91 358.73 375.94 353.51 377.12 377.13 376.51 376.54 0.00 262.39 0.00 326.09 377.26 173.67 0.00 414.43 412.20 384.07 388.57 388.36 387.38 71.31 87.59 74.30 80.13 86.20 77.27 80.69 77.69 107.30 182.21 220.77 102.60 102.96 375.68 166.74 166.74
311.77 135.72 110.16 141.41 317.65 86.91 81.96 252.94 257.95 78.13 74.04 72.72 123.41 78.13 76.50 70.86 376.16 110.34 331.70 83.94 90.25 89.27 379.56 91.91 378.90 72.72 82.69 71.86 85.28 383.70 91.43 378.55 83.18 382.52 74.71-9999.00-9999.00-9999.00-9999.00-9999.00-9999.00-9999.00-9999.00-9999.00-9999.00-9999.00-9999.00-9999.00-9999.00-9999.00-9999.00-9999.00-9999.00-9999.00-9999.00-9999.00-9999.00 -9999.00-9999.00-9999.00-9999.00-9999.00-9999.00-9999.00-9999.00-9999.00-9999.00-9999.00-9999.00-9999.00-9999.00-9999.00-9999.00-9999.00-9999.00-9999.00-9999.00-9999.00-9999.00-9999.00-9999.00-9999.00-9999.00-9999.00-9999.00-9999.00-9999.00-9999.00-9999.00-9999.00 242.24 222.48 175.13 354.22 376.93 377.31 376.72 375.66 376.58 377.22 375.00 375.00 350.83 375.30 0.00 323.31 378.88 328.27 375.70 376.75 253.19 378.52 380.97 377.21 328.26
75.15 87.59 86.45 121.57-9999.00-9999.00-9999.00-9999.00-9999.00-9999.00-9999.00-9999.00-9999.00-9999.00-9999.00-9999.00-9999.00-9999.00-9999.00-9999.00-9999.00-9999.00-9999.00-9999.00-9999.00-9999.00 -9999.00-9999.00-9999.00-9999.00-9999.00-9999.00-9999.00-9999.00-9999.00-9999.00-9999.00-9999.00-9999.00-9999.00-9999.00-9999.00-9999.00-9999.00-9999.00-9999.00-9999.00-9999.00-9999.00-9999.00-9999.00-9999.00-9999.00-9999.00-9999.00-9999.00-9999.00-9999.00-9999.00-9999.00-9999.00-9999.00-9999.00-9999.00-9999.00-9999.00-9999.00-9999.00-9999.00-9999.00-9999.00 375.28 373.78 375.12 0.00 293.94 375.34 323.29 375.83 220.77 0.00 376.09 375.00 293.94 375.34 328.27 293.94 377.03 375.00 0.00 281.10 314.52 375.62 377.81 248.25 379.82 319.76 375.97 225.33 386.54 375.10 375.03 297.24 382.64 253.19 0.00 0.00 0.00 379.14 225.33 273.75 0.00 375.31 372.13 375.09 283.73 185.90 0.00 0.00 0.00 0.00 0.00 0.00 0.00 115.61 79.07 76.98
93.72 376.74 260.99 76.50 379.50 132.90 72.72 383.84 154.46 76.14 377.96 378.20 238.40 79.08 81.12 384.52 87.34 194.04 380.31 360.85 76.00-9999.00-9999.00-9999.00-9999.00-9999.00-9999.00-9999.00-9999.00-9999.00-9999.00-9999.00-9999.00-9999.00-9999.00-9999.00-9999.00-9999.00-9999.00 -9999.00-9999.00-9999.00-9999.00-9999.00-9999.00-9999.00-9999.00-9999.00-9999.00-9999.00-9999.00-9999.00-9999.00-9999.00-9999.00-9999.00-9999.00-9999.00-9999.00-9999.00-9999.00-9999.00-9999.00-9999.00-9999.00-9999.00-9999.00-9999.00-9999.00-9999.00-9999.00-9999.00-9999.00-9999.00-9999.00-9999.00-9999.00-9999.00-9999.00-9999.00-9999.00-9999.00-9999.00-9999.00-9999.00-9999.00-9999.00-9999.00-9999.00-9999.00 268.64 248.25 0.00 293.94 375.66 323.29 378.06 359.70 225.33 0.00 253.19 380.86 328.36 0.00 376.21 375.24 0.00 293.93 0.00 375.00 293.93 293.94 375.47 328.27 375.31 293.93 0.00 293.94 375.00 323.31 0.00 248.25 373.78 377.93 377.10 376.82 383.17 376.56 197.93
