蒙特卡罗+CDRMV3/输出数据/2D水深分布/WaterDepthGIS_0165.ASC
ncols         539            
nrows         744            
xllcorner     602630.84259341
yllcorner     3914823.670891 
cellsize      50             
NODATA_value  -9999.00       
[rows 0 to 26 of 32, columns 427 to 487 of 539]
73.84 71.97 149.52 0.00 75.14 379.37 72.50 79.42 80.23 76.66 375.52 88.00-9999.00-9999.00 94.60 90.18-9999.00-9999.00-9999.00-9999.00-9999.00 -9999.00-9999.00-9999.00-9999.00-9999.00-9999.00-9999.00-9999.00-9999.00-9999.00-9999.00-9999.00-9999.00-9999.00-9999.00 72.82 129.47 356.62 75.12 117.34 0.00 141.86 78.40 100.70-9999.00-9999.00-9999.00-9999.00-9999.00-9999.00-9999.00-9999.00-9999.00-9999.00-9999.00-9999.00-9999.00-9999.00-9999.00-9999.00-9999.00-9999.00-9999.00-9999.00-9999.00-9999.00-9999.00-9999.00-9999.00-9999.00-9999.00-9999.00-9999.00-9999.00-9999.00-9999.00-9999.00-9999.00-9999.00-9999.00-9999.00-9999.00-9999.00-9999.00-9999.00-9999.00-9999.00-9999.00-9999.00-9999.00-9999.00-9999.00-9999.00-9999.00-9999.00-9999.00-9999.00-9999.00-9999.00 83.74 74.53 340.82 73.14-9999.00-9999.00-9999.00-9999.00-9999.00-9999.00-9999.00-9999.00-9999.00-9999.00-9999.00 76.38-9999.00-9999.00-9999.00-9999.00-9999.00-9999.00-9999.00-9999.00-9999.00-9999.00-9999.00-9999.00-9999.00 87.65 72.50 354.17 72.03 379.82 82.47 206.31 121.45 73.54 79.11 138.33 262.69 82.81 199.93 178.16 80.32 74.53 79.03 81.31 82.59 0.00 85.78 369.37 134.52 72.41 71.63 72.91 377.56 77.61 85.10 377.46 176.13
71.76 0.00 0.00 147.55 159.43 76.11 0.00 232.95 382.62 214.52 71.63 93.23 185.93 77.61 375.49 72.69 72.69 212.93 377.83 393.17 378.61 0.00 72.80 71.38 306.54 83.16 73.27 376.38 292.22 374.51 71.91 73.02 83.35 81.47 79.99 0.00 82.59 0.00 218.49 78.71 377.76 270.71 72.69 81.71 94.60-9999.00-9999.00-9999.00-9999.00 -9999.00-9999.00-9999.00-9999.00-9999.00-9999.00-9999.00-9999.00-9999.00-9999.00-9999.00-9999.00-9999.00 84.09 83.37 70.47 107.31 376.93 0.00 141.11 70.36 80.23 100.70 113.17 137.97 76.76 85.73-9999.00-9999.00-9999.00-9999.00-9999.00-9999.00-9999.00-9999.00-9999.00-9999.00-9999.00-9999.00-9999.00-9999.00-9999.00-9999.00-9999.00-9999.00-9999.00-9999.00-9999.00-9999.00-9999.00-9999.00-9999.00-9999.00-9999.00-9999.00-9999.00-9999.00-9999.00-9999.00-9999.00-9999.00-9999.00 76.11
73.02 71.50 135.78 78.32 0.00 76.96 354.33 0.00 386.06 381.53 382.31 366.36 387.61 117.95 75.37 377.20 75.60-9999.00-9999.00-9999.00-9999.00-9999.00-9999.00 -9999.00-9999.00-9999.00-9999.00-9999.00-9999.00-9999.00-9999.00-9999.00-9999.00-9999.00 74.31 108.04 187.12 378.62 79.13 77.46 75.73 0.00 242.00 107.70 71.88 77.20 377.77 80.23 381.10 243.21 169.25 85.73 75.12 226.24 78.47 119.80-9999.00-9999.00-9999.00-9999.00-9999.00 83.14 72.48 135.59 88.29 176.99 85.78 378.85 185.14-9999.00-9999.00-9999.00-9999.00-9999.00 82.02 244.98 367.18 85.10 77.28 405.44 72.80 86.26 76.38 375.97 79.11 78.32 163.68
323.51 75.60 343.68 82.59 375.59 199.67 74.93 71.48 329.01 74.73 138.84 0.00 176.17 74.00 83.74 79.36 164.08 0.00 0.00 374.36 275.48 250.87 86.48 74.53 137.46 376.77 255.38 383.15 73.69 92.05 0.00 126.97 71.67 85.26 72.59 376.13 74.93 0.00 281.21 127.62 71.40 79.21 88.63 73.40 86.52 81.47 113.65 340.27 375.30 402.39 380.35 72.91 99.19 71.67 209.93 301.44 379.69 380.64 82.59 197.11 0.00
130.12 375.90 0.00 72.17 126.96 172.00 74.93 72.80 121.86 381.77 73.14 82.81 113.89 81.19 80.95 168.31 113.08 73.27 108.93 380.56 84.58 80.73 77.96 142.38 385.50 129.24 73.40 114.81 376.85 163.34 378.90 71.91 133.65 77.96 156.91 238.11 94.35 81.57 79.68 109.97 88.29 81.71 71.67 78.62 74.73 411.23 0.00 79.99 216.17 119.40 90.86 86.80 378.13 92.05 116.36 96.40 361.86 76.11-9999.00-9999.00-9999.00-9999.00-9999.00-9999.00-9999.00-9999.00-9999.00 -9999.00-9999.00-9999.00-9999.00-9999.00 177.24 72.48
79.26 133.57 114.07 80.46 385.53 226.16 72.50 87.96 88.98 71.38 81.57 79.54 125.83 234.05 0.00 72.25 82.98 83.74 76.96 315.86 73.84 71.63 78.66 72.33 84.15 76.38 80.32 156.82 72.25 215.90 378.89 375.94 73.02 71.97 75.85 378.05 72.69 73.54 281.65 0.00 336.04 374.57 217.61 96.83 0.00 383.92 384.61 381.04 380.78 219.72 74.35 77.96 93.79-9999.00-9999.00-9999.00-9999.00-9999.00-9999.00-9999.00-9999.00-9999.00 -9999.00-9999.00 71.09 373.87 375.38 72.32 376.11 331.93 160.01
73.40 155.32 187.02 362.55 381.27 0.00 119.65 89.76 377.54 378.29 188.06 83.80 221.42 375.63 87.35 102.66 0.00 76.38 127.82 73.27 82.98 77.96 75.85 377.13 72.41 74.73 109.10 377.19 71.56 71.48 171.61 79.26 74.35 78.99 81.31 78.99 81.85 128.64 0.00 101.78 0.00 0.00 0.00 387.17 245.68 242.12 116.10 108.01 116.69 177.02 92.33 89.71 138.35 126.24 75.14 375.80 73.14-9999.00-9999.00-9999.00-9999.00-9999.00-9999.00 -9999.00-9999.00-9999.00-9999.00-9999.00 83.60 78.83 70.74
0.00 74.00 199.63 111.66 146.75 73.14 73.02 81.47 126.40 73.14 108.77 0.00 352.17 109.14 75.14 77.96 129.36 380.43 72.91 228.32 86.79 74.35 120.60 75.60 386.81 79.54 151.12 71.63 71.59 127.67 75.60 371.23 0.00 111.39 386.23 382.13 382.36 384.01 380.74 382.50 386.20 379.45 233.34 230.07 86.96 92.08 73.40 73.40 375.90 76.66 89.76-9999.00-9999.00-9999.00-9999.00-9999.00-9999.00-9999.00 -9999.00-9999.00-9999.00-9999.00-9999.00-9999.00-9999.00-9999.00 70.14 107.80 0.00 253.24 127.02 70.91 70.43 384.51 0.00
113.76 83.16 75.37 0.00 377.76 218.95 112.58 81.47 79.48 79.21 74.53 118.38 0.00 381.81 377.69 360.72 149.98 117.66 71.67 81.44 79.54 79.99 375.52 118.78 73.02 71.38 87.07 95.92-9999.00-9999.00-9999.00-9999.00-9999.00-9999.00-9999.00-9999.00-9999.00 -9999.00-9999.00-9999.00-9999.00-9999.00-9999.00-9999.00-9999.00-9999.00 70.14 110.70 0.00 75.42 74.31 0.00 74.31 179.89 107.50 69.99 81.00 118.72 70.36 376.83 79.35 81.52 76.98 77.05 70.67 391.79 0.00 375.70 70.22 78.24 136.52 152.56 77.54 72.32 84.35 78.31 265.73 192.61
348.53 79.11-9999.00-9999.00-9999.00-9999.00-9999.00-9999.00-9999.00-9999.00 -9999.00-9999.00-9999.00-9999.00-9999.00-9999.00-9999.00-9999.00-9999.00-9999.00 71.29 121.92 127.72 0.00 149.58 70.82 74.84 83.37 70.99 143.47 379.23 79.96 83.60 79.02 77.13 128.40 0.00 133.29 347.70 72.02 119.69 73.20 74.07 76.40 395.55 144.35 73.61 77.96 74.31 73.00 167.26 262.14 82.08 310.49 88.93 170.22 83.60 87.00 80.95 93.68 124.03 243.69 80.09 77.15 70.74 375.07 378.78 0.00 70.60 88.29 376.25 330.46 72.50 142.58 100.09 78.55 78.99 73.54
74.57 142.57 81.16 70.31 378.39 0.00 71.88 355.06 178.51 86.38 73.40 375.23 342.73 78.47 175.16 78.31 71.88 296.85 375.64 73.61 0.00 378.32 206.62 155.02 114.17 85.78 80.84 73.02 192.84 72.03 123.94 72.33 228.21 0.00 285.13 141.50 73.54 78.32 128.11 384.41 241.75 375.13 111.35 76.38 91.11 73.27 350.93 378.27 283.10 80.23 77.96 71.46 111.41 376.51 80.95 0.00 372.18 268.62 119.87 72.50 71.86
148.15 366.81 133.22 73.31 84.58 72.33 373.17 0.00 71.86 73.54 376.05 288.48 129.42 80.46 82.15 114.94 71.53 71.38 394.30 73.27 82.00 72.33 0.00 148.44 112.88 71.41 80.52 113.45 81.07 76.66 380.69 77.96 71.38 187.59 296.32 408.93 75.60 379.38 95.92 339.30 377.71 379.00 377.90 376.49 380.52 0.00 378.59 377.41 302.68 383.45 377.04 313.19 75.98 80.64 134.03 128.37 72.69 374.52 390.39 194.57 72.69
378.26 0.00 375.85 380.77 369.69 378.24 96.12 186.51 78.43 97.12 172.35 104.47 350.89 93.23 380.87 383.02 359.39 115.86 71.53 85.50-9999.00-9999.00-9999.00-9999.00-9999.00-9999.00-9999.00-9999.00-9999.00-9999.00-9999.00-9999.00-9999.00-9999.00 -9999.00-9999.00-9999.00-9999.00-9999.00-9999.00-9999.00-9999.00-9999.00 72.32 176.47 79.35 81.34 330.53 370.03 92.81 377.33 91.53 80.45 82.49 84.84 0.00 76.76 82.70 376.79 71.75 80.09 70.10 134.37 94.78 0.00 79.96 80.52 379.72 79.83 78.73 88.10 74.07 106.75 0.00 74.31 122.96 70.14 70.47 77.31 72.32 0.00 74.57 401.49
127.58 70.41 73.83 117.29 72.65 0.00 376.66 376.40 269.78 114.28 72.65 77.79 77.63 70.41 241.08 0.00 80.95 71.39 0.00 149.19 69.90 69.89 77.05 79.13 70.80 353.17 76.76 168.67 111.02 88.29 151.67 376.35 82.81 133.74 376.46 0.00 379.26 217.71 81.27 92.11 96.56 378.85 88.85 377.86 88.53 103.71 387.86 363.50 122.83 81.45 93.16 80.42 81.07 71.91 378.80 99.42 88.98 82.64 79.11 85.75 72.33
81.71 87.65 93.33 0.00 96.83 0.00 377.33 174.96 375.96 376.03 359.52 178.65 108.33 72.10 87.07 82.81 75.14 378.06 76.96 205.42 80.42 158.48 131.69 89.36-9999.00-9999.00-9999.00-9999.00-9999.00-9999.00-9999.00-9999.00-9999.00-9999.00-9999.00-9999.00-9999.00-9999.00 -9999.00-9999.00-9999.00-9999.00-9999.00-9999.00-9999.00-9999.00-9999.00-9999.00-9999.00-9999.00-9999.00-9999.00-9999.00-9999.00-9999.00 94.07 367.52 380.06 378.65 70.26 129.75 224.19 375.76 0.00 71.75 78.73 74.07 376.96 79.28 71.09 109.54 170.71 0.00 99.96 294.40 70.82 70.14 123.76 0.00 112.65 71.29 81.52 108.90 0.00 72.65 79.58 376.50 83.14 166.68 73.61 70.60
382.28 375.95 130.27 78.32 81.07 115.58 83.94 76.96 0.00 0.00 0.00 0.00 380.93 380.95 173.77 79.99 82.15 86.52 84.80 73.14 126.61 368.89 405.74 382.30 142.56 78.95 71.86 71.97 0.00 99.42 266.75 133.72 379.86 375.30 79.23 83.88 79.03 79.11 79.98 75.60 79.82 83.35 112.75 176.93 76.66-9999.00-9999.00-9999.00-9999.00-9999.00-9999.00-9999.00-9999.00-9999.00-9999.00-9999.00-9999.00-9999.00-9999.00-9999.00-9999.00-9999.00-9999.00 -9999.00-9999.00-9999.00-9999.00-9999.00-9999.00-9999.00-9999.00-9999.00-9999.00-9999.00-9999.00-9999.00-9999.00-9999.00-9999.00-9999.00 349.77 95.32 80.95 86.03 75.12 377.04 378.04 0.00 128.60 314.18 138.45 70.60 77.96 306.42 118.08
179.08 87.35 72.48 116.08 386.83 77.96 0.00 95.77 111.39 326.97 381.13 240.38 0.00 76.66 86.00 72.10 79.68 95.42 363.42 113.84 72.69 73.14 71.91 86.26 79.99 115.98 142.17 74.53 71.76 113.19 276.32 376.12 71.63 82.15 73.54 120.54 0.00 177.34 234.66 383.74 73.02 174.82 112.04 79.11 74.17 357.55 235.46 81.71 125.50 125.96 83.94-9999.00-9999.00-9999.00-9999.00-9999.00-9999.00-9999.00-9999.00-9999.00-9999.00-9999.00-9999.00-9999.00-9999.00-9999.00-9999.00-9999.00-9999.00-9999.00-9999.00 -9999.00-9999.00-9999.00-9999.00-9999.00-9999.00-9999.00-9999.00-9999.00-9999.00-9999.00-9999.00-9999.00-9999.00-9999.00-9999.00-9999.00-9999.00-9999.00 203.27 120.59 78.40 156.24 316.32 388.72 90.28 95.86 169.18
353.55 109.70 91.09 110.69 88.53 113.90 195.14 79.99 197.25 72.17 82.81 81.47 401.51 71.46 79.54 72.80 121.04 73.69 85.10 208.07 312.94 73.54 83.94 72.91 108.57 378.82 72.33 71.86 339.01 0.00 210.28 85.78 0.00 302.59 239.53 267.92 71.56 121.66 208.71 109.23 72.59 109.39 208.02 74.17 77.96-9999.00-9999.00-9999.00-9999.00-9999.00-9999.00-9999.00-9999.00-9999.00-9999.00-9999.00-9999.00-9999.00-9999.00-9999.00-9999.00-9999.00-9999.00-9999.00 -9999.00-9999.00-9999.00-9999.00-9999.00-9999.00-9999.00-9999.00-9999.00-9999.00-9999.00-9999.00-9999.00-9999.00-9999.00-9999.00-9999.00-9999.00-9999.00-9999.00 97.91 205.25 75.42 88.93 80.95 83.14 74.07 80.68 78.56 70.26 385.30 120.93 77.74 77.31 80.23
130.70 72.50 99.42 158.96 377.37 154.17 73.14 72.41 108.24 0.00 376.15 346.61 137.82 74.93 94.41 222.18 183.33 0.00 109.71 123.28 154.23 111.68 72.50 72.10 375.49 380.33 71.46 72.91 154.28 74.93-9999.00-9999.00-9999.00-9999.00-9999.00-9999.00-9999.00-9999.00-9999.00-9999.00-9999.00-9999.00-9999.00-9999.00-9999.00-9999.00-9999.00-9999.00 -9999.00-9999.00-9999.00-9999.00-9999.00-9999.00-9999.00-9999.00-9999.00-9999.00-9999.00-9999.00-9999.00-9999.00-9999.00-9999.00-9999.00-9999.00-9999.00-9999.00-9999.00-9999.00-9999.00-9999.00-9999.00 87.22 193.02 376.92 69.89 382.28 116.21 81.16 85.15 124.41 73.00 139.46 82.28 78.40 322.80 71.51 0.00 170.18 73.20 176.88 217.22 159.58 81.53 377.77 245.60 82.78 77.96 76.06 383.38 381.85 377.32
0.00 376.49 377.93 333.23 118.16 71.50 130.49 76.38 120.30 119.56-9999.00-9999.00-9999.00-9999.00-9999.00-9999.00-9999.00-9999.00-9999.00-9999.00-9999.00-9999.00-9999.00-9999.00-9999.00-9999.00-9999.00-9999.00-9999.00 -9999.00-9999.00-9999.00-9999.00-9999.00-9999.00-9999.00-9999.00-9999.00-9999.00-9999.00-9999.00-9999.00-9999.00-9999.00-9999.00-9999.00-9999.00-9999.00-9999.00-9999.00 74.84 76.76 329.64 91.51 75.73 76.76 89.38 72.32 75.73 149.45 164.32 0.00 151.32 76.06 72.65 0.00 363.30 103.13 359.25 117.12 72.48 88.93 91.97 75.42 84.61 86.38 85.44 80.95 99.49 84.09 176.81 154.32 385.81 103.13 104.02 81.53 0.00 323.61 0.00 0.00 0.00 0.00 0.00 379.29 377.13 375.86 82.78 122.53 89.86 81.53
93.23-9999.00-9999.00-9999.00-9999.00-9999.00-9999.00-9999.00-9999.00-9999.00-9999.00-9999.00-9999.00-9999.00-9999.00-9999.00-9999.00-9999.00-9999.00-9999.00-9999.00-9999.00-9999.00 -9999.00-9999.00-9999.00-9999.00-9999.00-9999.00-9999.00-9999.00-9999.00-9999.00-9999.00-9999.00-9999.00-9999.00-9999.00-9999.00-9999.00 317.02 73.00 72.48 252.74 84.13 98.51 80.83 94.78 82.49 70.53 0.00 72.02 72.32 71.75 79.02 71.63 81.53 169.26 376.93 161.03 377.31 0.00 180.81 211.72 375.10 375.84 376.49 296.76 81.53 325.15 75.42 82.14 107.90 91.51 139.24 75.73 244.08 239.81 358.33 107.90 385.36 385.63 0.00 376.53 102.11 277.27 80.39 95.86 187.35 75.42 376.90 261.83 216.72 88.10 75.12 85.44 98.51 94.07 86.38
87.22 297.25 376.09 103.13 376.31 286.82 0.00 386.94 246.54 376.51 376.12 376.94 242.75 375.95 163.68 379.72 378.74 384.69 377.22 243.23 182.13 83.44 84.13 375.15 194.79 214.67 379.57 281.01 88.13 98.00 375.89 0.00 0.00 0.00 0.00 0.00 0.00 306.75 385.87 267.24 376.71 377.17 0.00 0.00 214.53 194.56 376.02 375.27 0.00 357.85 375.01 233.16 0.00 132.16 375.50 76.94 158.23 385.97 381.86 375.40 71.63
137.85 133.24 78.29 70.13 243.62 335.82 382.70 0.00 79.99 183.92 83.35 94.70 382.49 125.91 71.71 80.14 78.82 71.38 108.42 230.78 375.53 71.59 81.31 91.61 249.35 78.32 91.11 91.61 75.37 87.65 86.52-9999.00-9999.00-9999.00-9999.00-9999.00-9999.00-9999.00-9999.00-9999.00-9999.00-9999.00-9999.00-9999.00-9999.00-9999.00-9999.00-9999.00-9999.00-9999.00-9999.00-9999.00-9999.00 -9999.00-9999.00-9999.00-9999.00-9999.00-9999.00-9999.00-9999.00-9999.00-9999.00-9999.00-9999.00-9999.00-9999.00-9999.00-9999.00-9999.00-9999.00-9999.00-9999.00-9999.00-9999.00-9999.00-9999.00-9999.00-9999.00-9999.00-9999.00-9999.00-9999.00-9999.00 74.57 376.59 376.28 98.51 123.42 194.79 194.79 204.41 233.16 323.61 369.73 364.08 0.00 326.09 378.39 348.52 92.05 92.35 92.05 0.00 210.48 388.39 375.41 368.43 127.03 76.40 130.08 203.06 74.31
119.36 375.17 375.55 319.19 82.63 97.77 388.00 411.55 414.61 292.86 252.22 0.00 248.25 376.16 0.00 153.03 220.83 375.18 375.34 385.79 326.28 375.14 140.82 375.47 105.17 329.61 375.68 105.82 133.27 74.04 381.37 375.30 79.70 73.51 82.05 382.31 333.18 302.60 70.33 358.66 79.59 147.29 249.62 376.86 86.20 356.50 86.26 362.94 120.76 91.11 377.24 91.11 378.57 88.63 306.95-9999.00-9999.00-9999.00-9999.00-9999.00-9999.00-9999.00-9999.00-9999.00-9999.00-9999.00-9999.00-9999.00-9999.00-9999.00-9999.00-9999.00-9999.00-9999.00-9999.00-9999.00 -9999.00-9999.00-9999.00-9999.00-9999.00-9999.00-9999.00-9999.00-9999.00-9999.00-9999.00-9999.00-9999.00-9999.00-9999.00-9999.00-9999.00-9999.00-9999.00-9999.00-9999.00-9999.00-9999.00-9999.00-9999.00-9999.00-9999.00-9999.00-9999.00-9999.00-9999.00-9999.00-9999.00 82.97 206.64 377.40 175.13 376.32
102.91 131.22 150.07 84.16 123.44 104.84 132.14 289.91 79.88 70.96 81.09 81.64 82.55 76.04 375.12 0.00 375.51 377.52 99.91 79.03 378.23 0.00 378.34 375.12 336.98 189.22 114.66 375.64 361.67 172.86 121.69 71.31 73.79 71.71 70.66 77.32 227.32 73.33 92.50 0.00 0.00 103.98 249.62 150.19 76.14 76.88 0.00 0.00 0.00 78.13 80.13 85.43 87.22 137.85-9999.00-9999.00-9999.00-9999.00-9999.00-9999.00-9999.00-9999.00-9999.00-9999.00-9999.00-9999.00-9999.00-9999.00-9999.00-9999.00-9999.00-9999.00-9999.00-9999.00-9999.00-9999.00-9999.00 -9999.00-9999.00-9999.00-9999.00-9999.00-9999.00-9999.00-9999.00-9999.00-9999.00-9999.00-9999.00-9999.00-9999.00-9999.00-9999.00-9999.00-9999.00-9999.00-9999.00-9999.00-9999.00-9999.00-9999.00-9999.00-9999.00-9999.00-9999.00-9999.00-9999.00-9999.00-9999.00-9999.00-9999.00-9999.00-9999.00-9999.00-9999.00-9999.00 220.83 268.64 268.64 199.93 375.25 375.28
80.63 92.72-9999.00-9999.00-9999.00-9999.00-9999.00-9999.00-9999.00-9999.00-9999.00-9999.00-9999.00-9999.00-9999.00-9999.00-9999.00-9999.00-9999.00-9999.00 -9999.00-9999.00-9999.00-9999.00-9999.00-9999.00-9999.00-9999.00-9999.00-9999.00-9999.00-9999.00-9999.00-9999.00-9999.00-9999.00-9999.00-9999.00-9999.00-9999.00-9999.00-9999.00-9999.00-9999.00-9999.00-9999.00-9999.00-9999.00-9999.00-9999.00-9999.00-9999.00-9999.00-9999.00-9999.00-9999.00-9999.00-9999.00-9999.00-9999.00-9999.00-9999.00-9999.00-9999.00-9999.00-9999.00-9999.00-9999.00 375.47 375.00 0.00 293.94 375.11 375.64 328.27 0.00 375.00 268.64 350.83 378.88 323.43 375.36 293.93 377.58 0.00 293.93 375.00 293.93 0.00 293.93 375.00 293.93 0.00 293.93 375.04 375.00 293.93 328.28 375.51 311.76 359.52 0.00 328.27 376.42 272.79 375.63 375.27 0.00 0.00 0.00 0.00 375.22 99.91 126.03 379.38 376.27 342.11 328.60 75.46 376.79 377.70 114.67 81.84 74.85 353.36 382.46
378.65 77.49 81.60 93.98 94.73-9999.00-9999.00-9999.00-9999.00-9999.00-9999.00-9999.00-9999.00-9999.00-9999.00-9999.00-9999.00-9999.00-9999.00-9999.00-9999.00-9999.00-9999.00 -9999.00-9999.00-9999.00-9999.00-9999.00-9999.00-9999.00-9999.00-9999.00-9999.00-9999.00-9999.00-9999.00-9999.00-9999.00-9999.00-9999.00-9999.00-9999.00-9999.00-9999.00-9999.00-9999.00-9999.00-9999.00-9999.00-9999.00-9999.00-9999.00-9999.00-9999.00-9999.00-9999.00-9999.00-9999.00-9999.00-9999.00-9999.00-9999.00-9999.00-9999.00-9999.00-9999.00-9999.00-9999.00-9999.00-9999.00-9999.00-9999.00-9999.00-9999.00-9999.00-9999.00-9999.00 0.00 350.85 319.76 376.02 375.18 323.29 376.01 333.81 293.93 0.00 0.00 375.38 0.00 293.93 375.34 293.94 375.00 293.94 375.71 293.94 375.31 323.29 375.00 0.00 375.04 375.00 0.00 293.94 375.97 220.77 375.51 182.21 375.41 233.36 84.06 121.66 375.53 83.33 72.35 69.66 79.43 72.72 376.05 375.60 128.21 70.76 0.00 287.90 71.44 72.18 80.13 355.02 76.88 86.20 381.14
