蒙特卡罗+CDRMV3/输出数据/2D水深分布/WaterDepthGIS_0153.ASC
ncols         539            
nrows         744            
xllcorner     602630.84259341
yllcorner     3914823.670891 
cellsize      50             
NODATA_value  -9999.00       
[rows 0 to 26 of 32, columns 305 to 365 of 539]
88.77 80.29 82.72 81.88 74.52 133.52 74.85 74.05 135.61 79.33 0.00 77.77 82.12 189.24 121.73 232.01 170.43 75.39-9999.00-9999.00-9999.00-9999.00-9999.00-9999.00-9999.00-9999.00-9999.00-9999.00-9999.00-9999.00 -9999.00-9999.00-9999.00-9999.00-9999.00-9999.00-9999.00-9999.00-9999.00-9999.00-9999.00-9999.00 87.90 75.30 281.31 86.59 142.71 0.00 79.18 362.49 90.59 166.98 102.40-9999.00-9999.00-9999.00-9999.00-9999.00-9999.00-9999.00-9999.00-9999.00-9999.00-9999.00-9999.00-9999.00-9999.00-9999.00-9999.00-9999.00-9999.00-9999.00-9999.00-9999.00-9999.00-9999.00-9999.00-9999.00-9999.00-9999.00-9999.00-9999.00-9999.00-9999.00-9999.00-9999.00-9999.00-9999.00-9999.00-9999.00-9999.00-9999.00-9999.00-9999.00-9999.00-9999.00-9999.00-9999.00-9999.00-9999.00-9999.00-9999.00-9999.00-9999.00-9999.00-9999.00-9999.00-9999.00-9999.00-9999.00-9999.00-9999.00-9999.00-9999.00-9999.00-9999.00-9999.00-9999.00-9999.00-9999.00-9999.00-9999.00-9999.00-9999.00-9999.00-9999.00-9999.00-9999.00-9999.00-9999.00-9999.00-9999.00-9999.00-9999.00-9999.00-9999.00-9999.00-9999.00-9999.00-9999.00 127.43 310.83 176.65 152.32 83.85 82.21 380.69 138.66 230.03 375.98 256.48 128.19 76.29 85.12 76.29 0.00 377.39 170.76 84.96 156.61 378.38 74.42 82.16 77.15-9999.00-9999.00-9999.00-9999.00-9999.00-9999.00-9999.00-9999.00-9999.00-9999.00-9999.00 -9999.00-9999.00-9999.00-9999.00-9999.00-9999.00-9999.00-9999.00-9999.00-9999.00-9999.00-9999.00-9999.00 91.75 118.14 84.23 133.07 125.38 0.00
361.25 337.79 0.00 113.40 180.79 73.79 88.42-9999.00-9999.00-9999.00-9999.00-9999.00-9999.00-9999.00-9999.00-9999.00-9999.00-9999.00-9999.00-9999.00-9999.00-9999.00-9999.00-9999.00-9999.00-9999.00-9999.00-9999.00-9999.00-9999.00-9999.00-9999.00-9999.00-9999.00-9999.00-9999.00-9999.00-9999.00-9999.00-9999.00-9999.00-9999.00-9999.00-9999.00-9999.00-9999.00-9999.00 101.34 380.15 84.07 285.01 103.95-9999.00-9999.00 81.79 78.24 85.40 78.50 77.55 375.97 425.12 79.04 95.49 75.39 199.56 78.50 86.05 76.29 84.96-9999.00-9999.00-9999.00 76.29 169.50 74.58 144.20 75.10 78.00 74.15 382.63 83.58 0.00 0.00 0.00 79.04 75.01 375.47 377.99 144.06 75.74 75.62 89.53 369.61 380.04 138.68 130.01 74.42 74.52 79.96 0.00 78.00 83.54 156.53 77.77 376.36 193.37
146.68 74.42 74.05 82.72 77.15 0.00 123.92 74.52 74.71 378.29 0.00 86.83 94.31 0.00 369.38 86.83 91.49 97.27 81.79 148.71 78.00 82.65 174.28-9999.00-9999.00-9999.00-9999.00-9999.00-9999.00 -9999.00-9999.00-9999.00-9999.00-9999.00-9999.00-9999.00-9999.00-9999.00-9999.00-9999.00 74.81 130.68 84.68 74.70 379.27 378.88 0.00 293.72 113.51 150.23 74.41 81.76 78.57 380.70 127.44 378.19 76.43 378.15 92.17 78.29 172.65-9999.00-9999.00-9999.00-9999.00-9999.00-9999.00-9999.00 86.31 78.24 89.82 79.96 89.53 78.00 81.01-9999.00-9999.00-9999.00-9999.00-9999.00-9999.00 79.33 190.81 96.40 87.58 327.27 375.47 85.12 85.88 205.34
82.65 376.41 77.35 119.82 377.19 85.12 386.03 114.75 84.96 366.78 76.14 157.01 378.58 79.33 0.00 78.50 84.30 98.60 384.07 89.26 83.64 133.57 86.78 377.68 84.18 80.29 0.00 158.92 74.64 93.19 133.19 322.72 75.39 0.00 89.53 85.72 176.77 74.04 90.77 82.79 74.71 372.61 279.23 76.78 260.05 74.64 76.96 76.61 89.26 165.91 76.96 231.81 75.19 118.23 133.20 84.43 76.00 117.13 230.89 88.77 0.00
232.51 75.29 84.07 352.56 320.79 74.25 76.14 75.01 376.38 81.79 77.15 82.79 74.03 381.66 92.71 74.42 365.07 221.23 387.59 85.67 93.61 399.98 74.85 85.56 378.81 76.00 323.90 75.62 74.93 379.86 81.39 83.26 84.43 74.03 149.22 262.07 376.68 376.88 81.79 388.29 381.28 0.00 81.39 90.12 361.77 76.44 148.93 215.46 378.54 327.55 129.76-9999.00-9999.00-9999.00-9999.00-9999.00-9999.00-9999.00-9999.00-9999.00-9999.00 -9999.00-9999.00-9999.00-9999.00-9999.00-9999.00-9999.00-9999.00 375.75 93.55 76.07 88.70 376.02 377.20 78.02 82.26 95.02
375.43 0.00 113.84 83.10 76.44 382.34 94.31 260.93 170.06 83.44 118.48 90.12 196.99 84.82 83.44 82.79 74.25 140.97 184.65 380.01 379.63 380.88 380.25 0.00 0.00 0.00 0.00 95.42 365.38 113.37 0.00 92.13 282.71 83.58 93.15 111.80 341.07 82.21 364.70 80.29-9999.00-9999.00-9999.00-9999.00-9999.00-9999.00-9999.00-9999.00-9999.00 -9999.00-9999.00 83.82 77.76 81.39 92.17 276.96 369.49 76.25 83.32 82.26 379.81 113.67 80.59 126.91 339.06 81.70 81.15 73.54 117.38 0.00 78.57
115.80 74.12 229.92 0.00 366.85 195.28 141.57 74.85 80.64 377.25 74.77 82.36 74.06 161.69 238.86 84.55 82.93 133.78 82.93 133.64 75.86 121.50 74.37 137.52 74.10 138.99 0.00 107.85 153.69 379.41 375.19 364.17 105.51 362.45 101.34 377.76 75.50 94.35 75.01 85.50 379.40 395.83 76.00 93.61-9999.00-9999.00-9999.00-9999.00-9999.00-9999.00 -9999.00-9999.00-9999.00-9999.00-9999.00 86.59 150.04 265.05 387.86 378.33 75.90 135.96 376.20 280.23 83.56 78.57 80.59 379.61 74.92 0.00 74.60
75.62 0.00 119.55 165.55 74.42 84.07 74.19 380.06 117.07 76.96 131.16 74.19 112.71 385.50 94.31 185.42 74.93 82.93 75.10 113.24 377.70 78.24 0.00 0.00 240.32 85.67 378.03 376.81 246.28 115.80 91.88 115.93 98.83 96.71 93.62 84.19 378.96 378.13 341.94 166.05 79.96-9999.00-9999.00-9999.00-9999.00-9999.00-9999.00-9999.00 -9999.00-9999.00-9999.00-9999.00-9999.00-9999.00-9999.00 80.98 124.67 158.59 0.00 116.37 81.19 73.36 148.85 73.41 324.20 0.00 147.06 372.00 185.43 153.33 76.25 185.51 373.04 86.59
135.59 81.39 74.05 136.14 322.30 84.07 0.00 96.48 379.00 378.57 376.32 322.62 182.78 187.39 83.83 358.40 88.49 85.72 74.58 157.03 226.31 79.64-9999.00-9999.00-9999.00-9999.00-9999.00-9999.00-9999.00-9999.00-9999.00 -9999.00-9999.00-9999.00-9999.00-9999.00-9999.00-9999.00-9999.00-9999.00 74.92 140.42 0.00 87.90 81.30 76.43 0.00 114.38 73.40 83.56 83.44 75.90 74.70 395.29 130.78 87.93 74.24 111.06 376.09 121.40 74.92 0.00 115.00 74.60 375.63 156.42 74.03 133.83 74.70 121.96 112.22 0.00 0.00 164.48 74.09 381.07 409.21 386.85
0.00 85.37 341.74 375.74 74.60 75.74 326.05 381.12 117.04 80.98 77.27 128.43 262.40 118.99 0.00 265.73 225.46 73.36 73.70 131.02 78.29 83.44 323.94 114.55 91.20 85.97 85.53 93.07 78.57 197.30 145.02 376.44 85.37 99.06 87.93 96.00 93.07 85.53 76.63 206.29 209.31 376.20 317.19 73.70 0.00 380.49 382.42 380.44 74.03 88.74 83.18 88.74 74.12 129.97 376.29 77.35 0.00 150.38 75.50 76.29 84.07
118.86 382.41 75.90 85.72 134.75 79.18 216.14 377.16 88.42 131.54 76.83 297.31 128.25 73.44 130.80 91.20 0.00 204.95 117.36 75.86 91.16 79.33 83.18 129.60 84.68 75.01 113.87 227.23 0.00 75.74 85.72 87.37 101.24 82.21 379.64 89.82 88.77 85.25 89.53 93.19 375.90 83.64 74.06 168.79 82.86 76.78 136.25 289.79 77.55 187.45 0.00 306.92 215.60 142.03 77.15 138.02 82.59 155.59 81.01 115.82 377.81
130.18 81.39 0.00 87.17 84.68 258.27 79.04 335.68 83.10 86.59 82.16 76.61 76.61 410.31 84.07 75.74 120.60 0.00 336.27 113.01 74.71 82.31 74.12 76.29 182.59 307.04 84.68 83.09 134.52 120.92 379.74 79.33 378.09 225.51 88.09 379.08 378.65 323.67 215.46 197.32 0.00 387.74 383.87 382.93 359.55 366.45 108.51 376.00 379.84 380.55 375.32 375.45 85.35 88.93 93.53 83.55 258.14 122.03 74.77 161.88 85.72
375.78 378.13 222.03 126.77 376.60 134.74 376.14 375.76 379.56 272.97 89.50 359.19 160.61 206.82 379.22 376.82 159.17 138.82 75.01-9999.00-9999.00-9999.00-9999.00-9999.00-9999.00-9999.00-9999.00-9999.00-9999.00-9999.00-9999.00-9999.00 -9999.00-9999.00-9999.00-9999.00-9999.00-9999.00-9999.00-9999.00-9999.00 83.95 80.90 328.68 75.30 380.35 377.08 77.76 379.21 73.45 138.82 76.83 0.00 378.56 0.00 262.96 127.01 75.90 87.08 133.49 164.19 0.00 168.79 74.60 83.69 184.34 383.19 157.99 141.22 75.59 73.35 0.00 376.21 170.64 113.67 80.59 74.50 379.44 377.20 85.35 73.36 381.68
78.57 81.06 81.95 96.74 93.19 81.62 0.00 122.29 80.59 89.28 137.98 79.85 74.03 132.75 171.64 289.40 0.00 82.26 74.60 130.67 0.00 73.65 81.26 73.54 81.95 82.47 78.52 86.95 73.42 74.42 136.81 82.08 75.10 84.07 86.78 88.77 0.00 0.00 0.00 289.84 83.47 81.52 375.99 375.90 138.24 354.32 376.65 87.34 85.40 122.77 378.43 170.87 74.12 78.24 190.95 377.21 354.39 85.67 76.00 375.39 87.58
384.29 150.08 84.68 77.15 199.60 371.86 85.12 375.81 0.00 0.00 230.51 376.53 84.51 103.52 77.12 84.82 130.36 127.12 75.50 89.53 83.09 355.72 84.30 376.28 80.64 76.78 379.23 121.33 86.40-9999.00-9999.00-9999.00-9999.00-9999.00-9999.00-9999.00-9999.00-9999.00-9999.00-9999.00-9999.00-9999.00-9999.00 -9999.00-9999.00-9999.00-9999.00-9999.00-9999.00-9999.00-9999.00-9999.00-9999.00-9999.00-9999.00-9999.00-9999.00-9999.00 91.20 87.93 360.16 101.33 93.55 89.44 289.70 376.36 379.00 0.00 117.79 73.96 73.39 111.20 357.95 82.50 75.74 111.91 182.81 0.00 133.72 82.72 81.19 73.49 157.51 0.00 198.37 73.58 85.53 73.74 0.00
194.71 85.37 82.59 113.89 76.44 289.59 96.84 92.28 94.31 93.61 75.50 382.84 81.39 376.76 274.23 76.78 81.39 76.78 353.34 268.09 119.99 75.86 117.06 377.00 88.74 382.79 359.77 131.81 143.10 79.33 88.49 82.12 74.04 75.62 174.01 388.96 82.21 75.19 74.06 159.11 0.00 0.00 387.38 83.58 81.84 91.59 379.75 154.98 112.22 74.33 74.64 113.86 74.71 367.98 130.83 77.15-9999.00-9999.00-9999.00-9999.00-9999.00-9999.00-9999.00-9999.00-9999.00-9999.00-9999.00-9999.00-9999.00-9999.00-9999.00-9999.00-9999.00-9999.00 -9999.00-9999.00-9999.00-9999.00-9999.00-9999.00-9999.00-9999.00-9999.00-9999.00-9999.00-9999.00-9999.00-9999.00-9999.00-9999.00-9999.00 83.72 84.24 96.71 115.85
377.58 100.45 83.06 0.00 0.00 0.00 101.24 321.02 91.43 166.14 78.85 379.07 376.29 376.07 76.25 118.74 92.17 73.51 313.53 378.86 93.61 190.33 391.25 82.65 90.29 376.57 81.39 84.07 0.00 92.13 381.27 321.19 302.35 139.66 76.61 83.64 84.07 164.29 83.35 237.12 376.04 337.00 121.75 75.19 90.44 151.51 75.10 74.25 128.91 78.00 0.00 83.58 173.90 279.90 100.39 382.54 76.61 83.35 94.07 384.38 378.99
79.18 126.46 376.92 80.59 378.76 378.61 0.00 380.10 87.25 362.08 375.96 83.21 388.70 0.00 80.98 79.18 86.83 141.68 368.17 91.16 389.44 383.46 391.09 384.82 379.69 116.68 82.41 84.43 79.96 381.50 76.78 360.08 74.71 81.69 87.58 253.75 77.55 75.74 129.17 313.76 377.20 106.97 86.83 82.47 75.01 113.37 0.00 0.00 364.79 316.01 338.95 229.35 125.66 74.52 81.97 124.08 86.05 74.07 113.61 89.82-9999.00-9999.00-9999.00-9999.00-9999.00-9999.00-9999.00-9999.00-9999.00-9999.00-9999.00-9999.00-9999.00-9999.00-9999.00-9999.00-9999.00-9999.00-9999.00-9999.00 -9999.00-9999.00-9999.00-9999.00-9999.00-9999.00-9999.00-9999.00-9999.00-9999.00-9999.00-9999.00-9999.00-9999.00-9999.00-9999.00-9999.00-9999.00-9999.00-9999.00
201.71 382.83 377.98 133.30 177.96 375.47 123.52 197.69 0.00 0.00 0.00 377.99 82.21 0.00 85.12 384.51 77.15 375.72 127.43 74.22 126.40 75.29 127.80 379.12 376.43 79.64 380.67 382.24 0.00 369.89 82.65 325.12 85.12 114.80 0.00 75.62 82.21 86.78 87.37 88.09 127.77 0.00 382.94 76.14 86.40 379.39 240.43 129.17 75.74-9999.00-9999.00-9999.00-9999.00-9999.00-9999.00-9999.00-9999.00-9999.00-9999.00-9999.00-9999.00-9999.00-9999.00-9999.00-9999.00-9999.00 -9999.00-9999.00-9999.00-9999.00-9999.00-9999.00-9999.00-9999.00-9999.00-9999.00-9999.00-9999.00-9999.00-9999.00-9999.00-9999.00-9999.00-9999.00-9999.00-9999.00-9999.00-9999.00-9999.00-9999.00-9999.00 90.96 74.24 193.67 356.31 79.51 421.78 122.32 78.02 75.17 131.77 89.91
83.10 75.50 113.26 364.89 140.45 75.74 74.22 128.64 377.14 0.00 371.61 128.76 81.09 86.78 83.64 83.09 89.82 0.00 117.17 75.50 84.55 376.29 199.13 75.50 76.61 181.45 362.03-9999.00-9999.00-9999.00-9999.00-9999.00-9999.00-9999.00-9999.00-9999.00-9999.00-9999.00-9999.00-9999.00-9999.00-9999.00-9999.00-9999.00-9999.00-9999.00 -9999.00-9999.00-9999.00-9999.00-9999.00-9999.00-9999.00-9999.00-9999.00-9999.00-9999.00-9999.00-9999.00-9999.00-9999.00-9999.00-9999.00-9999.00-9999.00-9999.00-9999.00-9999.00 87.90 87.93 160.95 377.76 94.03 75.90 94.03 84.23 84.68 125.20 76.07 0.00 0.00 0.00 308.13 0.00 156.80 110.46 93.06 126.97 88.98 90.96 157.46 91.20 178.29 90.24 246.19 95.51 90.24 81.81 79.18 393.56 376.80
381.15 378.18 358.46 296.97 87.61 366.69 122.71 75.29 84.07 0.00 75.86 86.22 126.22 87.17 119.60 85.88-9999.00-9999.00-9999.00-9999.00-9999.00-9999.00-9999.00-9999.00-9999.00-9999.00-9999.00-9999.00-9999.00-9999.00-9999.00-9999.00-9999.00-9999.00-9999.00-9999.00-9999.00-9999.00 -9999.00-9999.00-9999.00-9999.00-9999.00-9999.00-9999.00-9999.00-9999.00-9999.00-9999.00-9999.00-9999.00-9999.00-9999.00-9999.00-9999.00 78.02 178.36 83.21 76.43 89.59 82.72 75.04 176.02 128.69 134.95 382.19 0.00 0.00 129.37 73.84 74.70 372.84 76.83 136.82 369.52 376.99 0.00 360.29 98.10 360.60 375.81 110.46 380.65 156.66 89.44 95.59 350.42 378.79 360.22 134.75 85.97 80.98 79.85 103.59 100.45 116.57 376.38 0.00 382.61
385.41 0.00 74.08 79.96 138.20 87.37-9999.00-9999.00-9999.00-9999.00-9999.00-9999.00-9999.00-9999.00-9999.00-9999.00-9999.00-9999.00-9999.00-9999.00-9999.00-9999.00-9999.00-9999.00-9999.00-9999.00-9999.00-9999.00-9999.00-9999.00 -9999.00-9999.00-9999.00-9999.00-9999.00-9999.00-9999.00-9999.00-9999.00-9999.00-9999.00-9999.00-9999.00-9999.00-9999.00-9999.00-9999.00-9999.00-9999.00 85.72 87.93 90.28 382.05 171.04 93.30 90.59 77.51 77.51 126.99 359.99 80.59 384.57 74.33 76.07 78.29 116.65 380.05 0.00 0.00 271.51 375.10 395.27 367.83 375.41 261.68 376.49 211.71 115.45 379.12 376.12 353.38 381.67 83.21 94.03 78.29 82.26 94.45 375.13 375.66 376.26 376.63 144.59 138.78 0.00 376.53 368.04 375.79 364.60 185.17 375.81 378.29 387.04 185.17
306.16 402.71 99.60 206.95 138.78 377.47 375.55 265.18 326.78 377.30 0.00 0.00 381.71 375.18 326.79 376.25 377.78 0.00 319.20 380.32 194.19 386.83 271.51 142.24 375.29 196.83 94.33 139.92 90.59 75.74 76.25 85.04 82.14 134.22 74.95 379.33 0.00 101.24 382.75 380.42 381.29 74.85 82.21 82.93 76.00 75.01 113.96 379.34 367.14 74.14 129.32 127.14 177.30 75.39 138.55 87.17 81.39 353.37 119.80 84.30-9999.00-9999.00-9999.00-9999.00-9999.00-9999.00-9999.00-9999.00-9999.00-9999.00-9999.00-9999.00-9999.00-9999.00-9999.00-9999.00-9999.00-9999.00-9999.00-9999.00-9999.00-9999.00 -9999.00-9999.00-9999.00-9999.00-9999.00-9999.00-9999.00-9999.00-9999.00-9999.00-9999.00-9999.00-9999.00-9999.00-9999.00-9999.00-9999.00-9999.00-9999.00-9999.00-9999.00-9999.00-9999.00-9999.00-9999.00-9999.00-9999.00-9999.00-9999.00-9999.00-9999.00
375.38 375.58 237.49 375.17 237.49 0.00 324.82 375.16 376.16 0.00 262.81 96.35 242.14 106.09 120.97 152.49 375.89 116.71 82.14 362.44 360.04 96.35 78.49 87.60 86.82 98.54 122.70 100.50 119.04 132.26 379.16 376.20 376.53 161.97 295.66 281.24 376.15 376.15 376.15 0.00 0.00 0.00 329.66 376.59 315.28 0.00 361.38 271.40 377.07 361.25 189.37 225.61 375.65 139.96 373.86 381.57 375.07 87.46 368.65 380.34 93.90
380.13 383.50 80.71-9999.00-9999.00-9999.00-9999.00-9999.00-9999.00-9999.00-9999.00-9999.00-9999.00-9999.00-9999.00-9999.00-9999.00-9999.00-9999.00-9999.00-9999.00-9999.00-9999.00-9999.00-9999.00-9999.00 -9999.00-9999.00-9999.00-9999.00-9999.00-9999.00-9999.00-9999.00-9999.00-9999.00-9999.00-9999.00-9999.00-9999.00-9999.00-9999.00-9999.00-9999.00-9999.00-9999.00-9999.00-9999.00-9999.00-9999.00-9999.00-9999.00-9999.00-9999.00-9999.00-9999.00-9999.00-9999.00-9999.00-9999.00-9999.00-9999.00 135.60 376.87 375.15 375.59 377.40 375.93 375.97 377.59 377.61 377.91 295.66 295.66 0.00 0.00 315.28 375.00 383.64 375.92 298.96 298.96 375.00 377.39 298.97 376.24 298.97 0.00 353.63 91.36 91.51 85.45 87.71 93.82 97.37 80.64 193.30 220.07 115.76 81.73 387.54 81.73 104.80 109.49 85.05 90.83 374.88 116.55 92.28 0.00 384.39 286.65 375.98 84.31 383.54 178.41 0.00 376.55 376.31
375.21 230.23 0.00 382.55 375.22 226.77 375.37 375.33 319.31 161.97 372.56 313.82 367.88 125.86 90.36 84.89 85.83 83.87 75.22 83.56 101.49 98.34 83.99 375.94 87.46 380.06 82.57 89.32 100.11 86.96 76.02 124.56 96.69 378.35 78.75 75.53 77.78 379.60 75.22 118.32 98.07 372.32 100.21-9999.00-9999.00-9999.00-9999.00-9999.00-9999.00-9999.00-9999.00-9999.00-9999.00-9999.00-9999.00-9999.00-9999.00-9999.00-9999.00-9999.00-9999.00-9999.00-9999.00 -9999.00-9999.00-9999.00-9999.00-9999.00-9999.00-9999.00-9999.00-9999.00-9999.00-9999.00-9999.00-9999.00-9999.00-9999.00-9999.00-9999.00-9999.00-9999.00-9999.00-9999.00-9999.00-9999.00-9999.00-9999.00-9999.00-9999.00-9999.00-9999.00-9999.00-9999.00-9999.00-9999.00-9999.00-9999.00-9999.00-9999.00-9999.00-9999.00-9999.00-9999.00-9999.00-9999.00-9999.00-9999.00-9999.00-9999.00 375.62 295.67 0.00 375.27 271.40 375.34 315.28 379.91 0.00 375.00 295.67 375.52 352.33 271.40 375.00 375.00 378.92
295.67 295.66 0.00 295.67 0.00 0.00 295.66 375.13 377.86 375.43 375.25 244.81 324.72 197.52 376.41 375.49 189.08 132.26 206.08 185.88 95.52 397.94 363.30 317.91 83.01 82.57 0.00 82.14 90.84 78.01 95.55 126.50 381.92 82.57 194.60 208.62 86.82 373.72 388.48 384.01 184.60 88.82 88.82 94.34 95.55 381.19 80.24 347.57 408.53 373.41 135.52 88.72-9999.00-9999.00-9999.00-9999.00-9999.00-9999.00-9999.00-9999.00-9999.00-9999.00-9999.00-9999.00-9999.00-9999.00-9999.00-9999.00-9999.00-9999.00 -9999.00-9999.00-9999.00-9999.00-9999.00-9999.00-9999.00-9999.00-9999.00-9999.00-9999.00-9999.00-9999.00-9999.00-9999.00-9999.00-9999.00-9999.00-9999.00-9999.00-9999.00-9999.00-9999.00-9999.00-9999.00-9999.00-9999.00-9999.00-9999.00-9999.00-9999.00-9999.00-9999.00-9999.00-9999.00-9999.00-9999.00-9999.00-9999.00-9999.00-9999.00-9999.00-9999.00-9999.00-9999.00-9999.00-9999.00-9999.00-9999.00-9999.00-9999.00-9999.00-9999.00 375.59 0.00 295.66 375.72 225.55 367.79 276.57 315.28
