蒙特卡罗+CDRMV3/输出数据/2D水深分布/WaterDepthGIS_0157.ASC
ncols         539            
nrows         744            
xllcorner     602630.84259341
yllcorner     3914823.670891 
cellsize      50             
NODATA_value  -9999.00       
[rows 0 to 26 of 32, columns 305 to 365 of 539]
87.97 79.47 81.88 81.04 73.83 131.64 74.15 73.37 132.95 78.53 0.00 77.01 81.29 183.94 120.40 219.67 169.30 74.68-9999.00-9999.00-9999.00-9999.00-9999.00-9999.00-9999.00-9999.00-9999.00-9999.00-9999.00-9999.00 -9999.00-9999.00-9999.00-9999.00-9999.00-9999.00-9999.00-9999.00-9999.00-9999.00-9999.00-9999.00 86.42 73.89 271.34 85.11 139.55 0.00 77.70 360.95 89.05 159.44 100.47-9999.00-9999.00-9999.00-9999.00-9999.00-9999.00-9999.00-9999.00-9999.00-9999.00-9999.00-9999.00-9999.00-9999.00-9999.00-9999.00-9999.00-9999.00-9999.00-9999.00-9999.00-9999.00-9999.00-9999.00-9999.00-9999.00-9999.00-9999.00-9999.00-9999.00-9999.00-9999.00-9999.00-9999.00-9999.00-9999.00-9999.00-9999.00-9999.00-9999.00-9999.00-9999.00-9999.00-9999.00-9999.00-9999.00-9999.00-9999.00-9999.00-9999.00-9999.00-9999.00-9999.00-9999.00-9999.00-9999.00-9999.00-9999.00-9999.00-9999.00-9999.00-9999.00-9999.00-9999.00-9999.00-9999.00-9999.00-9999.00-9999.00-9999.00-9999.00-9999.00-9999.00-9999.00-9999.00-9999.00-9999.00-9999.00-9999.00-9999.00-9999.00-9999.00-9999.00-9999.00-9999.00-9999.00-9999.00 125.50 300.88 169.10 148.80 83.01 81.37 380.85 137.90 225.24 375.76 245.70 126.09 75.56 84.30 75.56 0.00 377.41 167.52 84.14 152.12 378.26 73.73 81.33 76.40-9999.00-9999.00-9999.00-9999.00-9999.00-9999.00-9999.00-9999.00-9999.00-9999.00-9999.00 -9999.00-9999.00-9999.00-9999.00-9999.00-9999.00-9999.00-9999.00-9999.00-9999.00-9999.00-9999.00-9999.00 90.17 116.33 82.74 130.76 123.31 0.00
357.76 332.82 0.00 111.80 176.51 72.41 86.94-9999.00-9999.00-9999.00-9999.00-9999.00-9999.00-9999.00-9999.00-9999.00-9999.00-9999.00-9999.00-9999.00-9999.00-9999.00-9999.00-9999.00-9999.00-9999.00-9999.00-9999.00-9999.00-9999.00-9999.00-9999.00-9999.00-9999.00-9999.00-9999.00-9999.00-9999.00-9999.00-9999.00-9999.00-9999.00-9999.00-9999.00-9999.00-9999.00-9999.00 100.24 380.08 83.24 279.98 102.40-9999.00-9999.00 80.96 77.47 84.59 77.71 76.79 376.23 426.65 78.24 94.61 74.68 192.59 77.71 85.24 75.56 84.14-9999.00-9999.00-9999.00 75.56 167.41 73.89 141.89 74.40 77.23 73.47 382.67 82.74 0.00 0.00 0.00 78.24 74.31 375.06 377.83 143.51 75.02 74.90 88.72 369.54 380.42 136.61 127.66 73.73 73.83 79.14 0.00 77.23 82.70 154.66 77.01 376.46 184.67
143.79 73.73 73.37 81.88 76.40 0.00 122.44 73.83 74.01 378.47 0.00 86.04 93.36 0.00 368.92 86.04 90.59 96.56 80.96 145.85 77.23 81.81 168.22-9999.00-9999.00-9999.00-9999.00-9999.00-9999.00 -9999.00-9999.00-9999.00-9999.00-9999.00-9999.00-9999.00-9999.00-9999.00-9999.00-9999.00 73.41 127.71 83.20 73.31 379.17 378.81 0.00 284.49 111.74 147.22 73.02 80.26 77.10 380.66 124.89 377.95 75.00 378.23 90.58 76.82 171.63-9999.00-9999.00-9999.00-9999.00-9999.00-9999.00-9999.00 84.83 77.47 88.99 79.14 88.72 77.23 80.18-9999.00-9999.00-9999.00-9999.00-9999.00-9999.00 78.53 185.60 95.61 86.79 320.80 373.37 84.30 85.07 197.94
81.81 376.63 76.59 118.62 377.26 84.30 386.11 113.99 84.14 363.06 75.41 151.85 378.49 78.53 0.00 77.71 83.47 97.90 384.84 88.45 82.80 132.09 85.98 377.86 83.35 79.47 0.00 156.46 73.95 92.23 130.11 316.77 74.68 0.00 88.72 84.91 175.42 73.36 89.90 81.95 74.01 371.69 270.66 76.04 248.77 73.95 76.21 75.87 88.45 161.13 76.21 224.50 74.49 117.06 131.06 83.60 75.28 116.00 221.37 87.97 0.00
224.02 74.58 83.24 348.40 309.47 73.57 75.41 74.31 376.41 80.96 76.40 81.95 73.35 381.82 91.76 73.73 362.96 214.58 387.78 84.86 92.65 400.51 74.15 84.74 378.84 75.28 317.28 74.90 74.23 379.73 80.56 82.43 83.60 73.34 145.38 251.00 376.69 377.01 80.96 388.62 381.46 0.00 80.56 89.28 360.23 75.71 145.91 213.44 378.61 323.20 126.38-9999.00-9999.00-9999.00-9999.00-9999.00-9999.00-9999.00-9999.00-9999.00-9999.00 -9999.00-9999.00-9999.00-9999.00-9999.00-9999.00-9999.00-9999.00 375.81 91.94 74.65 87.21 375.98 377.20 76.55 80.76 93.44
375.45 0.00 112.83 82.27 75.71 382.43 93.36 255.48 168.65 82.61 117.30 89.28 195.30 84.00 82.61 81.95 73.56 138.97 178.88 380.01 379.66 380.85 380.28 0.00 0.00 0.00 0.00 94.54 363.03 110.73 0.00 91.20 277.72 82.74 92.20 109.30 338.97 81.37 362.68 79.47-9999.00-9999.00-9999.00-9999.00-9999.00-9999.00-9999.00-9999.00-9999.00 -9999.00-9999.00 82.32 76.30 79.89 90.58 268.83 368.60 74.82 81.82 80.76 379.69 111.88 79.09 124.95 327.58 80.20 79.65 72.17 115.49 0.00 77.10
115.11 73.43 223.81 0.00 362.13 191.43 139.25 74.15 79.82 377.47 74.08 81.52 73.38 159.03 227.38 83.73 82.10 131.88 82.10 131.53 75.15 120.21 73.68 135.11 73.41 136.78 0.00 105.76 150.30 379.72 375.24 362.49 104.91 360.25 100.24 378.30 74.79 94.76 74.31 86.24 379.51 395.90 75.28 92.65-9999.00-9999.00-9999.00-9999.00-9999.00-9999.00 -9999.00-9999.00-9999.00-9999.00-9999.00 85.11 147.50 250.99 387.50 378.29 74.48 132.98 376.20 271.33 82.07 77.10 79.09 379.62 73.52 0.00 73.21
74.90 0.00 118.43 163.14 73.73 83.24 73.50 380.15 116.06 76.21 129.00 73.50 111.65 385.30 93.36 181.53 74.23 82.10 74.40 112.20 377.66 77.47 0.00 0.00 234.50 84.86 378.16 376.83 239.33 115.13 92.48 115.28 98.75 96.83 94.11 85.01 379.10 378.07 336.29 161.96 79.14-9999.00-9999.00-9999.00-9999.00-9999.00-9999.00-9999.00 -9999.00-9999.00-9999.00-9999.00-9999.00-9999.00-9999.00 79.48 122.38 152.49 0.00 114.63 79.69 71.98 146.08 72.03 315.98 0.00 141.51 366.77 179.03 149.99 74.82 182.61 371.60 85.11
134.57 80.56 73.37 134.07 315.81 83.24 0.00 95.69 379.18 378.82 376.47 317.18 173.24 186.20 84.66 356.07 87.70 84.91 73.89 153.26 218.03 78.83-9999.00-9999.00-9999.00-9999.00-9999.00-9999.00-9999.00-9999.00-9999.00 -9999.00-9999.00-9999.00-9999.00-9999.00-9999.00-9999.00-9999.00-9999.00 73.52 139.08 0.00 86.42 79.80 75.00 0.00 112.58 72.02 82.07 81.94 74.48 73.31 394.93 128.32 86.45 72.86 109.26 375.77 119.33 73.52 0.00 113.24 73.21 374.65 152.83 72.64 131.06 73.31 120.23 110.46 0.00 0.00 161.28 72.71 380.80 408.22 386.56
0.00 83.89 335.58 375.64 73.21 74.32 321.61 381.03 115.24 79.48 75.82 125.77 249.25 117.16 0.00 260.07 215.97 71.99 72.32 128.42 76.82 81.94 316.38 113.08 89.64 84.49 84.05 91.46 77.10 188.36 142.25 376.46 83.89 97.57 86.45 94.48 91.46 84.05 75.19 198.37 208.29 376.25 313.76 72.32 0.00 380.65 382.58 380.55 73.34 87.94 82.34 87.94 73.43 128.23 376.10 76.59 0.00 146.75 74.79 75.56 83.24
117.17 382.45 74.48 84.24 131.05 77.70 210.31 377.21 86.94 128.26 75.39 283.87 126.17 72.07 127.71 89.64 0.00 192.26 115.54 75.15 90.27 78.53 82.34 127.52 83.86 74.31 112.84 217.30 0.00 75.02 84.91 86.58 100.16 81.37 379.83 88.99 87.97 84.43 88.72 92.23 375.99 82.80 73.38 165.04 82.02 76.04 134.31 279.80 76.79 185.48 0.00 309.99 203.35 141.86 76.40 135.86 81.75 150.73 80.18 114.75 377.76
128.01 80.56 0.00 86.38 83.86 250.06 78.24 329.98 82.27 85.79 81.33 75.87 75.87 410.83 83.24 75.02 119.36 0.00 332.73 111.96 74.01 81.47 73.43 75.56 180.59 296.10 83.86 82.26 133.49 119.81 379.75 78.53 378.12 219.15 87.30 379.14 378.76 320.55 213.44 194.85 0.00 389.19 384.68 383.56 366.58 366.87 107.54 376.13 380.33 380.99 375.40 375.51 86.11 89.54 94.03 84.39 248.29 120.86 74.08 158.47 84.91
375.87 378.29 216.66 124.36 376.77 131.61 376.16 375.81 379.43 267.12 88.68 353.88 155.77 200.71 379.10 376.62 153.82 136.83 74.31-9999.00-9999.00-9999.00-9999.00-9999.00-9999.00-9999.00-9999.00-9999.00-9999.00-9999.00-9999.00-9999.00 -9999.00-9999.00-9999.00-9999.00-9999.00-9999.00-9999.00-9999.00-9999.00 82.46 79.19 316.86 73.89 380.36 376.91 76.30 379.20 72.09 134.04 75.39 0.00 378.58 0.00 256.17 124.37 74.48 85.39 130.32 161.66 0.00 166.94 73.21 82.19 176.46 382.99 148.25 140.24 74.17 71.98 0.00 376.20 166.01 111.88 79.09 73.11 379.48 377.13 83.87 71.99 381.52
77.10 79.56 80.45 94.70 91.31 79.91 0.00 120.15 79.09 87.78 136.33 78.36 72.64 130.08 168.44 274.86 0.00 80.76 73.21 127.68 0.00 72.27 79.76 72.17 80.45 80.84 77.08 85.47 72.05 73.73 134.85 81.24 74.40 83.24 85.98 87.97 0.00 0.00 0.00 285.79 83.23 80.67 376.08 375.98 134.84 352.44 376.71 86.52 84.59 120.86 378.59 168.56 73.43 77.47 185.58 377.44 350.32 84.86 75.28 375.34 86.79
384.11 145.66 83.86 76.40 197.68 370.26 84.30 375.86 0.00 0.00 228.97 377.26 84.26 103.10 76.32 83.99 129.31 125.16 74.79 88.72 82.26 349.87 83.47 376.24 79.82 76.04 379.39 120.10 85.60-9999.00-9999.00-9999.00-9999.00-9999.00-9999.00-9999.00-9999.00-9999.00-9999.00-9999.00-9999.00-9999.00-9999.00 -9999.00-9999.00-9999.00-9999.00-9999.00-9999.00-9999.00-9999.00-9999.00-9999.00-9999.00-9999.00-9999.00-9999.00-9999.00 89.64 86.45 358.55 99.56 91.94 87.93 279.80 376.21 378.97 0.00 114.47 72.58 72.01 109.47 352.87 81.00 74.32 110.14 178.61 0.00 130.03 81.23 79.69 72.11 153.18 0.00 188.24 72.20 84.05 72.36 0.00
190.23 83.89 81.09 112.76 75.71 284.63 96.09 91.35 93.36 92.65 74.79 382.85 80.56 376.93 271.48 76.04 80.56 76.04 350.96 256.37 118.86 75.15 116.06 377.05 87.94 382.89 353.63 129.63 142.10 78.53 87.70 81.29 73.36 74.90 164.61 389.17 81.37 74.49 73.38 157.26 0.00 0.00 388.06 82.74 80.99 91.77 379.96 151.78 111.16 73.64 73.95 112.96 74.01 363.55 128.67 76.40-9999.00-9999.00-9999.00-9999.00-9999.00-9999.00-9999.00-9999.00-9999.00-9999.00-9999.00-9999.00-9999.00-9999.00-9999.00-9999.00-9999.00-9999.00 -9999.00-9999.00-9999.00-9999.00-9999.00-9999.00-9999.00-9999.00-9999.00-9999.00-9999.00-9999.00-9999.00-9999.00-9999.00-9999.00-9999.00 82.22 82.75 95.23 113.73
377.71 98.80 81.33 0.00 0.00 0.00 98.87 314.75 89.88 162.68 77.40 379.12 376.24 375.93 74.82 116.82 90.58 72.14 305.60 378.91 92.65 183.05 392.05 81.81 89.44 376.78 80.56 83.24 0.00 91.20 381.16 317.27 292.82 138.45 75.87 82.80 83.24 162.08 82.52 231.31 376.02 331.89 120.42 74.49 89.59 147.67 74.40 73.57 126.70 77.23 0.00 82.74 168.78 281.41 99.46 382.76 75.87 82.52 93.12 384.44 379.00
77.70 124.00 376.85 79.09 378.64 378.52 0.00 379.95 85.77 359.86 375.99 81.71 388.70 0.00 79.48 77.70 86.04 138.20 366.58 90.27 389.90 383.64 391.07 384.79 379.76 115.74 81.58 83.60 79.14 381.53 76.04 356.91 74.01 80.86 86.79 250.85 76.79 75.02 126.98 304.56 377.14 104.99 86.04 81.63 74.31 110.73 0.00 0.00 362.66 326.59 330.78 230.28 123.94 73.83 81.13 122.95 85.24 73.39 112.59 88.99-9999.00-9999.00-9999.00-9999.00-9999.00-9999.00-9999.00-9999.00-9999.00-9999.00-9999.00-9999.00-9999.00-9999.00-9999.00-9999.00-9999.00-9999.00-9999.00-9999.00 -9999.00-9999.00-9999.00-9999.00-9999.00-9999.00-9999.00-9999.00-9999.00-9999.00-9999.00-9999.00-9999.00-9999.00-9999.00-9999.00-9999.00-9999.00-9999.00-9999.00
199.19 383.29 377.91 129.30 172.38 375.55 123.32 195.23 0.00 0.00 0.00 378.36 81.37 0.00 84.30 384.45 76.40 374.50 125.45 73.53 123.10 74.58 125.75 378.99 376.26 78.83 380.70 382.43 0.00 369.21 81.81 320.50 84.30 114.13 0.00 74.90 81.37 85.98 86.58 87.30 125.72 0.00 383.11 75.41 85.60 379.42 230.76 126.98 75.02-9999.00-9999.00-9999.00-9999.00-9999.00-9999.00-9999.00-9999.00-9999.00-9999.00-9999.00-9999.00-9999.00-9999.00-9999.00-9999.00-9999.00 -9999.00-9999.00-9999.00-9999.00-9999.00-9999.00-9999.00-9999.00-9999.00-9999.00-9999.00-9999.00-9999.00-9999.00-9999.00-9999.00-9999.00-9999.00-9999.00-9999.00-9999.00-9999.00-9999.00-9999.00-9999.00 89.41 72.86 186.45 350.77 78.03 420.63 120.54 76.55 73.76 130.53 88.39
82.27 74.79 112.23 364.07 139.23 75.02 73.53 126.48 377.11 0.00 369.77 127.20 80.94 85.98 82.80 82.26 88.99 0.00 116.03 74.79 83.73 376.13 189.10 74.79 75.87 173.16 358.56-9999.00-9999.00-9999.00-9999.00-9999.00-9999.00-9999.00-9999.00-9999.00-9999.00-9999.00-9999.00-9999.00-9999.00-9999.00-9999.00-9999.00-9999.00-9999.00 -9999.00-9999.00-9999.00-9999.00-9999.00-9999.00-9999.00-9999.00-9999.00-9999.00-9999.00-9999.00-9999.00-9999.00-9999.00-9999.00-9999.00-9999.00-9999.00-9999.00-9999.00-9999.00 86.42 86.45 155.00 377.56 92.43 74.48 92.43 82.74 83.20 123.08 74.65 0.00 0.00 0.00 303.95 0.00 153.29 107.61 91.10 124.03 87.49 89.41 153.96 89.64 171.51 88.71 237.06 93.96 88.71 80.31 77.70 393.36 376.93
381.29 378.23 353.66 291.16 87.81 365.23 121.31 74.58 83.24 0.00 75.15 85.42 124.11 86.38 117.73 85.07-9999.00-9999.00-9999.00-9999.00-9999.00-9999.00-9999.00-9999.00-9999.00-9999.00-9999.00-9999.00-9999.00-9999.00-9999.00-9999.00-9999.00-9999.00-9999.00-9999.00-9999.00-9999.00 -9999.00-9999.00-9999.00-9999.00-9999.00-9999.00-9999.00-9999.00-9999.00-9999.00-9999.00-9999.00-9999.00-9999.00-9999.00-9999.00-9999.00 76.55 173.36 81.71 75.00 88.08 81.23 73.64 171.88 124.97 132.32 382.08 0.00 0.00 126.52 72.46 73.31 370.78 75.39 134.69 370.70 377.13 0.00 358.88 96.66 357.50 375.89 107.61 380.59 151.14 87.93 94.05 347.36 378.83 357.45 131.05 84.49 79.48 78.36 100.70 98.80 113.30 376.38 0.00 382.67
385.19 0.00 73.40 79.14 136.08 86.58-9999.00-9999.00-9999.00-9999.00-9999.00-9999.00-9999.00-9999.00-9999.00-9999.00-9999.00-9999.00-9999.00-9999.00-9999.00-9999.00-9999.00-9999.00-9999.00-9999.00-9999.00-9999.00-9999.00-9999.00 -9999.00-9999.00-9999.00-9999.00-9999.00-9999.00-9999.00-9999.00-9999.00-9999.00-9999.00-9999.00-9999.00-9999.00-9999.00-9999.00-9999.00-9999.00-9999.00 84.24 86.45 88.75 382.04 163.46 91.69 89.05 76.06 76.06 123.61 355.93 79.09 384.34 72.94 74.65 76.82 114.80 380.16 0.00 0.00 269.19 375.61 398.94 373.26 375.52 259.00 377.51 207.46 112.49 379.37 376.26 350.80 381.62 81.71 92.43 76.82 80.76 92.86 375.14 375.69 376.28 376.79 140.92 134.06 0.00 376.57 366.46 376.18 363.00 182.27 375.83 378.33 386.85 182.27
301.86 402.00 97.99 204.69 134.06 377.69 375.60 264.12 326.77 377.82 0.00 0.00 382.35 375.67 326.79 376.77 378.30 0.00 318.86 380.67 188.89 387.35 269.19 138.68 375.24 190.46 92.22 136.22 89.05 74.32 74.82 83.29 80.40 131.22 73.32 379.53 0.00 100.16 382.83 380.43 381.29 74.15 81.37 82.10 75.28 74.31 112.91 379.34 366.73 73.45 128.24 124.58 176.85 74.68 136.43 86.38 80.56 350.35 118.99 83.47-9999.00-9999.00-9999.00-9999.00-9999.00-9999.00-9999.00-9999.00-9999.00-9999.00-9999.00-9999.00-9999.00-9999.00-9999.00-9999.00-9999.00-9999.00-9999.00-9999.00-9999.00-9999.00 -9999.00-9999.00-9999.00-9999.00-9999.00-9999.00-9999.00-9999.00-9999.00-9999.00-9999.00-9999.00-9999.00-9999.00-9999.00-9999.00-9999.00-9999.00-9999.00-9999.00-9999.00-9999.00-9999.00-9999.00-9999.00-9999.00-9999.00-9999.00-9999.00-9999.00-9999.00
375.46 375.70 235.92 375.21 235.92 0.00 324.31 375.19 376.20 0.00 259.28 93.02 233.04 102.01 117.24 146.58 375.66 112.68 80.40 359.10 357.21 93.02 76.80 85.86 85.08 96.80 119.38 98.67 115.62 127.60 378.92 376.18 376.50 158.97 295.09 279.65 376.15 376.15 376.15 0.00 0.00 0.00 329.20 376.57 314.12 0.00 359.45 270.49 377.04 361.54 186.98 224.02 375.64 136.59 372.54 381.47 374.76 85.72 365.35 380.10 90.86
380.28 384.77 79.22-9999.00-9999.00-9999.00-9999.00-9999.00-9999.00-9999.00-9999.00-9999.00-9999.00-9999.00-9999.00-9999.00-9999.00-9999.00-9999.00-9999.00-9999.00-9999.00-9999.00-9999.00-9999.00-9999.00 -9999.00-9999.00-9999.00-9999.00-9999.00-9999.00-9999.00-9999.00-9999.00-9999.00-9999.00-9999.00-9999.00-9999.00-9999.00-9999.00-9999.00-9999.00-9999.00-9999.00-9999.00-9999.00-9999.00-9999.00-9999.00-9999.00-9999.00-9999.00-9999.00-9999.00-9999.00-9999.00-9999.00-9999.00-9999.00-9999.00 130.65 376.69 375.12 375.35 377.37 375.92 375.95 377.56 377.58 377.88 295.09 295.09 0.00 0.00 314.12 375.00 383.19 375.92 298.39 298.39 375.00 377.35 298.40 376.18 298.40 0.00 351.22 89.61 89.75 83.77 85.40 91.25 94.63 78.97 190.83 217.76 112.61 79.99 387.25 79.99 101.35 106.13 83.30 88.06 372.03 112.51 89.41 0.00 384.07 284.66 375.94 82.63 383.39 175.60 0.00 376.49 376.26
375.21 228.60 0.00 382.54 375.22 221.84 375.37 375.33 316.49 158.97 372.77 314.48 365.11 121.70 88.60 83.14 84.09 82.13 73.58 81.81 99.58 96.52 82.24 375.81 85.72 380.01 80.83 87.58 98.28 85.22 74.38 121.95 94.81 378.31 77.06 73.89 76.10 379.37 73.58 116.24 96.31 371.21 96.85-9999.00-9999.00-9999.00-9999.00-9999.00-9999.00-9999.00-9999.00-9999.00-9999.00-9999.00-9999.00-9999.00-9999.00-9999.00-9999.00-9999.00-9999.00-9999.00-9999.00 -9999.00-9999.00-9999.00-9999.00-9999.00-9999.00-9999.00-9999.00-9999.00-9999.00-9999.00-9999.00-9999.00-9999.00-9999.00-9999.00-9999.00-9999.00-9999.00-9999.00-9999.00-9999.00-9999.00-9999.00-9999.00-9999.00-9999.00-9999.00-9999.00-9999.00-9999.00-9999.00-9999.00-9999.00-9999.00-9999.00-9999.00-9999.00-9999.00-9999.00-9999.00-9999.00-9999.00-9999.00-9999.00-9999.00-9999.00 375.62 295.09 0.00 375.27 270.49 375.34 314.12 379.90 0.00 375.00 295.09 375.52 351.85 270.49 375.00 375.00 378.88
295.09 295.09 0.00 295.09 0.00 0.00 295.09 375.13 377.74 375.43 375.25 240.57 324.54 195.32 376.33 375.47 185.18 127.60 204.07 183.23 92.28 397.63 360.81 306.77 80.47 80.83 0.00 80.40 89.06 76.33 93.64 123.57 381.81 80.83 194.26 203.86 85.08 371.94 388.21 383.72 178.62 87.09 87.09 92.43 93.64 380.94 78.74 342.88 408.20 371.60 131.67 87.13-9999.00-9999.00-9999.00-9999.00-9999.00-9999.00-9999.00-9999.00-9999.00-9999.00-9999.00-9999.00-9999.00-9999.00-9999.00-9999.00-9999.00-9999.00 -9999.00-9999.00-9999.00-9999.00-9999.00-9999.00-9999.00-9999.00-9999.00-9999.00-9999.00-9999.00-9999.00-9999.00-9999.00-9999.00-9999.00-9999.00-9999.00-9999.00-9999.00-9999.00-9999.00-9999.00-9999.00-9999.00-9999.00-9999.00-9999.00-9999.00-9999.00-9999.00-9999.00-9999.00-9999.00-9999.00-9999.00-9999.00-9999.00-9999.00-9999.00-9999.00-9999.00-9999.00-9999.00-9999.00-9999.00-9999.00-9999.00-9999.00-9999.00-9999.00-9999.00 375.59 0.00 295.09 375.71 223.96 367.47 275.63 314.12
