蒙特卡罗+CDRMV3/输出数据/2D水深分布/WaterDepthGIS_0143.ASC
ncols         539            
nrows         744            
xllcorner     602630.84259341
yllcorner     3914823.670891 
cellsize      50             
NODATA_value  -9999.00       
[rows 0 to 26 of 32, columns 366 to 426 of 539]
154.09 206.64 158.68 94.81-9999.00-9999.00-9999.00-9999.00-9999.00-9999.00-9999.00-9999.00-9999.00-9999.00-9999.00-9999.00-9999.00-9999.00-9999.00-9999.00-9999.00-9999.00-9999.00-9999.00-9999.00-9999.00-9999.00-9999.00-9999.00-9999.00-9999.00-9999.00-9999.00-9999.00-9999.00-9999.00-9999.00-9999.00-9999.00-9999.00-9999.00-9999.00-9999.00-9999.00-9999.00-9999.00-9999.00-9999.00-9999.00-9999.00-9999.00-9999.00-9999.00-9999.00-9999.00-9999.00-9999.00-9999.00-9999.00-9999.00-9999.00 100.81 88.31 96.92-9999.00-9999.00-9999.00-9999.00-9999.00-9999.00-9999.00-9999.00-9999.00-9999.00-9999.00-9999.00-9999.00-9999.00-9999.00-9999.00-9999.00-9999.00-9999.00-9999.00-9999.00-9999.00-9999.00-9999.00-9999.00-9999.00 79.10 375.29 92.76 377.53 120.37 87.12 78.88 87.35 79.39 121.67 144.59 377.30 377.79 382.15 385.69 384.62 84.42 0.00 125.07 88.37 378.22 144.37 82.74 79.47 319.07 82.74-9999.00-9999.00-9999.00-9999.00-9999.00-9999.00-9999.00-9999.00-9999.00-9999.00 -9999.00-9999.00-9999.00-9999.00-9999.00-9999.00-9999.00-9999.00-9999.00-9999.00-9999.00-9999.00-9999.00-9999.00 86.52 90.59 88.24 91.89 276.56 0.00 0.00 119.94 88.77-9999.00-9999.00-9999.00-9999.00-9999.00-9999.00-9999.00-9999.00-9999.00-9999.00-9999.00-9999.00-9999.00-9999.00-9999.00-9999.00-9999.00-9999.00-9999.00-9999.00-9999.00-9999.00-9999.00-9999.00-9999.00-9999.00-9999.00-9999.00-9999.00-9999.00-9999.00-9999.00-9999.00-9999.00-9999.00-9999.00-9999.00-9999.00-9999.00-9999.00-9999.00-9999.00-9999.00-9999.00-9999.00-9999.00-9999.00-9999.00-9999.00-9999.00-9999.00-9999.00-9999.00-9999.00-9999.00-9999.00-9999.00 99.09 378.98 83.25-9999.00-9999.00-9999.00-9999.00-9999.00-9999.00-9999.00-9999.00-9999.00-9999.00-9999.00-9999.00-9999.00-9999.00-9999.00-9999.00-9999.00-9999.00-9999.00-9999.00-9999.00-9999.00-9999.00-9999.00-9999.00-9999.00 88.67 232.23 89.65 377.45 263.26 78.79 310.41 80.34 93.01 78.98 120.70 376.71 375.36 384.01 85.08
313.76 161.77 87.48 91.27 85.08 85.08 132.31 0.00 89.29 90.35 0.00 379.09 303.65 369.79 180.24 94.07 136.75 94.11-9999.00-9999.00-9999.00 -9999.00-9999.00-9999.00-9999.00-9999.00-9999.00-9999.00-9999.00-9999.00-9999.00-9999.00-9999.00-9999.00-9999.00 78.89 136.69 333.64 81.10 81.51 0.00 142.02 78.98 91.89 89.52 98.41 109.00-9999.00-9999.00-9999.00-9999.00-9999.00-9999.00-9999.00-9999.00-9999.00-9999.00-9999.00-9999.00-9999.00-9999.00-9999.00-9999.00-9999.00-9999.00-9999.00-9999.00-9999.00-9999.00-9999.00-9999.00-9999.00-9999.00-9999.00-9999.00-9999.00-9999.00-9999.00-9999.00-9999.00-9999.00-9999.00-9999.00-9999.00 92.52 81.26 366.17 95.78 84.74 85.79 375.52-9999.00 89.65 120.38 130.23 82.27 347.06 319.08 0.00 95.26 294.41 89.29 377.22 87.41 83.25 85.79 376.99 81.64-9999.00-9999.00 86.81 87.35 79.97 335.74 307.01 136.61 119.04
95.08 96.15 121.73 353.23 383.53 382.29 315.10 135.11 84.11 84.42 138.56 190.64 81.64 153.54 381.92 0.00 88.31 157.16 96.92 79.04 201.47 79.10 80.34 381.73 81.26 374.83 118.57 92.29 79.04 118.14 376.65 376.94 79.39 89.01 99.28 78.59 298.18 378.30 79.75 79.86 389.28 383.53 0.00 0.00 0.00 129.33 79.47 148.43 78.52 78.72 79.10 88.57 82.74 78.84 79.31 78.79 86.68 80.62 79.17 0.00 144.39
80.92 252.03 379.22 86.17 204.64 80.09 254.81 78.79 122.45 83.81 177.14 357.64 366.22 80.34 87.48 85.79 0.00 0.00 100.88 101.22 90.35 92.63 106.51 93.82 271.65 94.42 82.99-9999.00-9999.00-9999.00-9999.00-9999.00-9999.00-9999.00-9999.00 -9999.00-9999.00-9999.00-9999.00-9999.00-9999.00-9999.00-9999.00-9999.00-9999.00-9999.00-9999.00 95.21 266.20 174.08 78.38 117.17 80.06 78.57 0.00 79.91 119.01 81.74 0.00 97.14 296.37 398.49 79.40 380.42 85.31 83.01 89.85 90.99 103.33 97.98 84.94 193.88 261.68 106.18 96.17 91.89 90.78 139.49 384.31 82.27
87.20 79.18 121.89 0.00 305.23 135.66 79.08 92.38 79.78 87.79 92.38 83.60 83.91 198.64 97.18 379.61 87.20 371.87 90.39 79.64 379.69 167.81 83.60 93.20 94.30 314.53 83.01 347.31 0.00 352.47 85.43 207.07 105.07 111.11 79.31 376.47 376.01 94.74 78.84 138.65 0.00 79.24 89.52 135.49 0.00 126.72 258.71 83.81 79.75 377.44 90.92 81.09 138.99 90.40 86.63 376.77 0.00 78.88 90.56 130.14 117.41
86.80 87.38 342.10 131.29 87.42 78.18 360.82 379.91 78.89 379.51 81.10 78.14 0.00 129.69 367.49 377.80 81.74 78.38 86.41 89.20 78.50 0.00 143.50 79.91 260.53 81.10 79.97 376.50 98.90 81.45 122.57 379.46 386.83 0.00 83.25 88.78 86.53 80.77 0.00 117.57 88.79 80.47 378.47 82.74 79.75 118.81 380.31 380.71 80.77 0.00 94.11 87.68 82.99 135.27 80.92 0.00 138.41 136.05 79.86 79.10 88.57
364.66 91.42 376.98 288.13 157.49 79.52 119.22 87.68 78.18 116.38 0.00 185.62 85.70 89.85 92.38 125.48 90.02 377.43 96.73 88.77 0.00 147.15 78.03 89.05 104.14 97.98 319.83 98.41 91.28 79.47 178.67 376.14 80.92 81.84 139.75 78.63 0.00 145.15 78.93 86.43 119.28 241.76 377.61 130.16 81.26 80.09 132.91 87.07 91.08 0.00 91.86 87.92 93.54 120.22 0.00 91.52 381.34 376.10 348.89 120.54 79.86
87.68 78.72 379.04 88.24 124.32 0.00 78.50 77.90 78.89 214.25 381.08 81.10 134.92 87.03 82.21 0.00 85.31 383.14 78.44 80.91 78.44 86.53 93.81 84.58 90.59 78.38 121.21 375.20 210.02 88.57 139.91 83.52 121.97 0.00 78.57 312.20 284.13 79.47 90.73 95.42 87.02 138.17 80.62 126.64 142.66 0.00 78.88 99.09 0.00 78.63 87.18 79.39 79.86 224.44 79.17 84.74 361.86 80.34 120.57 348.35 365.71
223.68 80.37 90.59 78.80 148.45 236.39 359.34 377.02 377.49 377.87 377.50 0.00 149.70 81.64 181.54 92.52 87.41 382.55 86.17 78.61 118.26 312.18 378.08 337.88 0.00 359.42 121.26 82.99 92.29 325.09 377.51 91.52 87.41 142.28 267.04 382.61 148.60 384.97 79.66 81.84 78.88 0.00 376.16 376.04 123.10 78.93 78.76 235.07 376.68 88.37 79.97 375.91 0.00 149.06 118.11 85.43 86.85 79.10 0.00 124.92 80.21
103.40 95.08 248.13 187.61 178.69 79.66 91.08 84.74 105.15 244.47 87.29 80.34 78.84 377.93 89.29 0.00 377.20 85.43 86.57 379.41 0.00 366.82 94.42 87.76 89.26 123.32 86.63 84.74 136.36 135.77 80.21 375.60 81.26 126.69 343.28 143.09 92.15 0.00 0.00 82.50 251.29 91.46 86.71 81.09 0.00 0.00 380.51 197.29 379.52 375.45 372.07 324.29 294.45 130.04 80.34 377.71 79.66 93.01 79.97 378.52 82.74
126.94 89.13 89.65 92.76 89.38 90.40 84.74 92.84 84.74 134.87 363.79 214.17 241.37 0.00 0.00 116.90 376.89 333.76 381.17 379.00 252.49 0.00 98.15 0.00 87.41 84.11 132.18 119.04 88.78 196.69 372.46 172.29 135.33 92.15-9999.00-9999.00-9999.00-9999.00-9999.00-9999.00-9999.00-9999.00-9999.00 -9999.00-9999.00-9999.00-9999.00-9999.00-9999.00-9999.00-9999.00-9999.00-9999.00 78.57 258.79 0.00 79.18 85.90 83.01 86.24 80.06 0.00 117.86 89.20 80.06 133.32 87.38 80.21 0.00 78.22 320.32 125.49 83.91 84.24 382.97 134.75 83.91 93.50 247.86
109.24-9999.00-9999.00-9999.00-9999.00-9999.00-9999.00-9999.00-9999.00-9999.00-9999.00 -9999.00-9999.00-9999.00-9999.00-9999.00-9999.00-9999.00-9999.00-9999.00 79.52 118.35 397.81 0.00 80.06 80.21 0.00 83.01 88.12 81.10 126.03 122.95 78.32 117.97 369.47 0.00 181.16 90.04 91.20 79.64 250.62 385.38 78.98 83.60 90.21 156.52 380.91 81.97 79.28 116.66 375.96 0.00 168.47 146.37 82.21 78.98 375.74 79.64 79.18 381.79 79.28 378.79 77.93 128.77 77.94 0.00 138.32 77.88 90.78 91.89 86.59 87.42 257.43 315.32 90.99 84.11 149.88 375.43 0.00
361.06 78.72 78.12 116.55 0.00 96.32 150.10 150.52 96.32 138.67 86.66 78.06 385.70 0.00 0.00 378.19 157.18 81.26 374.35 263.19 90.76 80.62 148.89 202.60 338.70 0.00 82.05 79.56 385.25 253.74 375.95 346.88 206.92 377.93 80.92 88.78 88.31 0.00 0.00 0.00 0.00 0.00 0.00 0.00 97.17 278.24 84.11 383.36 190.51 94.74 87.85 379.33 378.64 0.00 87.85 290.02 377.76 377.15 391.52 303.25 376.22
133.78 370.26 382.49 82.05 81.45 82.50 119.88 348.79 383.24 0.00 221.05 376.62 149.84 377.78 271.48 375.72 372.95 193.20 87.80 132.79 219.50 120.35 0.00 85.79 345.00 145.60 82.27 378.51 162.01 82.99-9999.00-9999.00-9999.00-9999.00-9999.00-9999.00-9999.00-9999.00-9999.00-9999.00-9999.00-9999.00-9999.00-9999.00 -9999.00-9999.00-9999.00-9999.00-9999.00-9999.00-9999.00-9999.00-9999.00-9999.00-9999.00 95.17 89.47 94.13 86.10 378.38 84.58 377.82 83.60 85.55 87.12 222.38 380.52 0.00 0.00 0.00 83.30 79.40 127.73 0.00 0.00 0.00 81.97 0.00 92.68 134.41 320.78 86.95 77.93 290.49 0.00
97.14 173.07 83.60 377.43 79.78 88.24 77.95 130.85 293.57 120.78 83.91 0.00 334.38 77.98 94.13 96.77 89.20 91.89 85.31 378.12 78.03 156.88 376.82 197.78 0.00 0.00 0.00 378.50 320.63 379.84 94.38 375.93 384.90 383.77 150.18 90.35 95.42 84.11 89.26 81.64 83.52 377.42 81.64 78.56 79.39 142.45 375.47 94.38 84.74 82.99 163.94 98.15 90.35 140.31 233.23 379.67 131.63 92.52 111.11 90.73 89.65
377.89 378.90 379.17 85.70 0.00 79.91 205.61 78.06 79.28 142.22 371.86 79.40 158.17 223.51 142.69 122.51 80.91 0.00 146.04 80.06 82.47 0.00 0.00 79.40 88.12 353.18 80.37 98.41 88.63 83.01 89.36 86.53 87.79 79.18 378.05 0.00 390.61 334.09 79.91 84.94 206.41 89.36 90.64 213.26 415.55 0.00 86.10 376.01 125.43 139.44 90.02 377.02 78.72 79.08 95.78 89.01 85.08 84.74 94.74 85.43 81.09
376.41 376.89 375.11 217.60 120.17-9999.00-9999.00-9999.00-9999.00-9999.00-9999.00-9999.00-9999.00-9999.00-9999.00-9999.00-9999.00-9999.00-9999.00-9999.00-9999.00-9999.00-9999.00-9999.00-9999.00 -9999.00-9999.00-9999.00-9999.00-9999.00-9999.00-9999.00-9999.00-9999.00-9999.00-9999.00-9999.00-9999.00-9999.00-9999.00-9999.00-9999.00-9999.00-9999.00 102.46 88.40 97.98 87.90 138.40 83.91 385.04 337.42 378.63 82.73 78.22 233.28 370.83 378.45 118.88 121.64 85.67 158.24 381.04 0.00 375.99 120.26 206.90 84.94 78.57 79.28 382.43 407.91 272.16 90.64 88.63 89.47 88.12 155.22 87.68 92.13 86.73 78.27 241.48 102.46 0.00 94.30 0.00 275.04 97.18 376.47 242.32 114.62 142.50 375.14 379.86 89.47 90.59 92.65 92.92
92.38 85.70 323.43 106.18 377.50 81.74 391.99 375.34 372.36 381.58 79.52 78.64 85.54 85.56 127.94 137.34 0.00 141.20 132.05 95.92 83.30 97.18 0.00 86.96 78.10 95.17 83.30 375.76 289.96 335.15 86.10 379.66 121.27 130.43 371.74 326.44 322.91 377.61 143.89 0.00 381.37 379.30 199.75 142.53 80.21 78.89 265.40 81.30 91.42 84.58 379.25 166.17 0.00 98.19 376.85 144.91 94.30 0.00 135.62 86.52 91.96
195.64 378.81 375.62 90.64 0.00 86.10 81.97 185.59 91.28 379.22 375.54 88.40 204.65 182.47 100.19 98.19 100.19 166.80 132.33 186.15 132.33 315.45 103.94 88.02 181.36 91.74 197.89 223.51 97.98 80.72 84.58 81.51 93.46 396.69 286.17 377.35 379.73 81.97 384.45 89.47 0.00 383.51 246.38 385.58 207.10 182.68 231.37 381.87 163.71 0.00 0.00 375.98 111.68 87.85 83.52 375.92 89.29 92.29 79.47 380.65 81.45
97.18 100.19 0.00 194.75 116.65 380.37 375.55 377.62 392.17 382.64 93.46 97.14 100.55 106.18 88.40 377.47 98.83 91.89 84.58 96.17 377.43 0.00 226.14 377.79 90.64 268.21 260.14 375.17 358.70 376.25 248.33 89.14 122.44 177.26 352.26 98.51 82.05 123.91 340.09 82.99 81.64 376.71 344.43 119.44 89.81 87.84 81.09 80.21 369.08 379.70 79.56 127.72 378.08 0.00 377.71 189.12 127.64 93.27 87.61 89.01 87.85
238.01 100.19 87.50 94.13 86.96 90.64 379.91 345.79 90.64 96.73 80.06 130.32 362.87 378.54 379.84 0.00 273.08 305.22 376.21 221.72 324.91 391.13 357.43 376.80 151.83 132.33 366.70 0.00 216.56 96.17 304.15 82.27 333.19 80.34 86.17 92.76 80.47 138.31 326.39 380.95 81.64 380.49 80.62 0.00 377.88 131.68 383.57 79.75 151.19 168.23 343.16 79.66 363.07 79.75 100.04 0.00 352.03 121.03 82.50 98.11 92.52
364.81 208.48 381.04 258.48 0.00 246.38 208.48 204.52 375.32 0.00 325.67 372.99 0.00 151.83 117.69 102.96 377.36 224.19 112.80 290.18 378.21 80.47 81.09 376.40 85.79 376.18 84.11 365.65 0.00 86.17 98.11 90.76 78.68 86.48 90.01 196.34 87.76 82.05 318.61 134.56 81.26 93.27 127.70 382.54 142.10 79.66 90.90 90.56-9999.00-9999.00-9999.00-9999.00-9999.00-9999.00-9999.00-9999.00-9999.00-9999.00-9999.00-9999.00-9999.00-9999.00-9999.00-9999.00-9999.00-9999.00-9999.00-9999.00-9999.00-9999.00-9999.00-9999.00 -9999.00-9999.00-9999.00-9999.00-9999.00-9999.00-9999.00-9999.00-9999.00-9999.00-9999.00-9999.00-9999.00-9999.00-9999.00-9999.00-9999.00-9999.00-9999.00-9999.00-9999.00 91.65 87.90 84.94 98.19 168.92 377.71 376.67 382.51 387.18 382.65 413.55 102.64
88.24 79.91 82.73 84.58 344.33 339.28 377.57 377.41 378.03 339.34 334.27 0.00 362.45 376.11 378.43 363.73 129.36 112.32 0.00 376.16 377.47 180.40 198.24 178.85 108.72 92.29 83.01 85.31 94.63 364.27 289.74 376.20 375.63 377.94 164.60 224.28 317.40 260.14 375.92 373.08 309.26 337.85 0.00 328.03 0.00 377.46 328.03 376.87 379.11 0.00 375.69 286.63 325.67 377.06 375.34 376.43 305.58 89.60 280.38 96.39 82.21
365.99 146.36 137.42 79.61 78.77 86.58 89.40 87.28 79.69 88.03 82.88 123.91 142.29 269.91 154.20 144.34 358.21 83.25 95.42 375.38 99.24 381.10 121.73 89.29-9999.00-9999.00-9999.00-9999.00-9999.00-9999.00-9999.00-9999.00-9999.00-9999.00-9999.00-9999.00-9999.00-9999.00-9999.00-9999.00-9999.00-9999.00-9999.00-9999.00-9999.00 -9999.00-9999.00-9999.00-9999.00-9999.00-9999.00-9999.00-9999.00-9999.00-9999.00-9999.00-9999.00-9999.00-9999.00-9999.00-9999.00-9999.00-9999.00-9999.00-9999.00-9999.00-9999.00-9999.00-9999.00-9999.00-9999.00-9999.00-9999.00-9999.00-9999.00-9999.00-9999.00-9999.00 97.54 240.47 377.68 194.75 381.51 379.96 376.11 376.35 375.42 210.99 375.29 297.09 0.00 326.15 0.00 375.12 375.12 101.32 97.31 120.91 106.06 92.38 99.57 114.53 139.87 97.31 382.30 376.41 151.28 91.11 356.84 91.73 376.13 360.06 94.49 127.37
376.08 382.34 376.26 379.45 81.62 83.93 379.93 382.27 401.74 379.92 78.82 88.12 105.40 97.61 79.97 87.96 387.24 91.73 221.07 85.18 377.98 255.21 414.66 93.81 0.00 0.00 383.74 97.45 159.76-9999.00-9999.00-9999.00-9999.00-9999.00-9999.00-9999.00-9999.00-9999.00-9999.00-9999.00-9999.00-9999.00-9999.00-9999.00-9999.00-9999.00-9999.00-9999.00-9999.00-9999.00-9999.00-9999.00 -9999.00-9999.00-9999.00-9999.00-9999.00-9999.00-9999.00-9999.00-9999.00-9999.00-9999.00-9999.00-9999.00-9999.00-9999.00-9999.00-9999.00-9999.00-9999.00-9999.00-9999.00-9999.00-9999.00-9999.00-9999.00-9999.00-9999.00-9999.00-9999.00-9999.00-9999.00-9999.00-9999.00-9999.00-9999.00-9999.00-9999.00 287.93 368.74 375.00 375.39 374.17 351.81 375.27 375.27 375.14 0.00 297.09 333.84 291.55 0.00 360.33 297.09 376.69 375.01 297.09 297.09 297.09 376.81 376.95 297.09 375.21 0.00 353.50 103.31 103.31 114.04 382.08
0.00 297.09 297.09 297.09 378.44 0.00 360.25 375.00 297.09 0.00 0.00 0.00 0.00 375.00 297.09 375.00 297.09 320.60 0.00 0.00 375.77 378.04 181.71 375.51 279.87 375.32 368.66 139.63 375.18 319.74 164.86 377.41 167.74 81.44 170.18 78.92 152.91 142.54 88.81 101.29 251.73 373.00 376.42 104.66 376.49 180.49 98.52 87.51 368.57 377.04 88.92 383.45 83.38 189.62 79.69 376.39 85.53 376.91 92.22 377.58 89.43
300.37 0.00 375.00 0.00 375.39 297.09 0.00 297.09 375.52 375.18 297.09 297.09 375.96 375.00 330.79 375.00 0.00 0.00 297.09 297.09 0.00 378.06 375.55 229.47 375.41 298.07 131.60 154.11 375.51 104.23 375.25 375.32 377.56 84.85 82.88 379.01 303.12 143.45 82.42 0.00 87.08 143.50 87.51 174.01 82.88 80.67 414.29 100.74 379.74 87.08 93.07 0.00 386.61 154.44 87.51 100.33 88.92 178.45 103.99 83.11 0.00
