蒙特卡罗+CDRMV3/输出数据/2D水深分布/WaterDepthGIS_0147.ASC
ncols         539            
nrows         744            
xllcorner     602630.84259341
yllcorner     3914823.670891 
cellsize      50             
NODATA_value  -9999.00       
[rows 0 to 26 of 32, columns 122 to 182 of 539]
82.64 380.93 139.51 77.63 170.53 87.76-9999.00-9999.00-9999.00-9999.00-9999.00-9999.00-9999.00-9999.00-9999.00-9999.00-9999.00-9999.00-9999.00-9999.00 -9999.00-9999.00-9999.00-9999.00-9999.00-9999.00-9999.00-9999.00-9999.00-9999.00-9999.00-9999.00-9999.00-9999.00-9999.00-9999.00-9999.00-9999.00-9999.00-9999.00-9999.00-9999.00-9999.00-9999.00-9999.00-9999.00-9999.00-9999.00-9999.00-9999.00-9999.00-9999.00-9999.00-9999.00-9999.00-9999.00-9999.00-9999.00-9999.00-9999.00-9999.00-9999.00-9999.00-9999.00-9999.00-9999.00-9999.00-9999.00-9999.00-9999.00-9999.00-9999.00-9999.00-9999.00-9999.00-9999.00-9999.00-9999.00-9999.00-9999.00-9999.00-9999.00-9999.00-9999.00-9999.00-9999.00-9999.00-9999.00-9999.00-9999.00-9999.00-9999.00-9999.00-9999.00-9999.00-9999.00-9999.00-9999.00-9999.00-9999.00-9999.00-9999.00-9999.00-9999.00-9999.00-9999.00-9999.00-9999.00-9999.00-9999.00-9999.00-9999.00-9999.00-9999.00-9999.00-9999.00-9999.00-9999.00-9999.00-9999.00-9999.00-9999.00-9999.00-9999.00-9999.00-9999.00-9999.00-9999.00-9999.00-9999.00-9999.00-9999.00-9999.00-9999.00-9999.00-9999.00 76.75 173.73 78.05 131.64 76.57 375.95 386.66 76.59 200.24 0.00 138.24 77.45 364.87 77.45 79.20-9999.00-9999.00-9999.00-9999.00-9999.00-9999.00-9999.00-9999.00-9999.00-9999.00-9999.00-9999.00-9999.00-9999.00 -9999.00-9999.00-9999.00-9999.00-9999.00-9999.00-9999.00-9999.00-9999.00-9999.00-9999.00-9999.00 91.46 82.25 94.65 95.11 82.95 92.39-9999.00-9999.00-9999.00-9999.00-9999.00-9999.00-9999.00-9999.00-9999.00-9999.00-9999.00-9999.00-9999.00-9999.00-9999.00-9999.00-9999.00-9999.00-9999.00-9999.00-9999.00-9999.00-9999.00-9999.00-9999.00-9999.00-9999.00-9999.00-9999.00-9999.00-9999.00-9999.00-9999.00-9999.00-9999.00-9999.00-9999.00-9999.00-9999.00-9999.00-9999.00-9999.00-9999.00-9999.00-9999.00-9999.00-9999.00-9999.00-9999.00-9999.00-9999.00-9999.00-9999.00-9999.00-9999.00-9999.00-9999.00-9999.00-9999.00-9999.00-9999.00-9999.00-9999.00-9999.00-9999.00-9999.00-9999.00-9999.00-9999.00-9999.00-9999.00-9999.00-9999.00-9999.00-9999.00-9999.00-9999.00-9999.00-9999.00-9999.00-9999.00-9999.00-9999.00-9999.00-9999.00-9999.00-9999.00-9999.00-9999.00-9999.00-9999.00-9999.00-9999.00-9999.00-9999.00-9999.00-9999.00 77.29 115.40 158.96 375.81 78.17 312.28 384.88 83.33 84.33 77.45 0.00 80.89 344.47 78.71 84.73 138.93 85.69-9999.00-9999.00-9999.00-9999.00-9999.00-9999.00-9999.00-9999.00-9999.00-9999.00-9999.00-9999.00-9999.00 -9999.00-9999.00-9999.00-9999.00-9999.00-9999.00-9999.00-9999.00-9999.00-9999.00-9999.00 82.25 148.96 193.81 95.95 200.91 313.05 80.22-9999.00-9999.00-9999.00-9999.00-9999.00-9999.00-9999.00-9999.00-9999.00-9999.00-9999.00-9999.00-9999.00-9999.00-9999.00-9999.00-9999.00-9999.00-9999.00-9999.00-9999.00-9999.00-9999.00-9999.00-9999.00-9999.00-9999.00-9999.00-9999.00-9999.00-9999.00-9999.00-9999.00-9999.00-9999.00-9999.00-9999.00-9999.00-9999.00-9999.00-9999.00-9999.00-9999.00-9999.00-9999.00-9999.00-9999.00-9999.00-9999.00-9999.00-9999.00-9999.00-9999.00-9999.00-9999.00-9999.00-9999.00-9999.00-9999.00-9999.00-9999.00-9999.00-9999.00-9999.00-9999.00-9999.00-9999.00-9999.00-9999.00-9999.00-9999.00-9999.00-9999.00-9999.00-9999.00-9999.00-9999.00-9999.00-9999.00-9999.00-9999.00-9999.00-9999.00-9999.00-9999.00-9999.00-9999.00-9999.00-9999.00-9999.00-9999.00-9999.00-9999.00-9999.00-9999.00-9999.00-9999.00 84.85 85.47 88.51 77.93 379.15 385.01 82.32
117.26 86.73 244.42 77.72 85.15 87.89 85.54 78.05 90.22 89.40 77.29 90.08 133.62 81.42 84.90 0.00 179.58 77.22 79.96 260.95 378.80 383.65 381.88 78.05 76.92 230.65 123.87 87.76-9999.00-9999.00 -9999.00-9999.00-9999.00-9999.00-9999.00-9999.00-9999.00-9999.00-9999.00-9999.00-9999.00-9999.00-9999.00-9999.00-9999.00 76.70 131.77 360.58 77.44 76.10 0.00 90.90 93.83 140.84 86.43-9999.00-9999.00-9999.00-9999.00-9999.00-9999.00-9999.00-9999.00-9999.00-9999.00-9999.00-9999.00-9999.00-9999.00-9999.00-9999.00-9999.00-9999.00-9999.00-9999.00-9999.00-9999.00-9999.00-9999.00-9999.00-9999.00-9999.00-9999.00-9999.00-9999.00-9999.00-9999.00-9999.00-9999.00-9999.00-9999.00-9999.00-9999.00-9999.00-9999.00-9999.00 84.48 99.72-9999.00-9999.00-9999.00-9999.00-9999.00-9999.00 87.60 86.73 122.51 86.96 84.08 380.60 80.64 88.35 340.71 192.45-9999.00-9999.00-9999.00-9999.00-9999.00-9999.00-9999.00-9999.00 77.83 119.38 142.83 385.36 297.74 87.74 372.51 88.35 81.42 377.96
77.68 194.24 148.35 375.79 0.00 138.33 122.66 77.68 76.63 400.52 245.47 90.63 182.01 97.76 95.95 101.86-9999.00-9999.00-9999.00-9999.00-9999.00-9999.00-9999.00-9999.00-9999.00-9999.00-9999.00-9999.00-9999.00-9999.00-9999.00-9999.00-9999.00-9999.00-9999.00-9999.00-9999.00-9999.00-9999.00-9999.00-9999.00-9999.00 80.64 102.64 88.87 99.72 82.98 90.22 90.67 213.79 91.68 377.90 86.02 376.85 87.60 85.27 91.16 90.67 78.29 139.28 378.06 90.22 79.37 0.00 0.00 368.86 80.89 80.18 122.47 381.90 80.18 86.02 82.32 87.89 86.02 77.63 170.22 78.05 85.27 76.83 379.80 121.59 86.21 83.70 77.72 78.71 77.93
138.18 190.81 0.00 0.00 303.01 79.56 80.89 85.34 95.99 85.40 80.64 0.00 159.21 0.00 159.21 379.14 194.38 84.90 91.23 418.09 377.96 376.82 85.78 93.95-9999.00-9999.00-9999.00-9999.00-9999.00-9999.00 -9999.00-9999.00-9999.00-9999.00-9999.00-9999.00-9999.00-9999.00-9999.00-9999.00-9999.00-9999.00 231.11 90.67 81.92 79.75 114.09 180.80 355.86 0.00 152.69 77.44 76.29 0.00 377.78 77.68 76.10 252.55 77.95 378.22 86.95 145.79 86.04-9999.00-9999.00-9999.00-9999.00 94.23 95.51 77.56 181.71 379.08 80.41 381.83 79.37 85.78 220.22 89.46 192.08 84.08 365.56 90.00
134.30 140.64 81.60 95.95 329.91 90.13 84.54 378.65 89.96 379.50 148.44 97.25 89.44 81.60 84.68 78.09 388.06 378.04 91.96 382.14 155.06 90.08 102.64 98.91 87.33 82.64 89.80 81.42 366.11 0.00 91.96 380.48 76.88 0.00 79.03 131.45 84.08 90.22 93.06 111.89 77.45 327.62 139.06 78.42 83.33 0.00 76.97 86.96 86.41 81.42 82.64 87.60 328.42 82.32 0.00 123.20 77.54 162.91 86.51 118.21 331.12
90.08 96.42 80.89 143.32 115.29 79.56 82.01 381.13 76.61 0.00 84.48 86.21 76.54 0.00 76.79 91.96 89.21 375.76 84.48 86.73 376.98 77.72 141.19 85.94 77.63 0.00 116.94 77.63 77.93 164.07 0.00 212.56 127.19 307.21 98.91 222.95 134.02 78.05 86.51 166.48 98.51 380.17 347.33 78.05 90.44 78.71 140.03 398.00 380.78 77.03 381.19 136.47 81.71 77.45 376.45 176.55 90.44 357.15 77.15 254.07 90.00
84.54 95.95 91.96 114.62 378.08 79.03 379.23 378.87 0.00 0.00 77.37 130.01 0.00 115.31 77.15 90.67 84.48 381.88 76.88 77.29 161.00 86.84 78.17 77.93 0.00 116.67 77.83 84.52 126.36 0.00 82.01 298.14 79.20 130.60 87.60 92.56 120.10 267.01 101.86 378.85 385.55 333.26 255.27 93.23 348.71 231.36 77.72 94.34 84.73 76.83 0.00 85.33 88.68 130.26 86.31 86.41 87.47 77.83 202.71 79.37 86.51
304.30 299.99 96.18 340.27 89.89 92.26 82.64 85.33 78.05 129.27 136.10 84.08 0.00 82.32 385.28 376.19 343.60 205.78 78.42 78.17 128.91 85.10 86.02 79.56 0.00 77.09 88.04 127.97 0.00 77.29 77.15 120.35 85.94 85.27 90.00 82.98 77.03 120.18 207.34 98.05 0.00 115.49 77.15 86.51 77.83 88.19 85.85 80.18 264.98 115.24 0.00 88.30 88.35 86.62 85.54 81.71 115.84 380.44 115.47 86.02 79.76
77.73 76.54 88.35 266.01 80.64 86.73 157.30 78.29 118.01 376.16 377.57 86.25 0.00 80.41 384.49 379.90 383.30 79.37 79.56 86.41 94.73 167.12 376.19 79.96 85.78 98.51 85.77 85.33 0.00 348.81 141.02 77.29 85.77 245.71 121.69 79.56 93.58 231.49 376.02 0.00 192.84 77.54 97.06 134.21 385.13 375.18 87.89 94.73 76.59 273.86 91.41 82.64 0.00 116.48 83.33 85.69 86.41 84.54 80.18 378.28 0.00
168.06 0.00 0.00 87.74 90.67 96.42 143.87 91.96 152.30 127.45 0.00 88.30 365.57 135.57 129.70 85.05 86.31 85.85 78.29 145.03 378.84 0.00 0.00 140.56 83.33 0.00 87.76 142.22 143.22 78.86 85.34 128.33 84.08 378.53 0.00 104.85 381.59 381.24 122.07 80.41 88.04 87.20 85.69 80.18 79.96 98.11 93.58 186.89 81.71 143.32 95.57-9999.00-9999.00-9999.00-9999.00-9999.00-9999.00-9999.00-9999.00 -9999.00-9999.00-9999.00-9999.00-9999.00-9999.00-9999.00-9999.00-9999.00-9999.00 84.26 117.65 119.07 0.00 377.59 76.86 80.47 86.27 87.23
0.00 375.53 79.92 0.00 386.77 381.10 315.51 0.00 375.44 371.80 261.19 89.44 88.68 85.33 386.18 79.03 80.18 78.29 78.17 91.16 91.96 364.82 139.17 86.25-9999.00-9999.00-9999.00-9999.00-9999.00-9999.00-9999.00-9999.00 -9999.00-9999.00-9999.00-9999.00-9999.00-9999.00-9999.00-9999.00-9999.00-9999.00 87.71 128.45 115.87 0.00 211.39 87.88 96.86 83.77 76.13 86.95 394.58 76.21 84.90 85.23 76.27 0.00 149.07 76.78 95.07 82.25 134.43 76.50 199.54 380.67 225.48 120.66 81.30 77.22 220.30 382.27 90.13 85.93 387.86 77.81 89.66 87.50
0.00 80.47 90.90 83.71 133.31 126.38 79.12 0.00 292.95 286.65 116.67 86.95 90.38 379.26 91.76 134.97 354.99 80.73 88.42 376.62 85.32 76.50 167.77 0.00 86.94 93.08 87.23 84.07 75.96 85.71 89.01 376.26 84.03 293.27 83.55 85.23 75.94 332.05 0.00 169.36 130.22 76.07 83.85 82.95 311.42 79.37 150.69 374.48 375.31 76.79 145.00 0.00 136.82 77.29 87.20 88.85 78.17 144.08 0.00 122.43 85.78
0.00 125.12 78.92 192.86 94.08 75.98 142.59 339.62 378.68 167.52 89.22 80.89 0.00 379.95 81.42 397.81 79.20 108.29 87.23 131.11 0.00 141.97 79.76 78.05 381.37 83.70 82.32 184.22 91.68 376.42 90.91 76.54 386.30 99.92 78.42 88.87 0.00 376.41 346.19 84.08 81.71 376.53 76.57 86.62 78.71 380.26 79.96 331.10 376.92 384.36 90.08 96.03 183.10 382.51 238.91 376.19 260.82 260.82 0.00 375.39 376.25
88.30 79.56 84.90 283.51 0.00 0.00 275.03 376.62 378.58 260.89 0.00 0.00 0.00 108.31 183.85 224.46 0.00 0.00 0.00 81.89 0.00 0.00 380.88 96.42 79.76 357.05 377.08 116.54 77.63 78.86 90.22-9999.00-9999.00-9999.00-9999.00-9999.00-9999.00-9999.00-9999.00-9999.00-9999.00-9999.00-9999.00-9999.00-9999.00 -9999.00-9999.00-9999.00-9999.00-9999.00-9999.00-9999.00-9999.00-9999.00-9999.00 93.12 177.34 235.68 87.39 162.58 153.63 371.21 86.80 87.39 352.68 375.11 0.00 81.92 75.99 76.34 84.89 86.04 85.93 205.66 79.98 121.42 0.00 317.30 0.00 143.68 116.00 115.07 84.68 77.12
0.00 116.61 76.44 92.23 0.00 158.36 115.07 85.41 84.03 80.73 0.00 76.94 194.15 78.09 90.38 153.74 86.27 83.99 76.78 85.60 76.24 0.00 0.00 118.75 76.25 323.63 127.65 84.75 90.90 79.53 361.44 87.08 129.38 357.40 149.57 119.18 77.15 379.99 0.00 375.99 375.23 372.23 86.73 104.42 88.69 88.93 77.93 80.41 345.22 305.16 85.53 381.19 118.43 79.20 78.71 170.70 85.85 120.63 79.56 372.29 217.75
241.31 215.40 0.00 136.84 75.81 78.65 86.62 384.74 377.20 376.49 76.75 87.74 76.61 117.77 86.73 87.74 78.42-9999.00-9999.00-9999.00-9999.00-9999.00-9999.00-9999.00-9999.00-9999.00-9999.00-9999.00-9999.00-9999.00-9999.00-9999.00-9999.00 -9999.00-9999.00-9999.00-9999.00-9999.00-9999.00-9999.00-9999.00-9999.00-9999.00-9999.00-9999.00-9999.00-9999.00-9999.00-9999.00-9999.00 101.92 89.30 82.95 80.22 87.39 77.95 76.05 122.53 0.00 76.34 88.23 77.81 226.38 76.01 173.76 379.81 76.34 387.96 0.00 122.18 78.92 76.94 0.00 83.71 84.43 76.56 170.01 376.23 0.00 382.49 381.64 377.88 328.90 165.16 78.24 83.66 116.98 184.97 372.04 0.00 83.32 85.32 85.92
94.73 379.46 79.20 137.92 86.41 78.29 77.45 381.69 79.76 85.54 78.56 76.52 115.57 0.00 127.02 88.87 91.68 98.51 237.01 82.23 90.93 79.76 91.68 188.63 120.22 77.63 90.22 297.05 177.69 127.19 90.08-9999.00-9999.00-9999.00-9999.00-9999.00-9999.00-9999.00-9999.00-9999.00-9999.00-9999.00-9999.00-9999.00-9999.00-9999.00-9999.00-9999.00-9999.00-9999.00 -9999.00-9999.00-9999.00-9999.00-9999.00-9999.00-9999.00-9999.00-9999.00-9999.00-9999.00-9999.00-9999.00-9999.00-9999.00-9999.00-9999.00 81.01 276.79 141.91 81.92 188.76 366.47 77.12 0.00 141.47 79.98 88.07 91.17 89.44 88.05 78.09 79.98 87.39 92.07 79.53 114.12 156.94 0.00 97.25 379.28 76.17 89.01 79.75 96.86 89.22
181.14 78.86 119.73 168.00 84.85 85.27 77.54 87.60 84.95 77.83 76.59 119.03 185.36 383.22 407.29 380.34 0.00 0.00 86.73 377.71 377.04 377.44 265.20 145.17 115.22 76.97 80.89 142.79 86.96 91.68-9999.00-9999.00-9999.00-9999.00-9999.00-9999.00-9999.00-9999.00-9999.00-9999.00-9999.00-9999.00-9999.00-9999.00-9999.00-9999.00-9999.00-9999.00-9999.00-9999.00-9999.00 -9999.00-9999.00-9999.00-9999.00-9999.00-9999.00-9999.00-9999.00-9999.00-9999.00-9999.00-9999.00-9999.00-9999.00-9999.00-9999.00-9999.00-9999.00-9999.00 94.08 376.96 145.42 89.96 382.78 85.93 92.07 155.04 93.45 363.32 78.57 82.59 207.59 281.28 127.06 116.13 377.26 0.00 165.91 114.34 88.67 79.53 119.91 0.00 314.31 120.87 77.03 76.25 78.09 116.80
376.80 87.20 77.72 363.75 0.00 0.00 0.00 0.00 81.71 79.56 98.39 0.00 0.00 0.00 84.08 77.63 119.72 377.09 76.56 76.58 128.22 262.76 76.83 88.19-9999.00-9999.00-9999.00-9999.00-9999.00-9999.00-9999.00-9999.00-9999.00-9999.00-9999.00-9999.00-9999.00-9999.00-9999.00-9999.00-9999.00 -9999.00-9999.00-9999.00-9999.00-9999.00-9999.00-9999.00-9999.00-9999.00-9999.00-9999.00-9999.00-9999.00-9999.00-9999.00-9999.00-9999.00-9999.00-9999.00-9999.00-9999.00-9999.00-9999.00-9999.00-9999.00 182.61 298.83 377.90 375.77 379.99 389.92 380.08 0.00 0.00 0.00 0.00 0.00 368.68 80.22 81.30 171.13 90.67 0.00 0.00 0.00 0.00 0.00 336.66 110.37 0.00 0.00 376.95 284.47 365.47 378.80 271.86 376.20 92.23 94.71 87.64 92.96
381.62 116.44 78.05-9999.00-9999.00-9999.00-9999.00-9999.00-9999.00-9999.00-9999.00-9999.00-9999.00-9999.00-9999.00-9999.00-9999.00-9999.00-9999.00-9999.00-9999.00 -9999.00-9999.00-9999.00-9999.00-9999.00-9999.00-9999.00-9999.00-9999.00-9999.00-9999.00-9999.00-9999.00-9999.00-9999.00-9999.00-9999.00-9999.00-9999.00-9999.00-9999.00-9999.00-9999.00-9999.00 107.68 87.88 85.81 78.40 380.52 82.95 85.71 83.89 85.14 126.51 114.58 117.71 93.83 82.95 80.22 82.95 0.00 379.39 366.74 159.56 90.67 97.31 91.42 292.62 378.11 381.80 216.98 86.43 298.73 90.67 371.26 175.46 0.00 284.50 102.59 278.65 206.40 84.12 84.99 81.30 323.01 86.43 384.15 378.08 84.54 91.42 246.45 377.78 380.27 86.43 95.95 81.60 310.49 0.00 0.00 0.00 0.00
0.00 84.12 85.41 77.95 118.88 362.24 0.00 379.16 100.46 159.82 77.67 115.40 91.78 375.77 139.35 90.90 80.22 94.08 330.65 100.46 418.93 317.06 116.88 98.29 79.98 324.15 377.49 0.00 0.00 114.09 93.53 86.43 86.43 92.39 109.52 123.09 375.73 214.75 87.50 115.55 80.73 130.51 328.71 378.26 378.42 244.64 0.00 244.64 375.74 252.28 267.01 371.26 384.95 375.50 237.34 383.54 202.91 92.23 87.50 0.00 375.93
377.40 0.00 376.37 381.61 303.37 377.09 375.45 115.02 173.57 117.64 85.45 365.94 87.50 347.27 235.78 90.48 124.74 403.72 169.33 344.85 103.78 88.67 388.12 404.69 0.00 0.00 367.92 333.42 384.97 106.52 95.51 282.97 86.43 238.26 81.30 81.01 377.48 227.24 351.95 139.75 0.00 378.08 0.00 375.13 368.13 376.11 294.70 375.27 0.00 219.53 377.24 249.99 87.83 118.86 95.95 78.40 79.56 93.95 92.26 97.28 90.44
0.00 376.79 0.00 305.62 375.32 375.38 380.42 327.52 327.54 376.63 0.00 376.09 0.00 375.25 380.39 100.84 115.37 375.81 97.33 332.38 94.08 80.54 359.52 131.99 83.71 78.17 116.23 369.85 275.73 0.00 377.25 277.12 97.17 141.49 86.31 116.70 146.00 385.17 115.62 375.64 353.49 138.78 136.61 79.03 242.98 274.09 334.67 77.29 142.02 377.58 77.93 166.45-9999.00-9999.00-9999.00-9999.00-9999.00-9999.00-9999.00-9999.00-9999.00-9999.00-9999.00-9999.00-9999.00-9999.00-9999.00-9999.00-9999.00-9999.00-9999.00-9999.00-9999.00-9999.00 -9999.00-9999.00-9999.00-9999.00-9999.00-9999.00-9999.00-9999.00-9999.00-9999.00-9999.00-9999.00-9999.00-9999.00-9999.00-9999.00-9999.00-9999.00-9999.00-9999.00-9999.00-9999.00-9999.00-9999.00-9999.00-9999.00-9999.00-9999.00 92.23 133.29 99.59 95.95 90.67 78.92 376.61 88.67
376.79 375.75 128.33 353.40 0.00 172.27 103.57 245.13 311.47 325.00 377.76 379.74 262.34 101.86 90.67 375.64 326.52 262.72 377.15 380.22 381.61 0.00 0.00 0.00 0.00 0.00 376.74 192.97 296.53 121.03 192.97 336.21 0.00 296.52 375.94 0.00 377.60 375.18 296.52 377.20 296.52 0.00 0.00 0.00 0.00 0.00 0.00 0.00 377.48 169.85 98.59 93.30 376.98 392.08 379.34 84.19 98.03 363.90 115.30 77.67 80.57
380.13 84.90 97.06 382.62 90.36-9999.00-9999.00-9999.00-9999.00-9999.00-9999.00-9999.00-9999.00-9999.00-9999.00-9999.00-9999.00-9999.00-9999.00-9999.00-9999.00-9999.00-9999.00-9999.00-9999.00-9999.00 -9999.00-9999.00-9999.00-9999.00-9999.00-9999.00-9999.00-9999.00-9999.00-9999.00-9999.00-9999.00-9999.00-9999.00-9999.00-9999.00-9999.00-9999.00-9999.00-9999.00-9999.00-9999.00-9999.00-9999.00-9999.00-9999.00-9999.00-9999.00-9999.00-9999.00-9999.00-9999.00-9999.00 359.49 377.53 379.14 173.71 385.96 383.07 376.42 377.33 272.77 296.53 296.53 296.53 272.77 272.77 0.00 375.23 375.14 379.16 375.48 377.87 380.26 378.78 378.47 379.00 396.02 87.90 85.43 379.90 386.02 253.34 397.97 388.58 394.80 368.39 98.98 105.42 101.84 87.90 376.55 376.73 375.55 376.43 267.70 96.29 95.21 377.59 92.41 376.02 383.26 0.00 376.04 375.18 301.61 86.52 114.05
296.52 296.52 393.05 296.53 375.13 227.91 0.00 375.92 277.96 379.66 244.26 377.75 379.40 169.85 364.90 328.28 393.01 389.80 381.49 258.39 277.96 382.48 378.21 377.37 0.00 378.93 375.70 375.69 0.00 0.00 0.00 0.00 0.00 375.61 348.34 278.68 368.88 127.38 84.58 146.36 0.00 226.05 116.46 85.44 231.57 77.10 94.96 100.20 92.46 243.05 83.81 382.92 375.62 80.57 83.81 100.20 95.81 153.19 79.56 88.85 94.96
380.55 83.63 89.48 380.07 84.15-9999.00-9999.00-9999.00-9999.00-9999.00-9999.00-9999.00-9999.00-9999.00-9999.00-9999.00-9999.00-9999.00-9999.00-9999.00-9999.00-9999.00-9999.00 -9999.00-9999.00-9999.00-9999.00-9999.00-9999.00-9999.00-9999.00-9999.00-9999.00-9999.00-9999.00-9999.00-9999.00-9999.00-9999.00-9999.00-9999.00-9999.00-9999.00-9999.00-9999.00-9999.00-9999.00-9999.00-9999.00-9999.00-9999.00-9999.00-9999.00-9999.00-9999.00-9999.00-9999.00-9999.00-9999.00-9999.00-9999.00-9999.00-9999.00-9999.00-9999.00-9999.00-9999.00-9999.00-9999.00-9999.00-9999.00-9999.00-9999.00-9999.00 296.52 0.00 253.34 296.53 375.62 375.18 0.00 0.00 0.00 378.49 232.66 320.25 365.26 0.00 317.02 375.12 0.00 296.53 296.52 0.00 375.00 375.00 296.52 375.68 375.41 296.53 296.52 0.00 375.00 296.53 376.45 0.00 227.91 272.77 317.00 227.97 375.66 375.46 375.46 181.56 83.39 202.13 101.68 391.72 379.42 380.10 382.79 77.31 86.62 87.60 100.72 82.44 385.32 166.87 89.04
