蒙特卡罗+CDRMV3/输出数据/2D水深分布/WaterDepthGIS_0148.ASC
ncols         539            
nrows         744            
xllcorner     602630.84259341
yllcorner     3914823.670891 
cellsize      50             
NODATA_value  -9999.00       
[rows 0 to 26 of 32, columns 122 to 182 of 539]
82.14 380.89 138.66 77.15 169.03 87.27-9999.00-9999.00-9999.00-9999.00-9999.00-9999.00-9999.00-9999.00-9999.00-9999.00-9999.00-9999.00-9999.00-9999.00 -9999.00-9999.00-9999.00-9999.00-9999.00-9999.00-9999.00-9999.00-9999.00-9999.00-9999.00-9999.00-9999.00-9999.00-9999.00-9999.00-9999.00-9999.00-9999.00-9999.00-9999.00-9999.00-9999.00-9999.00-9999.00-9999.00-9999.00-9999.00-9999.00-9999.00-9999.00-9999.00-9999.00-9999.00-9999.00-9999.00-9999.00-9999.00-9999.00-9999.00-9999.00-9999.00-9999.00-9999.00-9999.00-9999.00-9999.00-9999.00-9999.00-9999.00-9999.00-9999.00-9999.00-9999.00-9999.00-9999.00-9999.00-9999.00-9999.00-9999.00-9999.00-9999.00-9999.00-9999.00-9999.00-9999.00-9999.00-9999.00-9999.00-9999.00-9999.00-9999.00-9999.00-9999.00-9999.00-9999.00-9999.00-9999.00-9999.00-9999.00-9999.00-9999.00-9999.00-9999.00-9999.00-9999.00-9999.00-9999.00-9999.00-9999.00-9999.00-9999.00-9999.00-9999.00-9999.00-9999.00-9999.00-9999.00-9999.00-9999.00-9999.00-9999.00-9999.00-9999.00-9999.00-9999.00-9999.00-9999.00-9999.00-9999.00-9999.00-9999.00-9999.00-9999.00-9999.00-9999.00 76.28 173.38 77.57 131.07 76.10 375.87 386.52 76.12 198.44 0.00 137.48 76.97 363.66 76.97 78.71-9999.00-9999.00-9999.00-9999.00-9999.00-9999.00-9999.00-9999.00-9999.00-9999.00-9999.00-9999.00-9999.00-9999.00 -9999.00-9999.00-9999.00-9999.00-9999.00-9999.00-9999.00-9999.00-9999.00-9999.00-9999.00-9999.00 90.98 81.77 94.14 94.61 82.47 91.90-9999.00-9999.00-9999.00-9999.00-9999.00-9999.00-9999.00-9999.00-9999.00-9999.00-9999.00-9999.00-9999.00-9999.00-9999.00-9999.00-9999.00-9999.00-9999.00-9999.00-9999.00-9999.00-9999.00-9999.00-9999.00-9999.00-9999.00-9999.00-9999.00-9999.00-9999.00-9999.00-9999.00-9999.00-9999.00-9999.00-9999.00-9999.00-9999.00-9999.00-9999.00-9999.00-9999.00-9999.00-9999.00-9999.00-9999.00-9999.00-9999.00-9999.00-9999.00-9999.00-9999.00-9999.00-9999.00-9999.00-9999.00-9999.00-9999.00-9999.00-9999.00-9999.00-9999.00-9999.00-9999.00-9999.00-9999.00-9999.00-9999.00-9999.00-9999.00-9999.00-9999.00-9999.00-9999.00-9999.00-9999.00-9999.00-9999.00-9999.00-9999.00-9999.00-9999.00-9999.00-9999.00-9999.00-9999.00-9999.00-9999.00-9999.00-9999.00-9999.00-9999.00-9999.00-9999.00-9999.00-9999.00 76.82 114.82 157.96 375.75 77.69 309.75 384.75 82.83 83.83 76.97 0.00 80.40 342.71 78.23 84.23 138.34 85.20-9999.00-9999.00-9999.00-9999.00-9999.00-9999.00-9999.00-9999.00-9999.00-9999.00-9999.00-9999.00-9999.00 -9999.00-9999.00-9999.00-9999.00-9999.00-9999.00-9999.00-9999.00-9999.00-9999.00-9999.00 81.77 147.88 192.16 95.46 198.67 311.40 79.74-9999.00-9999.00-9999.00-9999.00-9999.00-9999.00-9999.00-9999.00-9999.00-9999.00-9999.00-9999.00-9999.00-9999.00-9999.00-9999.00-9999.00-9999.00-9999.00-9999.00-9999.00-9999.00-9999.00-9999.00-9999.00-9999.00-9999.00-9999.00-9999.00-9999.00-9999.00-9999.00-9999.00-9999.00-9999.00-9999.00-9999.00-9999.00-9999.00-9999.00-9999.00-9999.00-9999.00-9999.00-9999.00-9999.00-9999.00-9999.00-9999.00-9999.00-9999.00-9999.00-9999.00-9999.00-9999.00-9999.00-9999.00-9999.00-9999.00-9999.00-9999.00-9999.00-9999.00-9999.00-9999.00-9999.00-9999.00-9999.00-9999.00-9999.00-9999.00-9999.00-9999.00-9999.00-9999.00-9999.00-9999.00-9999.00-9999.00-9999.00-9999.00-9999.00-9999.00-9999.00-9999.00-9999.00-9999.00-9999.00-9999.00-9999.00-9999.00-9999.00-9999.00-9999.00-9999.00-9999.00-9999.00 84.36 84.97 88.02 77.45 379.06 384.86 81.82
116.72 86.24 241.51 77.25 84.66 87.40 85.05 77.57 89.73 88.91 76.82 89.59 132.77 80.93 84.40 0.00 178.49 76.75 79.47 258.51 378.76 383.62 381.86 77.57 76.45 227.99 122.92 87.27-9999.00-9999.00 -9999.00-9999.00-9999.00-9999.00-9999.00-9999.00-9999.00-9999.00-9999.00-9999.00-9999.00-9999.00-9999.00-9999.00-9999.00 76.24 130.95 359.57 76.98 75.65 0.00 90.42 93.33 139.99 85.96-9999.00-9999.00-9999.00-9999.00-9999.00-9999.00-9999.00-9999.00-9999.00-9999.00-9999.00-9999.00-9999.00-9999.00-9999.00-9999.00-9999.00-9999.00-9999.00-9999.00-9999.00-9999.00-9999.00-9999.00-9999.00-9999.00-9999.00-9999.00-9999.00-9999.00-9999.00-9999.00-9999.00-9999.00-9999.00-9999.00-9999.00-9999.00-9999.00-9999.00-9999.00 83.98 99.27-9999.00-9999.00-9999.00-9999.00-9999.00-9999.00 87.11 86.24 121.87 86.47 83.58 380.54 80.15 87.86 339.62 190.13-9999.00-9999.00-9999.00-9999.00-9999.00-9999.00-9999.00-9999.00 77.35 118.76 142.24 385.29 296.34 87.25 372.15 87.86 80.93 377.94
77.22 192.36 146.77 375.72 0.00 137.78 122.04 77.22 76.17 400.46 244.30 90.15 180.36 97.30 95.46 101.35-9999.00-9999.00-9999.00-9999.00-9999.00-9999.00-9999.00-9999.00-9999.00-9999.00-9999.00-9999.00-9999.00-9999.00-9999.00-9999.00-9999.00-9999.00-9999.00-9999.00-9999.00-9999.00-9999.00-9999.00-9999.00-9999.00 80.15 102.07 88.38 99.27 82.48 89.73 90.17 212.77 91.18 377.89 85.53 376.81 87.11 84.78 90.66 90.17 77.81 138.64 378.01 89.73 78.89 0.00 0.00 368.21 80.40 79.69 121.83 381.80 79.69 85.53 81.82 87.40 85.53 77.15 169.73 77.57 84.78 76.36 379.71 120.96 85.72 83.20 77.25 78.23 77.45
137.45 188.73 0.00 0.00 301.42 79.07 80.40 84.84 95.48 84.91 80.15 0.00 158.09 0.00 158.09 379.10 192.77 84.40 90.50 417.86 377.94 376.80 85.29 93.42-9999.00-9999.00-9999.00-9999.00-9999.00-9999.00 -9999.00-9999.00-9999.00-9999.00-9999.00-9999.00-9999.00-9999.00-9999.00-9999.00-9999.00-9999.00 229.19 90.19 81.44 79.27 113.54 179.60 354.62 0.00 151.92 76.98 75.83 0.00 377.74 77.22 75.65 250.33 77.48 378.16 86.48 144.50 85.56-9999.00-9999.00-9999.00-9999.00 93.73 95.01 77.10 180.45 379.04 79.91 381.74 78.89 85.29 217.74 88.97 191.05 83.58 364.80 89.51
133.12 140.14 81.12 95.46 328.70 89.65 84.07 378.60 89.49 379.46 147.06 96.77 88.96 81.12 84.21 77.63 387.94 378.03 91.46 382.07 154.49 89.59 102.07 98.45 86.84 82.14 89.31 80.93 365.64 0.00 91.46 380.41 76.40 0.00 78.54 130.85 83.58 89.73 92.54 110.98 76.97 325.17 138.57 77.94 82.83 0.00 76.50 86.47 85.91 80.93 82.14 87.11 326.33 81.82 0.00 122.54 77.06 161.06 86.02 117.60 328.66
89.59 95.91 80.40 141.80 114.81 79.07 81.51 381.07 76.14 0.00 83.98 85.72 76.07 0.00 76.32 91.46 88.72 375.74 83.98 86.24 376.96 77.25 140.42 85.44 77.15 0.00 116.34 77.15 77.45 163.61 0.00 210.03 126.50 306.22 98.45 219.75 133.18 77.57 86.02 164.56 98.04 380.15 346.21 77.57 89.95 78.23 139.24 397.61 380.66 76.56 381.13 135.91 81.21 76.97 376.42 175.88 89.95 355.95 76.68 251.05 89.51
84.07 95.46 91.46 114.14 378.02 78.54 379.18 378.79 0.00 0.00 76.89 129.16 0.00 114.73 76.68 90.17 83.98 381.81 76.40 76.82 160.43 86.35 77.69 77.45 0.00 116.08 77.35 84.02 125.72 0.00 81.51 294.41 78.71 129.81 87.11 92.05 119.53 264.41 101.33 378.84 385.52 331.15 253.52 92.70 346.96 228.90 77.25 93.81 84.23 76.36 0.00 84.83 88.19 129.69 85.81 85.91 86.98 77.35 202.20 78.89 86.02
303.43 297.59 95.68 339.49 89.42 91.75 82.14 84.83 77.57 128.45 135.07 83.58 0.00 81.82 385.21 376.16 340.67 204.55 77.94 77.69 128.10 84.60 85.53 79.07 0.00 76.62 87.55 127.31 0.00 76.82 76.68 119.74 85.44 84.78 89.51 82.48 76.56 119.55 204.37 97.57 0.00 114.91 76.68 86.02 77.35 87.70 85.36 79.69 264.48 114.72 0.00 87.81 87.86 86.12 85.05 81.21 115.25 380.43 115.00 85.53 79.27
77.25 76.07 87.86 265.99 80.15 86.24 155.60 77.81 117.40 376.14 377.56 85.75 0.00 79.91 384.35 379.81 383.19 78.89 79.07 85.91 94.21 165.22 376.17 79.47 85.29 98.04 85.27 84.83 0.00 346.98 140.44 76.82 85.27 242.91 121.07 79.07 93.06 229.08 375.94 0.00 189.98 77.06 96.56 133.43 385.07 375.14 87.40 94.21 76.12 271.92 90.91 82.14 0.00 115.90 82.83 85.20 85.91 84.04 79.69 378.27 0.00
166.21 0.00 0.00 87.25 90.17 95.91 143.47 91.46 150.67 126.67 0.00 87.81 364.33 134.98 129.13 84.55 85.81 85.36 77.81 144.49 378.80 0.00 0.00 139.92 82.83 0.00 87.27 141.07 141.91 78.38 84.84 127.70 83.58 378.52 0.00 104.18 381.55 381.21 121.44 79.91 87.55 86.71 85.20 79.69 79.47 97.63 93.06 185.17 81.21 142.90 95.04-9999.00-9999.00-9999.00-9999.00-9999.00-9999.00-9999.00-9999.00 -9999.00-9999.00-9999.00-9999.00-9999.00-9999.00-9999.00-9999.00-9999.00-9999.00 83.79 117.14 118.55 0.00 377.57 76.40 80.00 85.80 86.76
0.00 375.52 79.44 0.00 386.75 381.09 315.22 0.00 375.44 371.59 259.07 88.71 88.19 84.83 386.13 78.54 79.69 77.81 77.69 90.66 91.46 363.67 138.40 85.75-9999.00-9999.00-9999.00-9999.00-9999.00-9999.00-9999.00-9999.00 -9999.00-9999.00-9999.00-9999.00-9999.00-9999.00-9999.00-9999.00-9999.00-9999.00 87.24 127.77 115.37 0.00 209.14 87.41 96.13 83.29 75.68 86.48 394.36 75.75 84.42 84.75 75.82 0.00 147.97 76.32 94.57 81.77 133.63 76.04 197.68 380.61 222.92 120.08 80.82 76.76 219.97 382.28 89.65 85.46 387.79 77.35 89.19 87.03
0.00 80.00 90.42 83.24 132.76 125.79 78.64 0.00 291.88 284.18 116.15 86.48 89.90 379.21 91.27 134.36 353.71 80.26 87.95 376.61 84.84 76.04 167.45 0.00 86.47 92.58 86.76 83.60 75.51 85.24 88.54 376.21 83.56 290.15 83.08 84.75 75.48 330.75 0.00 167.46 129.63 75.61 83.38 82.47 310.09 78.89 149.89 374.39 375.22 76.32 144.54 0.00 135.99 76.82 86.71 88.36 77.69 143.22 0.00 121.82 85.29
0.00 124.44 78.45 191.00 93.58 75.52 142.33 338.24 378.67 165.66 88.75 80.40 0.00 379.94 80.93 397.72 78.71 107.11 86.74 130.53 0.00 141.59 79.27 77.57 381.34 83.20 81.82 182.08 91.18 376.35 90.41 76.07 386.24 99.46 77.94 88.38 0.00 376.40 344.43 83.58 81.21 376.51 76.10 86.12 78.23 380.21 79.47 329.75 376.91 384.29 89.59 95.51 181.15 382.45 238.29 376.19 260.35 260.35 0.00 375.39 376.22
87.81 79.07 84.40 281.94 0.00 0.00 273.41 376.62 378.58 260.41 0.00 0.00 0.00 107.35 182.19 223.15 0.00 0.00 0.00 81.41 0.00 0.00 380.90 95.91 79.27 355.66 377.06 115.94 77.15 78.38 89.73-9999.00-9999.00-9999.00-9999.00-9999.00-9999.00-9999.00-9999.00-9999.00-9999.00-9999.00-9999.00-9999.00-9999.00 -9999.00-9999.00-9999.00-9999.00-9999.00-9999.00-9999.00-9999.00-9999.00-9999.00 92.62 176.06 232.90 86.92 161.58 152.26 370.17 86.33 86.92 350.55 375.02 0.00 81.44 75.54 75.88 84.44 85.56 85.46 203.63 79.50 120.83 0.00 315.55 0.00 142.17 115.53 114.59 84.21 76.66
0.00 116.05 75.99 91.54 0.00 156.87 114.58 84.94 83.56 80.26 0.00 76.48 192.37 77.63 89.90 152.35 85.80 83.52 76.32 85.13 75.79 0.00 0.00 118.22 75.79 322.16 126.96 84.28 90.42 79.05 361.02 86.61 128.75 355.92 148.30 118.56 76.68 379.92 0.00 375.98 375.20 371.76 86.24 103.47 87.95 88.19 77.45 79.91 344.19 303.86 84.77 381.12 117.55 78.71 78.23 170.27 85.36 120.01 79.07 371.69 215.86
240.16 213.99 0.00 136.03 75.35 78.18 86.12 384.63 377.14 376.42 76.28 87.25 76.14 117.25 86.24 87.25 77.94-9999.00-9999.00-9999.00-9999.00-9999.00-9999.00-9999.00-9999.00-9999.00-9999.00-9999.00-9999.00-9999.00-9999.00-9999.00-9999.00 -9999.00-9999.00-9999.00-9999.00-9999.00-9999.00-9999.00-9999.00-9999.00-9999.00-9999.00-9999.00-9999.00-9999.00-9999.00-9999.00-9999.00 101.41 88.83 82.47 79.74 86.92 77.48 75.60 121.92 0.00 75.88 87.76 77.35 224.59 75.55 172.74 379.76 75.88 387.86 0.00 121.21 78.45 76.48 0.00 83.24 83.95 76.11 169.64 376.19 0.00 382.44 381.60 377.87 326.62 164.70 77.78 83.18 116.46 183.04 371.53 0.00 82.85 84.84 85.45
94.21 379.43 78.71 137.03 85.91 77.81 76.97 381.61 79.27 85.05 78.08 76.05 114.99 0.00 125.90 88.38 91.18 98.04 235.13 81.75 90.06 79.27 91.18 186.07 119.60 77.15 89.73 295.71 175.43 126.55 89.59-9999.00-9999.00-9999.00-9999.00-9999.00-9999.00-9999.00-9999.00-9999.00-9999.00-9999.00-9999.00-9999.00-9999.00-9999.00-9999.00-9999.00-9999.00-9999.00 -9999.00-9999.00-9999.00-9999.00-9999.00-9999.00-9999.00-9999.00-9999.00-9999.00-9999.00-9999.00-9999.00-9999.00-9999.00-9999.00-9999.00 80.54 274.88 141.15 81.44 186.86 365.90 76.66 0.00 141.04 79.50 87.60 90.69 88.96 87.58 77.63 79.50 86.92 91.58 79.05 113.56 155.95 0.00 96.77 379.24 75.71 88.54 79.27 96.38 88.75
180.46 78.38 119.15 167.59 84.36 84.78 77.06 87.11 84.45 77.35 76.12 118.41 182.92 383.11 406.89 380.26 0.00 0.00 86.24 377.65 376.98 377.39 261.31 144.47 114.64 76.50 80.40 141.80 86.47 91.18-9999.00-9999.00-9999.00-9999.00-9999.00-9999.00-9999.00-9999.00-9999.00-9999.00-9999.00-9999.00-9999.00-9999.00-9999.00-9999.00-9999.00-9999.00-9999.00-9999.00-9999.00 -9999.00-9999.00-9999.00-9999.00-9999.00-9999.00-9999.00-9999.00-9999.00-9999.00-9999.00-9999.00-9999.00-9999.00-9999.00-9999.00-9999.00-9999.00-9999.00 93.58 376.94 144.55 89.49 382.72 85.46 91.58 153.57 92.95 362.55 78.10 82.11 206.40 277.70 126.45 115.60 377.22 0.00 164.17 113.85 88.20 79.05 119.33 0.00 312.63 120.27 76.57 75.79 77.63 116.27
376.77 86.71 77.25 363.48 0.00 0.00 0.00 0.00 81.21 79.07 97.51 0.00 0.00 0.00 83.58 77.15 119.11 377.00 76.09 76.11 127.43 259.73 76.36 87.70-9999.00-9999.00-9999.00-9999.00-9999.00-9999.00-9999.00-9999.00-9999.00-9999.00-9999.00-9999.00-9999.00-9999.00-9999.00-9999.00-9999.00 -9999.00-9999.00-9999.00-9999.00-9999.00-9999.00-9999.00-9999.00-9999.00-9999.00-9999.00-9999.00-9999.00-9999.00-9999.00-9999.00-9999.00-9999.00-9999.00-9999.00-9999.00-9999.00-9999.00-9999.00-9999.00 181.25 295.58 377.88 375.73 379.95 389.83 380.04 0.00 0.00 0.00 0.00 0.00 368.15 79.74 80.82 169.72 90.19 0.00 0.00 0.00 0.00 0.00 336.00 109.58 0.00 0.00 376.94 284.00 365.38 378.80 271.55 376.16 91.74 93.99 86.98 92.48
381.60 115.84 77.57-9999.00-9999.00-9999.00-9999.00-9999.00-9999.00-9999.00-9999.00-9999.00-9999.00-9999.00-9999.00-9999.00-9999.00-9999.00-9999.00-9999.00-9999.00 -9999.00-9999.00-9999.00-9999.00-9999.00-9999.00-9999.00-9999.00-9999.00-9999.00-9999.00-9999.00-9999.00-9999.00-9999.00-9999.00-9999.00-9999.00-9999.00-9999.00-9999.00-9999.00-9999.00-9999.00 106.96 87.41 85.34 77.93 380.45 82.47 85.24 83.41 84.67 125.93 114.11 116.96 93.33 82.47 79.74 82.47 0.00 379.37 365.51 158.34 90.19 96.84 90.94 291.78 378.04 381.72 215.38 85.96 297.38 90.19 370.72 174.60 0.00 282.59 102.04 277.68 203.76 83.64 84.51 80.82 321.61 85.96 384.01 378.04 84.07 90.94 244.66 377.77 380.24 85.96 95.46 81.12 309.37 0.00 0.00 0.00 0.00
0.00 83.64 84.94 77.48 118.30 361.55 0.00 379.15 100.00 158.02 77.22 114.92 90.94 375.69 138.23 90.42 79.74 93.58 329.69 100.00 418.82 317.01 115.97 97.83 79.50 322.50 377.47 0.00 0.00 113.23 92.78 85.96 85.96 91.90 108.75 122.13 375.73 212.11 87.03 114.66 80.26 129.82 327.26 378.26 378.42 244.20 0.00 244.20 375.74 251.92 266.71 371.26 384.89 375.50 236.27 383.51 200.64 91.74 87.03 0.00 375.84
377.39 0.00 376.37 381.61 302.89 377.07 375.45 114.24 172.21 116.54 84.97 365.27 87.03 346.33 233.60 89.81 123.66 403.62 168.43 344.02 103.19 88.20 388.00 404.43 0.00 0.00 366.95 332.57 384.95 105.84 95.01 281.16 85.96 236.97 80.82 80.54 377.44 225.88 351.34 138.73 0.00 378.08 0.00 375.12 368.00 376.10 294.21 375.27 0.00 218.98 377.23 248.85 87.38 117.80 95.04 77.93 79.07 93.42 91.75 96.78 89.95
0.00 376.78 0.00 305.48 375.32 375.38 380.42 327.39 327.41 376.62 0.00 376.08 0.00 375.25 380.30 100.35 114.49 375.81 96.89 331.05 93.58 80.09 358.57 131.42 83.24 77.69 115.63 369.09 274.13 0.00 377.30 273.26 96.19 140.45 85.81 116.13 145.26 385.15 115.07 375.63 351.03 137.36 135.89 78.54 241.05 271.44 332.97 76.82 141.00 377.57 77.45 165.37-9999.00-9999.00-9999.00-9999.00-9999.00-9999.00-9999.00-9999.00-9999.00-9999.00-9999.00-9999.00-9999.00-9999.00-9999.00-9999.00-9999.00-9999.00-9999.00-9999.00-9999.00-9999.00 -9999.00-9999.00-9999.00-9999.00-9999.00-9999.00-9999.00-9999.00-9999.00-9999.00-9999.00-9999.00-9999.00-9999.00-9999.00-9999.00-9999.00-9999.00-9999.00-9999.00-9999.00-9999.00-9999.00-9999.00-9999.00-9999.00-9999.00-9999.00 91.74 132.69 99.14 95.46 90.19 78.45 376.57 88.20
376.78 375.74 127.35 352.80 0.00 171.43 102.51 243.99 311.09 324.80 377.75 379.74 260.99 101.35 90.19 375.60 325.79 261.66 377.12 380.18 381.57 0.00 0.00 0.00 0.00 0.00 376.74 192.37 296.38 120.17 192.37 336.20 0.00 296.38 375.84 0.00 377.58 375.18 296.38 377.19 296.38 0.00 0.00 0.00 0.00 0.00 0.00 0.00 377.44 169.06 98.07 92.78 376.96 391.95 379.30 83.71 97.03 362.35 114.72 77.19 80.08
380.09 84.40 96.56 382.51 89.91-9999.00-9999.00-9999.00-9999.00-9999.00-9999.00-9999.00-9999.00-9999.00-9999.00-9999.00-9999.00-9999.00-9999.00-9999.00-9999.00-9999.00-9999.00-9999.00-9999.00-9999.00 -9999.00-9999.00-9999.00-9999.00-9999.00-9999.00-9999.00-9999.00-9999.00-9999.00-9999.00-9999.00-9999.00-9999.00-9999.00-9999.00-9999.00-9999.00-9999.00-9999.00-9999.00-9999.00-9999.00-9999.00-9999.00-9999.00-9999.00-9999.00-9999.00-9999.00-9999.00-9999.00-9999.00 358.48 377.53 379.14 172.07 385.94 383.05 376.41 377.32 272.54 296.38 296.38 296.38 272.54 272.54 0.00 375.23 375.14 379.10 375.47 377.86 380.19 378.78 378.47 379.00 395.77 87.40 84.93 379.80 385.89 253.06 397.87 388.56 394.77 367.36 97.96 104.30 101.33 87.40 376.53 376.71 375.54 376.42 267.10 95.76 94.68 377.56 91.91 376.01 383.15 0.00 376.04 375.18 300.95 86.04 113.26
296.38 296.38 392.99 296.38 375.13 227.52 0.00 375.92 277.73 379.59 243.92 377.74 379.37 169.06 364.40 327.52 392.83 389.67 381.46 258.10 277.73 382.42 378.19 377.36 0.00 378.91 375.70 375.69 0.00 0.00 0.00 0.00 0.00 375.61 348.35 278.68 368.19 126.28 84.08 145.86 0.00 224.05 115.89 84.94 229.97 76.62 94.42 99.69 91.95 241.99 83.31 382.89 375.61 80.08 83.31 99.69 95.27 152.20 79.08 88.35 94.42
380.49 83.21 89.04 380.05 83.73-9999.00-9999.00-9999.00-9999.00-9999.00-9999.00-9999.00-9999.00-9999.00-9999.00-9999.00-9999.00-9999.00-9999.00-9999.00-9999.00-9999.00-9999.00 -9999.00-9999.00-9999.00-9999.00-9999.00-9999.00-9999.00-9999.00-9999.00-9999.00-9999.00-9999.00-9999.00-9999.00-9999.00-9999.00-9999.00-9999.00-9999.00-9999.00-9999.00-9999.00-9999.00-9999.00-9999.00-9999.00-9999.00-9999.00-9999.00-9999.00-9999.00-9999.00-9999.00-9999.00-9999.00-9999.00-9999.00-9999.00-9999.00-9999.00-9999.00-9999.00-9999.00-9999.00-9999.00-9999.00-9999.00-9999.00-9999.00-9999.00-9999.00 296.38 0.00 253.06 296.38 375.62 375.16 0.00 0.00 0.00 378.49 232.25 319.96 365.20 0.00 316.73 375.12 0.00 296.38 296.38 0.00 375.00 375.00 296.38 375.68 375.41 296.38 296.38 0.00 375.00 296.38 376.45 0.00 227.52 272.54 316.71 227.58 375.66 375.46 375.46 179.67 82.91 200.64 100.79 391.64 379.40 380.07 382.76 76.83 86.12 87.10 100.22 81.95 385.28 165.33 88.55
