蒙特卡罗+CDRMV3/输出数据/2D水深分布/WaterDepthGIS_0158.ASC
ncols         539            
nrows         744            
xllcorner     602630.84259341
yllcorner     3914823.670891 
cellsize      50             
NODATA_value  -9999.00       
[rows 0 to 26 of 32, columns 122 to 182 of 539]
79.31 381.11 132.69 74.59 158.47 84.45-9999.00-9999.00-9999.00-9999.00-9999.00-9999.00-9999.00-9999.00-9999.00-9999.00-9999.00-9999.00-9999.00-9999.00 -9999.00-9999.00-9999.00-9999.00-9999.00-9999.00-9999.00-9999.00-9999.00-9999.00-9999.00-9999.00-9999.00-9999.00-9999.00-9999.00-9999.00-9999.00-9999.00-9999.00-9999.00-9999.00-9999.00-9999.00-9999.00-9999.00-9999.00-9999.00-9999.00-9999.00-9999.00-9999.00-9999.00-9999.00-9999.00-9999.00-9999.00-9999.00-9999.00-9999.00-9999.00-9999.00-9999.00-9999.00-9999.00-9999.00-9999.00-9999.00-9999.00-9999.00-9999.00-9999.00-9999.00-9999.00-9999.00-9999.00-9999.00-9999.00-9999.00-9999.00-9999.00-9999.00-9999.00-9999.00-9999.00-9999.00-9999.00-9999.00-9999.00-9999.00-9999.00-9999.00-9999.00-9999.00-9999.00-9999.00-9999.00-9999.00-9999.00-9999.00-9999.00-9999.00-9999.00-9999.00-9999.00-9999.00-9999.00-9999.00-9999.00-9999.00-9999.00-9999.00-9999.00-9999.00-9999.00-9999.00-9999.00-9999.00-9999.00-9999.00-9999.00-9999.00-9999.00-9999.00-9999.00-9999.00-9999.00-9999.00-9999.00-9999.00-9999.00-9999.00-9999.00-9999.00-9999.00-9999.00 73.76 168.37 74.98 126.97 73.59 371.88 386.60 73.61 183.51 0.00 130.69 74.42 351.40 74.42 76.05-9999.00-9999.00-9999.00-9999.00-9999.00-9999.00-9999.00-9999.00-9999.00-9999.00-9999.00-9999.00-9999.00-9999.00 -9999.00-9999.00-9999.00-9999.00-9999.00-9999.00-9999.00-9999.00-9999.00-9999.00-9999.00-9999.00 86.80 77.63 89.75 90.19 78.32 87.67-9999.00-9999.00-9999.00-9999.00-9999.00-9999.00-9999.00-9999.00-9999.00-9999.00-9999.00-9999.00-9999.00-9999.00-9999.00-9999.00-9999.00-9999.00-9999.00-9999.00-9999.00-9999.00-9999.00-9999.00-9999.00-9999.00-9999.00-9999.00-9999.00-9999.00-9999.00-9999.00-9999.00-9999.00-9999.00-9999.00-9999.00-9999.00-9999.00-9999.00-9999.00-9999.00-9999.00-9999.00-9999.00-9999.00-9999.00-9999.00-9999.00-9999.00-9999.00-9999.00-9999.00-9999.00-9999.00-9999.00-9999.00-9999.00-9999.00-9999.00-9999.00-9999.00-9999.00-9999.00-9999.00-9999.00-9999.00-9999.00-9999.00-9999.00-9999.00-9999.00-9999.00-9999.00-9999.00-9999.00-9999.00-9999.00-9999.00-9999.00-9999.00-9999.00-9999.00-9999.00-9999.00-9999.00-9999.00-9999.00-9999.00-9999.00-9999.00-9999.00-9999.00-9999.00-9999.00-9999.00-9999.00 74.27 111.33 152.56 376.27 75.09 285.83 384.88 79.98 80.96 74.42 0.00 77.64 327.84 75.60 81.36 132.79 82.33-9999.00-9999.00-9999.00-9999.00-9999.00-9999.00-9999.00-9999.00-9999.00-9999.00-9999.00-9999.00-9999.00 -9999.00-9999.00-9999.00-9999.00-9999.00-9999.00-9999.00-9999.00-9999.00-9999.00-9999.00 77.63 140.61 178.44 91.03 178.73 294.22 75.66-9999.00-9999.00-9999.00-9999.00-9999.00-9999.00-9999.00-9999.00-9999.00-9999.00-9999.00-9999.00-9999.00-9999.00-9999.00-9999.00-9999.00-9999.00-9999.00-9999.00-9999.00-9999.00-9999.00-9999.00-9999.00-9999.00-9999.00-9999.00-9999.00-9999.00-9999.00-9999.00-9999.00-9999.00-9999.00-9999.00-9999.00-9999.00-9999.00-9999.00-9999.00-9999.00-9999.00-9999.00-9999.00-9999.00-9999.00-9999.00-9999.00-9999.00-9999.00-9999.00-9999.00-9999.00-9999.00-9999.00-9999.00-9999.00-9999.00-9999.00-9999.00-9999.00-9999.00-9999.00-9999.00-9999.00-9999.00-9999.00-9999.00-9999.00-9999.00-9999.00-9999.00-9999.00-9999.00-9999.00-9999.00-9999.00-9999.00-9999.00-9999.00-9999.00-9999.00-9999.00-9999.00-9999.00-9999.00-9999.00-9999.00-9999.00-9999.00-9999.00-9999.00-9999.00-9999.00-9999.00-9999.00 81.48 82.11 85.23 74.87 379.19 385.02 78.99
113.40 83.39 217.09 74.68 81.79 84.59 82.18 74.98 86.96 86.14 74.27 86.82 128.12 78.14 81.53 0.00 172.97 74.20 76.77 236.05 379.05 383.95 382.40 74.98 73.92 201.70 121.41 84.45-9999.00-9999.00 -9999.00-9999.00-9999.00-9999.00-9999.00-9999.00-9999.00-9999.00-9999.00-9999.00-9999.00-9999.00-9999.00-9999.00-9999.00 72.33 123.70 346.47 73.03 71.77 0.00 86.27 88.99 133.57 81.82-9999.00-9999.00-9999.00-9999.00-9999.00-9999.00-9999.00-9999.00-9999.00-9999.00-9999.00-9999.00-9999.00-9999.00-9999.00-9999.00-9999.00-9999.00-9999.00-9999.00-9999.00-9999.00-9999.00-9999.00-9999.00-9999.00-9999.00-9999.00-9999.00-9999.00-9999.00-9999.00-9999.00-9999.00-9999.00-9999.00-9999.00-9999.00-9999.00-9999.00-9999.00 81.11 96.74-9999.00-9999.00-9999.00-9999.00-9999.00-9999.00 84.29 83.40 118.08 83.63 80.72 380.95 77.41 85.06 327.48 169.89-9999.00-9999.00-9999.00-9999.00-9999.00-9999.00-9999.00-9999.00 74.77 115.08 137.73 384.99 284.00 84.44 369.92 85.06 78.14 378.19
73.26 173.48 133.09 371.45 0.00 132.93 116.70 73.26 72.27 399.38 233.06 86.02 169.39 93.01 91.03 97.13-9999.00-9999.00-9999.00-9999.00-9999.00-9999.00-9999.00-9999.00-9999.00-9999.00-9999.00-9999.00-9999.00-9999.00-9999.00-9999.00-9999.00-9999.00-9999.00-9999.00-9999.00-9999.00-9999.00-9999.00-9999.00-9999.00 77.41 99.05 85.60 96.74 79.63 86.96 87.40 204.67 88.36 378.24 82.67 377.26 84.29 81.91 87.86 87.40 75.21 132.59 378.02 86.96 76.22 0.00 0.00 363.61 77.64 76.97 117.97 381.29 76.97 82.67 78.99 84.59 82.67 74.59 164.91 74.98 81.91 73.84 379.73 117.11 82.86 80.34 74.68 75.60 74.87
130.90 171.57 0.00 0.00 287.35 76.39 77.64 81.97 92.33 82.04 77.41 0.00 148.86 0.00 148.86 378.75 178.87 81.53 88.15 418.54 378.20 376.84 82.42 90.39-9999.00-9999.00-9999.00-9999.00-9999.00-9999.00 -9999.00-9999.00-9999.00-9999.00-9999.00-9999.00-9999.00-9999.00-9999.00-9999.00-9999.00-9999.00 209.85 86.05 77.30 75.21 108.70 167.75 340.45 0.00 143.85 73.03 71.94 0.00 377.48 73.26 71.77 230.21 73.51 377.75 82.35 133.76 81.42-9999.00-9999.00-9999.00-9999.00 89.36 90.58 73.14 169.18 378.85 77.18 381.36 76.22 82.42 195.26 86.20 181.96 80.72 358.68 86.75
123.75 135.71 77.00 91.03 315.25 85.53 79.91 378.00 85.37 379.14 135.09 92.42 84.85 77.00 80.05 73.65 387.70 378.34 88.61 382.53 151.41 86.82 99.05 95.77 84.02 79.31 86.54 78.14 365.27 0.00 88.61 380.92 73.88 0.00 75.90 126.27 80.72 86.96 89.60 104.90 74.42 300.76 134.51 75.33 79.98 0.00 73.97 83.63 83.06 78.14 79.31 84.29 302.45 78.99 0.00 118.56 74.50 148.21 83.17 114.02 304.18
86.82 92.78 77.64 130.46 112.00 76.39 78.70 381.13 73.62 0.00 81.11 82.86 73.56 0.00 73.80 88.61 85.95 376.13 81.11 83.39 376.67 74.68 136.46 82.58 74.59 0.00 112.84 74.59 74.87 158.04 0.00 187.43 122.92 298.97 95.77 190.68 126.79 74.98 83.17 150.44 95.26 380.34 336.99 74.98 87.18 75.60 133.44 396.17 380.29 74.02 381.57 131.20 78.41 74.42 376.83 173.43 87.18 346.84 74.14 223.60 86.75
79.91 91.03 88.61 111.20 378.06 75.90 379.38 378.93 0.00 0.00 74.34 123.79 0.00 111.24 74.14 87.40 81.11 382.08 73.88 74.27 153.22 83.51 75.09 74.87 0.00 112.59 74.77 81.15 121.40 0.00 78.70 260.65 76.05 125.58 84.29 89.15 116.19 241.16 98.56 379.31 385.77 309.39 236.50 89.74 331.20 208.09 74.68 90.73 81.36 73.84 0.00 81.96 85.40 126.00 82.96 83.06 84.15 74.77 197.63 76.22 83.17
292.30 273.40 91.26 331.77 85.30 88.88 79.31 81.96 74.98 123.17 129.10 80.72 0.00 78.99 385.73 376.14 310.75 198.09 75.33 75.09 122.91 81.73 82.67 76.39 0.00 74.08 84.74 123.76 0.00 74.27 74.14 116.03 82.58 81.91 86.75 79.63 74.02 115.80 180.59 94.68 0.00 111.41 74.14 83.17 74.77 84.90 82.49 76.97 257.69 111.60 0.00 85.02 85.06 83.28 82.18 78.41 111.84 380.57 112.34 82.67 76.58
74.69 73.56 85.06 264.17 77.41 83.40 142.21 75.21 113.84 376.26 377.90 82.90 0.00 77.18 384.13 379.72 383.00 76.22 76.39 83.06 91.10 150.83 376.45 76.77 82.42 95.26 82.41 81.96 0.00 334.87 134.49 74.27 82.41 218.15 117.29 76.39 90.06 215.25 368.74 0.00 166.54 74.50 93.49 128.78 385.58 375.70 84.59 91.10 73.61 254.05 88.11 79.31 0.00 112.44 79.98 82.33 83.06 81.17 76.97 378.46 0.00
151.37 0.00 0.00 84.44 87.40 92.78 142.26 88.61 138.33 122.64 0.00 85.02 350.54 131.49 125.22 81.68 82.96 82.49 75.21 143.38 378.97 0.00 0.00 136.56 79.98 0.00 84.45 134.26 133.50 75.74 81.97 123.28 80.72 378.64 0.00 100.36 381.71 381.32 117.62 77.18 84.74 83.88 82.33 76.97 76.77 94.75 90.06 174.99 78.41 141.21 91.89-9999.00-9999.00-9999.00-9999.00-9999.00-9999.00-9999.00-9999.00 -9999.00-9999.00-9999.00-9999.00-9999.00-9999.00-9999.00-9999.00-9999.00-9999.00 79.63 112.58 114.13 0.00 377.47 72.48 75.91 81.66 82.63
0.00 375.59 76.70 0.00 387.99 381.84 314.07 0.00 376.10 369.48 242.25 86.25 85.40 81.96 386.93 75.90 76.97 75.21 75.09 87.86 88.61 353.69 134.30 82.90-9999.00-9999.00-9999.00-9999.00-9999.00-9999.00-9999.00-9999.00 -9999.00-9999.00-9999.00-9999.00-9999.00-9999.00-9999.00-9999.00-9999.00-9999.00 83.12 122.34 110.87 0.00 185.05 83.29 90.29 79.13 71.80 82.35 392.58 71.86 80.27 80.60 71.93 0.00 141.68 72.40 90.16 77.63 125.82 72.14 178.87 380.11 203.22 115.00 76.70 72.83 214.21 382.42 85.53 81.31 387.32 73.38 85.07 82.90
0.00 75.91 86.27 79.08 127.19 120.21 74.62 0.00 277.67 259.37 111.53 82.35 85.77 378.78 87.08 127.70 340.06 76.16 83.83 376.53 80.69 72.14 161.77 0.00 82.33 88.30 82.63 79.44 71.63 81.09 84.43 375.86 79.40 264.55 78.92 80.60 71.61 308.25 0.00 151.24 124.40 71.73 79.22 78.32 296.59 76.22 143.65 375.78 375.61 73.80 144.13 0.00 129.10 74.27 83.88 85.58 75.09 136.86 0.00 118.16 82.42
0.00 118.70 74.43 173.35 89.22 71.64 139.02 321.67 378.49 150.41 84.64 77.64 0.00 380.09 78.14 397.89 76.05 103.07 83.91 126.94 0.00 138.82 76.58 74.98 381.28 80.34 78.99 165.06 88.36 376.09 87.63 73.56 386.72 96.95 75.33 85.60 0.00 376.54 324.09 80.72 78.41 376.62 73.59 83.28 75.60 380.38 76.77 317.81 377.16 384.44 86.82 92.36 164.68 382.55 233.83 376.68 257.30 257.30 0.00 375.54 376.35
85.02 76.39 81.53 268.17 0.00 0.00 259.17 376.92 379.42 257.37 0.00 0.00 0.00 102.67 170.19 214.04 0.00 0.00 0.00 78.60 0.00 0.00 381.08 92.78 76.58 346.48 377.19 112.46 74.59 75.74 86.96-9999.00-9999.00-9999.00-9999.00-9999.00-9999.00-9999.00-9999.00-9999.00-9999.00-9999.00-9999.00-9999.00-9999.00 -9999.00-9999.00-9999.00-9999.00-9999.00-9999.00-9999.00-9999.00-9999.00-9999.00 88.34 166.00 203.35 82.79 152.37 141.47 355.98 82.19 82.79 321.04 374.37 0.00 77.30 71.66 71.99 80.43 81.42 81.31 186.10 75.43 115.65 0.00 297.27 0.00 129.61 111.32 110.20 80.05 72.73
0.00 111.09 72.09 86.09 0.00 144.86 110.09 80.78 79.40 76.16 0.00 72.56 174.47 73.65 85.77 142.72 81.66 79.36 72.40 80.98 71.90 0.00 0.00 113.58 71.90 306.77 121.57 80.12 86.27 75.01 359.40 82.48 123.48 339.52 139.87 114.89 74.14 379.45 0.00 377.28 376.41 369.59 83.40 99.40 85.44 85.70 74.87 77.18 335.59 292.64 82.35 381.70 114.07 76.05 75.60 167.30 82.49 116.24 76.39 368.25 199.61
232.38 204.05 0.00 130.42 72.84 75.51 83.28 384.92 377.46 376.84 73.76 84.44 73.62 114.63 83.39 84.44 75.33-9999.00-9999.00-9999.00-9999.00-9999.00-9999.00-9999.00-9999.00-9999.00-9999.00-9999.00-9999.00-9999.00-9999.00-9999.00-9999.00 -9999.00-9999.00-9999.00-9999.00-9999.00-9999.00-9999.00-9999.00-9999.00-9999.00-9999.00-9999.00-9999.00-9999.00-9999.00-9999.00-9999.00 97.17 84.71 78.32 75.66 82.79 73.51 71.71 116.58 0.00 71.99 83.65 73.38 211.00 71.67 161.80 379.02 71.99 386.61 0.00 112.48 74.43 72.56 0.00 79.08 79.79 72.20 164.13 376.17 0.00 382.25 381.43 377.80 303.48 157.96 73.79 79.02 111.66 165.36 363.59 0.00 78.69 80.69 81.30
91.10 379.12 76.05 132.15 83.06 75.21 74.42 381.70 76.58 82.18 75.46 73.54 111.47 0.00 117.20 85.60 88.36 95.26 218.63 78.93 88.72 76.58 88.36 167.33 115.84 74.59 86.96 281.84 156.16 123.10 86.82-9999.00-9999.00-9999.00-9999.00-9999.00-9999.00-9999.00-9999.00-9999.00-9999.00-9999.00-9999.00-9999.00-9999.00-9999.00-9999.00-9999.00-9999.00-9999.00 -9999.00-9999.00-9999.00-9999.00-9999.00-9999.00-9999.00-9999.00-9999.00-9999.00-9999.00-9999.00-9999.00-9999.00-9999.00-9999.00-9999.00 76.43 255.46 135.46 77.30 169.13 359.97 72.73 0.00 137.08 75.43 83.48 86.53 84.85 83.47 73.65 75.43 82.79 87.37 75.01 108.72 146.21 0.00 92.42 378.82 71.83 84.43 75.21 91.99 84.64
177.73 75.74 115.61 161.85 81.48 81.91 74.50 84.29 81.58 74.77 73.61 114.77 166.06 382.78 405.22 379.85 0.00 0.00 83.40 377.48 376.62 376.75 229.23 138.35 111.13 73.97 77.64 136.28 83.63 88.36-9999.00-9999.00-9999.00-9999.00-9999.00-9999.00-9999.00-9999.00-9999.00-9999.00-9999.00-9999.00-9999.00-9999.00-9999.00-9999.00-9999.00-9999.00-9999.00-9999.00-9999.00 -9999.00-9999.00-9999.00-9999.00-9999.00-9999.00-9999.00-9999.00-9999.00-9999.00-9999.00-9999.00-9999.00-9999.00-9999.00-9999.00-9999.00-9999.00-9999.00 89.22 376.86 138.64 85.37 382.32 81.31 87.37 143.30 88.64 352.75 74.10 77.96 197.51 245.56 120.71 110.78 377.10 0.00 149.33 109.33 84.08 75.01 114.22 0.00 295.44 115.06 72.64 71.90 73.65 111.46
377.00 83.88 74.68 364.98 0.00 0.00 0.00 0.00 78.41 76.39 94.92 0.00 0.00 0.00 80.72 74.59 115.40 377.05 73.58 73.60 122.38 233.55 73.84 84.90-9999.00-9999.00-9999.00-9999.00-9999.00-9999.00-9999.00-9999.00-9999.00-9999.00-9999.00-9999.00-9999.00-9999.00-9999.00-9999.00-9999.00 -9999.00-9999.00-9999.00-9999.00-9999.00-9999.00-9999.00-9999.00-9999.00-9999.00-9999.00-9999.00-9999.00-9999.00-9999.00-9999.00-9999.00-9999.00-9999.00-9999.00-9999.00-9999.00-9999.00-9999.00-9999.00 172.47 261.82 377.71 375.31 379.64 389.13 379.71 0.00 0.00 0.00 0.00 0.00 363.19 75.66 76.70 158.90 86.05 0.00 0.00 0.00 0.00 0.00 327.30 102.93 0.00 0.00 376.96 279.50 365.99 378.94 268.65 375.97 87.53 88.33 81.66 88.28
381.56 112.37 74.98-9999.00-9999.00-9999.00-9999.00-9999.00-9999.00-9999.00-9999.00-9999.00-9999.00-9999.00-9999.00-9999.00-9999.00-9999.00-9999.00-9999.00-9999.00 -9999.00-9999.00-9999.00-9999.00-9999.00-9999.00-9999.00-9999.00-9999.00-9999.00-9999.00-9999.00-9999.00-9999.00-9999.00-9999.00-9999.00-9999.00-9999.00-9999.00-9999.00-9999.00-9999.00-9999.00 101.04 83.29 81.19 73.94 379.88 78.32 81.09 79.25 80.51 120.82 109.77 110.74 88.99 78.32 75.66 78.32 0.00 379.16 349.86 148.30 86.05 92.50 86.77 286.10 377.79 381.29 199.59 81.82 284.04 86.05 366.40 166.20 0.00 263.83 97.50 268.03 180.00 79.48 80.35 76.70 306.97 81.82 382.90 377.71 79.91 86.77 226.23 377.73 380.04 81.82 91.03 77.00 298.13 0.00 0.00 0.00 0.00
0.00 79.48 80.78 73.51 113.23 354.26 0.00 379.14 95.98 144.71 73.33 110.49 84.67 370.58 129.28 86.27 75.66 89.22 319.56 95.98 418.30 316.83 107.97 93.63 75.43 305.68 377.30 0.00 0.00 105.75 86.98 81.82 81.82 87.67 102.32 113.78 375.66 187.88 82.90 106.89 76.16 123.16 311.12 378.28 378.48 239.97 0.00 239.97 375.77 248.42 263.85 371.41 384.47 375.53 226.18 383.24 179.68 87.53 82.90 0.00 374.45
377.48 0.00 376.56 381.79 298.48 376.98 375.47 107.95 159.44 106.90 80.82 358.24 82.90 337.18 213.03 84.47 114.86 403.18 159.69 336.07 98.45 84.08 387.05 405.11 0.00 0.00 357.61 324.12 384.82 100.25 90.58 262.81 81.82 225.42 76.70 76.43 377.10 211.61 345.30 129.08 0.00 378.39 0.00 375.17 372.01 376.63 289.62 375.31 0.00 213.63 377.19 237.20 83.39 108.35 88.59 73.94 76.39 90.39 88.88 93.74 87.18
0.00 376.75 0.00 304.19 375.32 375.42 380.65 326.59 326.62 376.80 0.00 376.19 0.00 375.25 379.83 96.28 106.79 375.82 92.84 317.16 89.22 76.09 348.46 125.63 79.08 75.09 112.17 363.36 259.98 0.00 377.61 232.76 94.38 136.33 82.96 112.67 140.80 385.44 111.72 376.00 322.73 131.38 129.69 75.90 223.98 246.30 315.03 74.27 135.11 377.76 74.87 156.44-9999.00-9999.00-9999.00-9999.00-9999.00-9999.00-9999.00-9999.00-9999.00-9999.00-9999.00-9999.00-9999.00-9999.00-9999.00-9999.00-9999.00-9999.00-9999.00-9999.00-9999.00-9999.00 -9999.00-9999.00-9999.00-9999.00-9999.00-9999.00-9999.00-9999.00-9999.00-9999.00-9999.00-9999.00-9999.00-9999.00-9999.00-9999.00-9999.00-9999.00-9999.00-9999.00-9999.00-9999.00-9999.00-9999.00-9999.00-9999.00-9999.00-9999.00 87.53 127.50 95.11 91.03 86.05 74.43 376.46 84.08
376.82 375.71 118.29 347.01 0.00 163.27 94.42 233.39 307.89 323.55 377.61 379.84 247.15 97.13 86.05 374.91 318.31 251.52 376.93 379.80 381.32 0.00 0.00 0.00 0.00 0.00 376.70 186.38 294.95 112.16 186.38 336.10 0.00 294.95 375.39 0.00 377.68 375.18 294.95 377.04 294.95 0.00 0.00 0.00 0.00 0.00 0.00 0.00 377.09 161.26 93.18 88.18 376.70 390.74 378.92 79.36 89.07 342.88 109.40 72.93 75.70
380.99 81.53 93.49 383.33 85.85-9999.00-9999.00-9999.00-9999.00-9999.00-9999.00-9999.00-9999.00-9999.00-9999.00-9999.00-9999.00-9999.00-9999.00-9999.00-9999.00-9999.00-9999.00-9999.00-9999.00-9999.00 -9999.00-9999.00-9999.00-9999.00-9999.00-9999.00-9999.00-9999.00-9999.00-9999.00-9999.00-9999.00-9999.00-9999.00-9999.00-9999.00-9999.00-9999.00-9999.00-9999.00-9999.00-9999.00-9999.00-9999.00-9999.00-9999.00-9999.00-9999.00-9999.00-9999.00-9999.00-9999.00-9999.00 347.19 377.53 379.14 156.43 385.56 382.77 376.37 377.25 270.26 294.95 294.95 294.95 270.26 270.26 0.00 375.23 375.14 378.44 375.37 377.68 379.37 378.78 378.47 379.00 393.03 82.88 80.41 379.01 384.78 250.24 397.30 388.38 394.54 357.33 89.76 94.77 96.65 82.88 376.39 376.51 375.48 376.36 260.09 90.88 89.90 377.33 87.48 375.87 382.19 0.00 376.00 375.16 294.15 81.69 106.16
294.95 294.95 392.43 294.95 375.13 223.56 0.00 375.90 275.40 379.03 240.46 377.61 378.92 161.26 359.46 319.80 390.91 388.29 381.03 255.22 275.40 381.59 377.88 377.25 0.00 378.89 375.67 375.66 0.00 0.00 0.00 0.00 0.00 375.60 348.21 278.86 361.10 116.63 79.58 141.58 0.00 206.11 110.67 80.42 217.39 72.38 89.66 94.92 87.40 231.81 78.82 382.62 375.52 75.70 78.82 94.92 90.43 142.91 74.74 83.85 89.66
380.01 79.35 85.02 379.90 79.87-9999.00-9999.00-9999.00-9999.00-9999.00-9999.00-9999.00-9999.00-9999.00-9999.00-9999.00-9999.00-9999.00-9999.00-9999.00-9999.00-9999.00-9999.00 -9999.00-9999.00-9999.00-9999.00-9999.00-9999.00-9999.00-9999.00-9999.00-9999.00-9999.00-9999.00-9999.00-9999.00-9999.00-9999.00-9999.00-9999.00-9999.00-9999.00-9999.00-9999.00-9999.00-9999.00-9999.00-9999.00-9999.00-9999.00-9999.00-9999.00-9999.00-9999.00-9999.00-9999.00-9999.00-9999.00-9999.00-9999.00-9999.00-9999.00-9999.00-9999.00-9999.00-9999.00-9999.00-9999.00-9999.00-9999.00-9999.00-9999.00-9999.00 294.95 0.00 250.24 294.95 375.62 375.07 0.00 0.00 0.00 378.48 228.20 316.99 364.65 0.00 313.84 375.12 0.00 294.95 294.95 0.00 375.00 375.00 294.95 375.68 375.41 294.95 294.95 0.00 375.00 294.95 376.45 0.00 223.56 270.26 313.84 223.62 375.57 375.39 375.39 162.28 78.57 185.63 93.16 390.82 379.18 379.81 382.43 72.59 81.60 82.58 95.50 77.50 384.93 152.02 84.04
