蒙特卡罗+CDRMV3/输出数据/2D水深分布/WaterDepthGIS_0140.ASC
ncols         539            
nrows         744            
xllcorner     602630.84259341
yllcorner     3914823.670891 
cellsize      50             
NODATA_value  -9999.00       
[rows 0 to 26 of 32, columns 122 to 182 of 539]
86.42 381.24 145.33 81.31 182.86 91.45-9999.00-9999.00-9999.00-9999.00-9999.00-9999.00-9999.00-9999.00-9999.00-9999.00-9999.00-9999.00-9999.00-9999.00 -9999.00-9999.00-9999.00-9999.00-9999.00-9999.00-9999.00-9999.00-9999.00-9999.00-9999.00-9999.00-9999.00-9999.00-9999.00-9999.00-9999.00-9999.00-9999.00-9999.00-9999.00-9999.00-9999.00-9999.00-9999.00-9999.00-9999.00-9999.00-9999.00-9999.00-9999.00-9999.00-9999.00-9999.00-9999.00-9999.00-9999.00-9999.00-9999.00-9999.00-9999.00-9999.00-9999.00-9999.00-9999.00-9999.00-9999.00-9999.00-9999.00-9999.00-9999.00-9999.00-9999.00-9999.00-9999.00-9999.00-9999.00-9999.00-9999.00-9999.00-9999.00-9999.00-9999.00-9999.00-9999.00-9999.00-9999.00-9999.00-9999.00-9999.00-9999.00-9999.00-9999.00-9999.00-9999.00-9999.00-9999.00-9999.00-9999.00-9999.00-9999.00-9999.00-9999.00-9999.00-9999.00-9999.00-9999.00-9999.00-9999.00-9999.00-9999.00-9999.00-9999.00-9999.00-9999.00-9999.00-9999.00-9999.00-9999.00-9999.00-9999.00-9999.00-9999.00-9999.00-9999.00-9999.00-9999.00-9999.00-9999.00-9999.00-9999.00-9999.00-9999.00-9999.00-9999.00-9999.00 80.40 175.68 81.75 135.74 80.21 376.38 387.80 80.23 213.40 0.00 142.50 81.13 372.32 81.13 82.95-9999.00-9999.00-9999.00-9999.00-9999.00-9999.00-9999.00-9999.00-9999.00-9999.00-9999.00-9999.00-9999.00-9999.00 -9999.00-9999.00-9999.00-9999.00-9999.00-9999.00-9999.00-9999.00-9999.00-9999.00-9999.00-9999.00 95.15 85.84 98.35 98.78 86.53 96.12-9999.00-9999.00-9999.00-9999.00-9999.00-9999.00-9999.00-9999.00-9999.00-9999.00-9999.00-9999.00-9999.00-9999.00-9999.00-9999.00-9999.00-9999.00-9999.00-9999.00-9999.00-9999.00-9999.00-9999.00-9999.00-9999.00-9999.00-9999.00-9999.00-9999.00-9999.00-9999.00-9999.00-9999.00-9999.00-9999.00-9999.00-9999.00-9999.00-9999.00-9999.00-9999.00-9999.00-9999.00-9999.00-9999.00-9999.00-9999.00-9999.00-9999.00-9999.00-9999.00-9999.00-9999.00-9999.00-9999.00-9999.00-9999.00-9999.00-9999.00-9999.00-9999.00-9999.00-9999.00-9999.00-9999.00-9999.00-9999.00-9999.00-9999.00-9999.00-9999.00-9999.00-9999.00-9999.00-9999.00-9999.00-9999.00-9999.00-9999.00-9999.00-9999.00-9999.00-9999.00-9999.00-9999.00-9999.00-9999.00-9999.00-9999.00-9999.00-9999.00-9999.00-9999.00-9999.00-9999.00-9999.00 80.96 119.86 168.54 376.57 81.88 329.61 385.88 87.10 88.08 81.13 0.00 84.68 355.84 82.44 88.48 142.36 89.41-9999.00-9999.00-9999.00-9999.00-9999.00-9999.00-9999.00-9999.00-9999.00-9999.00-9999.00-9999.00-9999.00 -9999.00-9999.00-9999.00-9999.00-9999.00-9999.00-9999.00-9999.00-9999.00-9999.00-9999.00 85.84 158.68 207.06 99.55 217.65 324.06 83.81-9999.00-9999.00-9999.00-9999.00-9999.00-9999.00-9999.00-9999.00-9999.00-9999.00-9999.00-9999.00-9999.00-9999.00-9999.00-9999.00-9999.00-9999.00-9999.00-9999.00-9999.00-9999.00-9999.00-9999.00-9999.00-9999.00-9999.00-9999.00-9999.00-9999.00-9999.00-9999.00-9999.00-9999.00-9999.00-9999.00-9999.00-9999.00-9999.00-9999.00-9999.00-9999.00-9999.00-9999.00-9999.00-9999.00-9999.00-9999.00-9999.00-9999.00-9999.00-9999.00-9999.00-9999.00-9999.00-9999.00-9999.00-9999.00-9999.00-9999.00-9999.00-9999.00-9999.00-9999.00-9999.00-9999.00-9999.00-9999.00-9999.00-9999.00-9999.00-9999.00-9999.00-9999.00-9999.00-9999.00-9999.00-9999.00-9999.00-9999.00-9999.00-9999.00-9999.00-9999.00-9999.00-9999.00-9999.00-9999.00-9999.00-9999.00-9999.00-9999.00-9999.00-9999.00-9999.00-9999.00-9999.00 88.59 89.20 92.21 81.63 379.87 386.20 86.10
121.30 90.43 264.96 81.41 88.89 91.58 89.27 81.75 93.99 93.13 80.96 93.84 141.00 85.21 88.64 0.00 190.06 80.89 83.73 277.57 379.07 383.95 382.13 81.75 80.58 246.67 131.80 91.45-9999.00-9999.00 -9999.00-9999.00-9999.00-9999.00-9999.00-9999.00-9999.00-9999.00-9999.00-9999.00-9999.00-9999.00-9999.00-9999.00-9999.00 80.22 137.20 366.29 80.99 79.60 0.00 94.56 97.57 148.05 89.98-9999.00-9999.00-9999.00-9999.00-9999.00-9999.00-9999.00-9999.00-9999.00-9999.00-9999.00-9999.00-9999.00-9999.00-9999.00-9999.00-9999.00-9999.00-9999.00-9999.00-9999.00-9999.00-9999.00-9999.00-9999.00-9999.00-9999.00-9999.00-9999.00-9999.00-9999.00-9999.00-9999.00-9999.00-9999.00-9999.00-9999.00-9999.00-9999.00-9999.00-9999.00 88.23 103.26-9999.00-9999.00-9999.00-9999.00-9999.00-9999.00 91.30 90.43 127.33 90.66 87.84 381.09 84.43 92.05 347.17 208.49-9999.00-9999.00-9999.00-9999.00-9999.00-9999.00-9999.00-9999.00 81.52 123.99 148.01 385.80 307.33 91.44 374.39 92.05 85.21 378.09
81.23 207.03 159.96 376.23 0.00 143.59 127.39 81.23 80.15 400.80 253.42 94.28 196.69 101.18 99.55 105.92-9999.00-9999.00-9999.00-9999.00-9999.00-9999.00-9999.00-9999.00-9999.00-9999.00-9999.00-9999.00-9999.00-9999.00-9999.00-9999.00-9999.00-9999.00-9999.00-9999.00-9999.00-9999.00-9999.00-9999.00-9999.00-9999.00 84.43 107.29 92.57 103.26 86.76 93.99 94.47 220.38 95.56 378.02 89.74 377.13 91.30 89.00 94.99 94.47 82.01 142.81 378.41 93.99 83.13 0.00 0.00 373.42 84.68 83.95 127.37 382.41 83.95 89.74 86.10 91.58 89.74 81.31 174.10 81.75 89.00 80.48 380.42 126.38 89.92 87.47 81.41 82.44 81.63
142.28 205.99 0.00 0.00 314.02 83.32 84.68 89.07 99.74 89.13 84.43 0.00 167.12 0.00 167.12 379.47 205.85 88.64 97.17 419.70 378.15 376.98 89.50 97.89-9999.00-9999.00-9999.00-9999.00-9999.00-9999.00 -9999.00-9999.00-9999.00-9999.00-9999.00-9999.00-9999.00-9999.00-9999.00-9999.00-9999.00-9999.00 244.13 94.31 85.51 83.34 118.26 189.96 364.61 0.00 157.84 80.99 79.80 0.00 378.13 81.23 79.60 268.39 81.51 378.61 90.50 155.76 89.59-9999.00-9999.00-9999.00-9999.00 97.96 99.15 81.11 191.48 379.35 84.18 382.45 83.13 89.50 237.46 93.19 198.81 87.84 370.64 93.76
143.43 145.12 85.20 99.55 337.75 93.75 88.11 378.99 93.57 379.85 158.91 100.71 93.03 85.20 88.24 81.66 389.02 378.13 95.86 382.59 159.15 93.84 107.29 102.33 91.03 86.42 93.54 85.21 369.13 0.00 95.86 380.92 80.53 0.00 82.77 135.50 87.84 93.99 97.01 118.93 81.13 343.37 142.52 82.15 87.10 0.00 80.63 90.66 90.11 85.21 86.42 91.30 341.06 86.10 0.00 128.28 81.22 177.58 90.22 122.78 347.22
93.84 100.11 84.68 154.54 118.94 83.32 85.79 381.57 80.25 0.00 88.23 89.92 80.18 0.00 80.44 95.86 92.93 375.97 88.23 90.43 377.10 81.41 148.12 89.65 81.31 0.00 121.48 81.31 81.63 166.98 0.00 230.31 133.12 315.20 102.33 245.23 139.34 81.75 90.22 181.34 101.93 380.32 354.61 81.75 94.22 82.44 145.37 400.47 381.50 80.69 381.68 140.19 85.50 81.13 376.66 182.03 94.22 366.18 80.82 274.81 93.76
88.11 99.55 95.86 118.33 378.56 82.77 379.66 379.45 0.00 0.00 81.04 136.21 0.00 119.77 80.82 94.47 88.23 382.41 80.53 80.96 164.07 90.54 81.88 81.63 0.00 121.21 81.52 88.26 130.85 0.00 85.79 322.21 82.95 137.34 91.30 96.49 124.36 285.37 106.19 379.00 385.80 346.36 266.85 97.17 360.68 248.84 81.41 98.25 88.48 80.48 0.00 89.06 92.38 134.78 90.02 90.11 91.16 81.52 207.56 83.13 90.22
307.09 316.43 99.75 345.63 93.50 96.17 86.42 89.06 81.75 135.09 144.78 87.84 0.00 86.10 385.91 376.43 361.03 217.52 82.15 81.88 134.70 88.83 89.74 83.32 0.00 80.75 91.73 133.57 0.00 80.96 80.82 124.89 89.65 89.00 93.76 86.76 80.69 124.86 229.31 101.50 0.00 119.95 80.82 90.22 81.52 91.89 89.57 83.95 267.11 119.06 0.00 92.00 92.05 90.32 89.27 85.50 120.18 380.62 119.24 89.74 83.52
81.42 80.18 92.05 264.85 84.43 90.43 169.90 82.01 122.57 376.26 377.70 89.96 0.00 84.18 385.52 380.48 384.08 83.13 83.32 90.11 98.63 181.65 376.31 83.73 89.50 101.93 89.49 89.06 0.00 361.27 144.03 80.96 89.49 265.59 126.43 83.32 97.53 249.18 376.24 0.00 213.06 81.22 100.65 140.60 385.68 375.42 91.58 98.63 80.23 287.14 95.27 86.42 0.00 120.66 87.10 89.41 90.11 88.29 83.95 378.34 0.00
181.65 0.00 0.00 91.44 94.47 100.11 148.50 95.86 164.68 134.20 0.00 92.00 372.45 140.52 133.97 88.78 90.02 89.57 82.01 151.36 379.16 0.00 0.00 146.43 87.10 0.00 91.45 151.82 153.80 82.60 89.07 132.59 87.84 378.48 0.00 110.30 381.82 381.44 126.89 84.18 91.73 90.90 89.41 83.95 83.73 101.56 97.53 201.76 85.50 147.83 99.37-9999.00-9999.00-9999.00-9999.00-9999.00-9999.00-9999.00-9999.00 -9999.00-9999.00-9999.00-9999.00-9999.00-9999.00-9999.00-9999.00-9999.00-9999.00 87.83 121.63 123.21 0.00 377.78 80.38 84.07 89.82 90.78
0.00 375.59 83.55 0.00 386.91 381.19 317.50 0.00 375.44 372.91 275.70 95.21 92.38 89.06 386.70 82.77 83.95 82.01 81.88 94.99 95.86 372.58 146.05 89.96-9999.00-9999.00-9999.00-9999.00-9999.00-9999.00-9999.00-9999.00 -9999.00-9999.00-9999.00-9999.00-9999.00-9999.00-9999.00-9999.00-9999.00-9999.00 91.26 134.11 119.65 0.00 226.39 91.43 102.56 87.34 79.63 90.50 396.35 79.71 88.46 88.78 79.78 0.00 159.45 80.30 98.75 85.84 139.43 80.01 212.03 381.08 246.29 125.02 84.90 80.76 221.72 382.27 93.75 89.48 388.47 81.37 93.26 91.05
0.00 84.07 94.56 87.28 137.30 130.64 82.70 0.00 300.09 303.52 120.55 90.50 94.01 379.67 95.46 138.84 363.37 84.33 91.98 376.63 88.87 80.01 170.57 0.00 90.49 96.83 90.78 87.64 79.46 89.26 92.59 376.72 87.60 315.02 87.13 88.78 79.43 339.70 0.00 183.16 134.90 79.57 87.42 86.53 320.58 83.13 156.29 375.69 375.82 80.44 150.86 0.00 141.68 80.96 90.90 92.56 81.88 150.02 0.00 126.89 89.50
0.00 130.17 82.51 206.04 97.81 79.47 145.05 347.98 378.79 181.81 92.80 84.68 0.00 380.04 85.21 398.29 82.95 117.38 90.93 135.88 0.00 145.20 83.52 81.75 381.59 87.47 86.10 200.06 95.56 376.91 94.72 80.18 386.81 103.51 82.15 92.57 0.00 376.46 356.39 87.84 85.50 376.94 80.21 90.32 82.44 380.56 83.73 340.02 376.99 384.94 93.84 99.77 197.13 382.94 243.21 376.21 264.11 264.11 0.00 375.42 376.44
92.00 83.32 88.64 294.46 0.00 0.00 286.23 376.62 378.58 264.17 0.00 0.00 0.00 115.26 195.67 233.67 0.00 0.00 0.00 85.52 0.00 0.00 381.12 100.11 83.52 365.79 377.34 121.06 81.31 82.60 93.99-9999.00-9999.00-9999.00-9999.00-9999.00-9999.00-9999.00-9999.00-9999.00-9999.00-9999.00-9999.00-9999.00-9999.00 -9999.00-9999.00-9999.00-9999.00-9999.00-9999.00-9999.00-9999.00-9999.00-9999.00 96.86 188.25 250.91 90.94 170.08 164.68 375.58 90.34 90.94 363.53 375.28 0.00 85.51 79.49 79.84 88.31 89.59 89.48 221.25 83.57 125.93 0.00 329.05 0.00 154.82 119.84 118.76 88.24 80.66
0.00 120.88 79.95 97.72 0.00 169.48 118.77 88.96 87.60 84.33 0.00 80.47 206.16 81.66 94.01 165.61 89.82 87.56 80.30 89.16 79.75 0.00 0.00 122.80 79.75 333.82 133.38 88.31 94.56 83.12 366.76 90.63 134.51 366.46 160.76 123.74 80.82 380.19 0.00 376.30 375.47 375.31 90.43 111.62 94.45 94.69 81.63 84.18 352.32 314.15 91.45 381.92 125.47 82.95 82.44 175.23 89.57 125.26 83.32 375.45 231.30
249.29 225.28 0.00 142.36 79.32 82.27 90.32 385.67 377.68 377.06 80.40 91.44 80.25 122.51 90.43 91.44 82.15-9999.00-9999.00-9999.00-9999.00-9999.00-9999.00-9999.00-9999.00-9999.00-9999.00-9999.00-9999.00-9999.00-9999.00-9999.00-9999.00 -9999.00-9999.00-9999.00-9999.00-9999.00-9999.00-9999.00-9999.00-9999.00-9999.00-9999.00-9999.00-9999.00-9999.00-9999.00-9999.00-9999.00 106.00 92.88 86.53 83.81 90.94 81.51 79.55 127.18 0.00 79.84 91.79 81.37 240.76 79.50 180.10 380.03 79.84 388.62 0.00 129.34 82.51 80.47 0.00 87.28 87.99 80.08 173.23 376.81 0.00 382.89 382.00 377.94 345.12 167.98 81.81 87.23 120.92 198.84 374.57 0.00 86.90 88.87 89.47
98.63 379.62 82.95 145.74 90.11 82.01 81.13 382.28 83.52 89.27 82.29 80.16 120.04 0.00 135.32 92.57 95.56 101.93 250.32 85.85 98.04 83.52 95.56 208.36 124.88 81.31 93.99 305.59 193.37 132.64 93.84-9999.00-9999.00-9999.00-9999.00-9999.00-9999.00-9999.00-9999.00-9999.00-9999.00-9999.00-9999.00-9999.00-9999.00-9999.00-9999.00-9999.00-9999.00-9999.00 -9999.00-9999.00-9999.00-9999.00-9999.00-9999.00-9999.00-9999.00-9999.00-9999.00-9999.00-9999.00-9999.00-9999.00-9999.00-9999.00-9999.00 84.61 289.86 148.61 85.51 202.32 370.20 80.66 0.00 145.44 83.57 91.63 94.84 93.03 91.61 81.66 83.57 90.94 95.78 83.12 118.29 163.19 0.00 100.71 379.55 79.67 92.59 83.34 100.36 92.80
186.60 82.60 124.10 170.15 88.59 89.00 81.22 91.30 88.68 81.52 80.23 123.67 204.62 383.95 409.89 380.90 0.00 0.00 90.43 377.93 377.26 377.67 292.82 149.86 119.66 80.63 84.68 151.46 90.66 95.56-9999.00-9999.00-9999.00-9999.00-9999.00-9999.00-9999.00-9999.00-9999.00-9999.00-9999.00-9999.00-9999.00-9999.00-9999.00-9999.00-9999.00-9999.00-9999.00-9999.00-9999.00 -9999.00-9999.00-9999.00-9999.00-9999.00-9999.00-9999.00-9999.00-9999.00-9999.00-9999.00-9999.00-9999.00-9999.00-9999.00-9999.00-9999.00-9999.00-9999.00 97.81 377.06 153.30 93.57 383.27 89.48 95.78 167.51 97.19 367.75 82.14 86.18 218.48 305.86 131.31 120.03 377.67 0.00 178.95 118.00 92.24 83.12 124.23 0.00 325.76 125.33 80.56 79.75 81.66 120.73
377.08 90.90 81.41 368.46 0.00 0.00 0.00 0.00 85.50 83.32 105.25 0.00 0.00 0.00 87.84 81.31 124.29 377.66 80.19 80.21 133.83 285.16 80.48 91.89-9999.00-9999.00-9999.00-9999.00-9999.00-9999.00-9999.00-9999.00-9999.00-9999.00-9999.00-9999.00-9999.00-9999.00-9999.00-9999.00-9999.00 -9999.00-9999.00-9999.00-9999.00-9999.00-9999.00-9999.00-9999.00-9999.00-9999.00-9999.00-9999.00-9999.00-9999.00-9999.00-9999.00-9999.00-9999.00-9999.00-9999.00-9999.00-9999.00-9999.00-9999.00-9999.00 194.75 319.97 378.01 375.99 380.24 390.52 380.35 0.00 0.00 0.00 0.00 0.00 372.66 83.81 84.90 182.84 94.31 0.00 0.00 0.00 0.00 0.00 340.03 116.47 0.00 0.00 377.44 287.74 367.20 378.81 273.99 376.42 95.96 100.31 92.82 96.54
381.80 120.96 81.75-9999.00-9999.00-9999.00-9999.00-9999.00-9999.00-9999.00-9999.00-9999.00-9999.00-9999.00-9999.00-9999.00-9999.00-9999.00-9999.00-9999.00-9999.00 -9999.00-9999.00-9999.00-9999.00-9999.00-9999.00-9999.00-9999.00-9999.00-9999.00-9999.00-9999.00-9999.00-9999.00-9999.00-9999.00-9999.00-9999.00-9999.00-9999.00-9999.00-9999.00-9999.00-9999.00 113.30 91.43 89.36 81.97 381.02 86.53 89.26 87.46 88.70 131.11 118.20 124.01 97.57 86.53 83.81 86.53 0.00 379.54 373.43 169.69 94.31 100.77 95.11 301.23 378.66 382.37 228.07 89.98 308.12 94.31 375.30 181.55 0.00 297.61 107.03 285.34 225.33 87.69 88.54 84.90 332.39 89.98 385.06 378.30 88.11 95.11 258.59 377.81 380.45 89.98 99.55 85.20 318.26 0.00 0.00 0.00 0.00
0.00 87.69 88.96 81.51 123.19 366.71 0.00 379.23 104.11 174.42 81.10 119.04 98.60 376.25 148.25 94.56 83.81 97.81 337.11 104.11 419.73 317.41 123.72 101.68 83.57 335.00 377.64 0.00 0.00 120.56 99.50 89.98 89.98 96.12 115.48 130.20 375.76 233.47 91.05 122.27 84.33 135.02 338.09 378.30 378.49 247.68 0.00 247.68 375.75 254.80 269.10 371.27 385.32 375.51 244.77 383.71 219.12 95.96 91.05 0.00 376.53
378.49 0.00 376.37 381.61 306.66 377.19 375.45 121.13 183.23 125.42 89.00 370.56 91.05 353.60 251.19 95.84 133.15 403.68 175.68 350.77 108.44 92.24 389.06 406.54 0.00 0.00 374.02 339.27 385.14 111.89 99.15 295.36 89.98 249.64 84.90 84.61 377.79 236.56 356.24 147.06 0.00 378.09 0.00 375.25 372.24 376.54 298.12 375.30 0.00 223.37 377.29 257.86 91.28 126.40 103.41 81.97 83.32 97.89 96.17 100.83 94.22
0.00 376.87 0.00 306.58 375.33 375.39 383.21 328.49 328.55 376.68 0.00 376.08 0.00 375.25 381.04 104.74 121.96 375.81 100.60 341.08 97.81 83.99 365.85 135.96 87.28 81.88 120.73 374.74 286.82 0.00 376.94 299.83 105.20 149.95 90.02 120.85 153.10 385.35 119.63 375.73 367.26 152.95 140.85 82.77 256.26 291.87 345.56 80.96 151.28 377.69 81.63 174.09-9999.00-9999.00-9999.00-9999.00-9999.00-9999.00-9999.00-9999.00-9999.00-9999.00-9999.00-9999.00-9999.00-9999.00-9999.00-9999.00-9999.00-9999.00-9999.00-9999.00-9999.00-9999.00 -9999.00-9999.00-9999.00-9999.00-9999.00-9999.00-9999.00-9999.00-9999.00-9999.00-9999.00-9999.00-9999.00-9999.00-9999.00-9999.00-9999.00-9999.00-9999.00-9999.00-9999.00-9999.00-9999.00-9999.00-9999.00-9999.00-9999.00-9999.00 95.96 138.25 103.06 99.55 94.31 82.51 376.95 92.24
376.85 375.77 135.43 357.73 0.00 178.17 111.81 253.05 314.14 326.44 377.90 379.88 271.47 105.92 94.31 375.95 331.59 270.52 377.32 380.52 381.88 0.00 0.00 0.00 0.00 0.00 376.77 197.16 297.52 127.38 197.16 336.28 0.00 297.51 376.85 0.00 377.73 375.18 297.51 377.29 297.51 0.00 0.00 0.00 0.00 0.00 0.00 0.00 377.73 175.37 102.41 97.26 377.16 393.03 379.63 87.79 106.15 372.33 119.76 81.34 84.32
380.40 88.64 100.65 383.62 93.70-9999.00-9999.00-9999.00-9999.00-9999.00-9999.00-9999.00-9999.00-9999.00-9999.00-9999.00-9999.00-9999.00-9999.00-9999.00-9999.00-9999.00-9999.00-9999.00-9999.00-9999.00 -9999.00-9999.00-9999.00-9999.00-9999.00-9999.00-9999.00-9999.00-9999.00-9999.00-9999.00-9999.00-9999.00-9999.00-9999.00-9999.00-9999.00-9999.00-9999.00-9999.00-9999.00-9999.00-9999.00-9999.00-9999.00-9999.00-9999.00-9999.00-9999.00-9999.00-9999.00-9999.00-9999.00 365.79 377.54 379.16 185.41 386.14 383.22 376.44 377.37 274.35 297.52 297.52 297.52 274.35 274.35 0.00 375.23 375.15 379.61 375.54 377.97 380.69 378.79 378.47 379.17 397.63 91.63 89.18 380.64 387.12 255.28 399.22 388.84 395.21 375.22 107.22 114.07 105.73 91.63 376.66 376.88 375.59 376.49 271.33 100.27 99.22 377.78 96.19 376.15 384.14 0.00 376.07 375.20 306.33 90.11 119.99
297.51 297.51 394.38 297.52 375.16 230.64 0.00 375.95 279.57 380.20 246.64 377.89 379.54 175.37 368.55 333.57 394.09 390.63 381.59 260.38 279.57 382.74 378.26 377.45 0.00 379.77 376.11 375.69 0.00 0.00 0.00 0.00 0.00 375.61 348.25 278.77 373.54 135.81 88.34 151.15 0.00 240.58 120.69 89.19 244.59 80.75 98.96 103.96 96.36 250.75 87.57 383.12 375.70 84.32 87.57 103.96 99.80 160.30 83.29 92.58 98.96
381.03 86.81 92.81 380.19 87.33-9999.00-9999.00-9999.00-9999.00-9999.00-9999.00-9999.00-9999.00-9999.00-9999.00-9999.00-9999.00-9999.00-9999.00-9999.00-9999.00-9999.00-9999.00 -9999.00-9999.00-9999.00-9999.00-9999.00-9999.00-9999.00-9999.00-9999.00-9999.00-9999.00-9999.00-9999.00-9999.00-9999.00-9999.00-9999.00-9999.00-9999.00-9999.00-9999.00-9999.00-9999.00-9999.00-9999.00-9999.00-9999.00-9999.00-9999.00-9999.00-9999.00-9999.00-9999.00-9999.00-9999.00-9999.00-9999.00-9999.00-9999.00-9999.00-9999.00-9999.00-9999.00-9999.00-9999.00-9999.00-9999.00-9999.00-9999.00-9999.00-9999.00 297.51 0.00 255.28 297.52 375.64 375.62 0.00 0.00 0.00 378.47 235.46 322.28 366.08 0.00 319.02 375.12 0.00 297.52 297.51 0.00 375.01 375.00 297.51 375.74 375.45 297.52 297.51 0.00 375.00 297.52 376.46 0.00 230.64 274.35 318.95 230.69 375.70 375.49 375.49 195.15 86.99 212.40 108.55 392.42 379.60 380.30 383.05 80.97 90.36 91.33 104.50 86.21 385.84 178.51 92.78
