蒙特卡罗+CDRMV3/输出数据/2D水深分布/WaterDepthGIS_0147.ASC
ncols         539            
nrows         744            
xllcorner     602630.84259341
yllcorner     3914823.670891 
cellsize      50             
NODATA_value  -9999.00       
[rows 0 to 26 of 32, columns 305 to 365 of 539]
91.45 82.98 85.40 84.57 77.03 138.16 77.37 76.54 140.24 82.01 0.00 80.41 84.81 199.25 125.63 254.85 173.69 77.93-9999.00-9999.00-9999.00-9999.00-9999.00-9999.00-9999.00-9999.00-9999.00-9999.00-9999.00-9999.00 -9999.00-9999.00-9999.00-9999.00-9999.00-9999.00-9999.00-9999.00-9999.00-9999.00-9999.00-9999.00 90.63 77.95 296.24 89.30 149.14 0.00 81.92 365.65 93.45 180.42 106.11-9999.00-9999.00-9999.00-9999.00-9999.00-9999.00-9999.00-9999.00-9999.00-9999.00-9999.00-9999.00-9999.00-9999.00-9999.00-9999.00-9999.00-9999.00-9999.00-9999.00-9999.00-9999.00-9999.00-9999.00-9999.00-9999.00-9999.00-9999.00-9999.00-9999.00-9999.00-9999.00-9999.00-9999.00-9999.00-9999.00-9999.00-9999.00-9999.00-9999.00-9999.00-9999.00-9999.00-9999.00-9999.00-9999.00-9999.00-9999.00-9999.00-9999.00-9999.00-9999.00-9999.00-9999.00-9999.00-9999.00-9999.00-9999.00-9999.00-9999.00-9999.00-9999.00-9999.00-9999.00-9999.00-9999.00-9999.00-9999.00-9999.00-9999.00-9999.00-9999.00-9999.00-9999.00-9999.00-9999.00-9999.00-9999.00-9999.00-9999.00-9999.00-9999.00-9999.00-9999.00-9999.00-9999.00-9999.00 131.75 327.43 190.95 159.08 86.51 84.90 380.98 143.01 243.05 376.67 273.95 133.20 78.86 87.76 78.86 0.00 377.61 177.03 87.60 167.63 378.76 76.92 84.85 79.76-9999.00-9999.00-9999.00-9999.00-9999.00-9999.00-9999.00-9999.00-9999.00-9999.00-9999.00 -9999.00-9999.00-9999.00-9999.00-9999.00-9999.00-9999.00-9999.00-9999.00-9999.00-9999.00-9999.00-9999.00 94.65 121.45 86.94 137.79 128.78 0.00
365.50 346.18 0.00 116.22 189.65 76.39 91.17-9999.00-9999.00-9999.00-9999.00-9999.00-9999.00-9999.00-9999.00-9999.00-9999.00-9999.00-9999.00-9999.00-9999.00-9999.00-9999.00-9999.00-9999.00-9999.00-9999.00-9999.00-9999.00-9999.00-9999.00-9999.00-9999.00-9999.00-9999.00-9999.00-9999.00-9999.00-9999.00-9999.00-9999.00-9999.00-9999.00-9999.00-9999.00-9999.00-9999.00 104.85 380.43 86.73 293.83 108.21-9999.00-9999.00 84.48 80.89 88.04 81.15 80.18 376.06 426.35 81.71 98.11 77.93 213.64 81.15 88.68 78.86 87.60-9999.00-9999.00-9999.00 78.86 171.94 77.09 149.14 77.63 80.64 76.65 383.00 86.25 0.00 0.00 0.00 81.71 77.54 376.19 378.43 148.62 78.29 78.17 92.26 371.32 380.33 141.95 135.25 76.92 77.03 82.64 0.00 80.64 86.21 162.99 80.41 376.39 205.28
151.54 76.92 76.54 85.40 79.76 0.00 128.20 77.03 77.22 378.33 0.00 89.46 97.06 0.00 371.95 89.46 94.34 99.72 84.48 157.33 80.64 85.33 185.07-9999.00-9999.00-9999.00-9999.00-9999.00-9999.00 -9999.00-9999.00-9999.00-9999.00-9999.00-9999.00-9999.00-9999.00-9999.00-9999.00-9999.00 77.44 135.33 87.39 77.33 379.59 379.21 0.00 307.27 116.64 154.85 77.03 84.49 81.30 380.88 131.52 378.60 79.12 378.18 95.07 81.01 174.21-9999.00-9999.00-9999.00-9999.00-9999.00-9999.00-9999.00 89.01 80.89 92.56 82.64 92.26 80.64 83.70-9999.00-9999.00-9999.00-9999.00-9999.00-9999.00 82.01 199.00 98.91 90.22 337.50 376.11 87.76 88.51 217.98
85.33 376.37 79.96 123.37 377.28 87.76 386.25 117.80 87.60 372.28 78.71 168.36 378.74 82.01 0.00 81.15 86.96 101.21 383.91 91.96 86.31 138.35 89.40 377.70 86.84 82.98 0.00 162.35 77.15 96.03 140.47 332.49 77.93 0.00 92.26 88.35 182.26 76.53 93.58 85.47 77.22 375.27 294.87 79.37 278.11 77.15 79.56 79.20 91.96 174.50 79.56 244.83 77.72 121.64 137.24 87.08 78.56 120.53 246.00 91.45 0.00
244.54 77.83 86.73 359.79 337.31 76.75 78.71 77.54 376.62 84.48 79.76 85.47 76.52 381.80 95.57 76.92 369.32 233.74 387.68 88.30 96.42 400.17 77.37 88.19 378.93 78.56 335.06 78.17 77.45 380.08 84.08 85.94 87.08 76.52 156.51 278.94 376.65 376.84 84.48 388.17 381.36 0.00 84.08 92.89 365.10 79.03 158.74 219.74 378.54 336.40 136.41-9999.00-9999.00-9999.00-9999.00-9999.00-9999.00-9999.00-9999.00-9999.00-9999.00 -9999.00-9999.00-9999.00-9999.00-9999.00-9999.00-9999.00-9999.00 375.90 96.41 78.74 91.46 376.23 377.46 80.73 84.99 97.76
376.32 0.00 116.84 85.78 79.03 382.46 97.06 270.57 172.57 86.12 121.93 92.89 202.52 87.47 86.12 85.47 76.74 145.62 195.40 380.22 379.85 381.17 380.53 0.00 0.00 0.00 0.00 98.05 369.22 119.17 0.00 94.99 291.48 86.25 95.99 117.43 345.25 84.90 368.79 82.98-9999.00-9999.00-9999.00-9999.00-9999.00-9999.00-9999.00-9999.00-9999.00 -9999.00-9999.00 86.53 80.47 84.12 95.07 290.83 372.02 78.92 86.04 84.99 380.13 116.86 83.32 130.24 355.64 84.43 83.89 76.13 120.80 0.00 81.30
118.58 76.61 240.65 0.00 374.21 205.58 146.62 77.37 83.33 377.29 77.29 85.05 76.56 165.29 262.76 87.20 85.61 138.48 85.61 137.60 78.42 125.10 76.88 141.43 76.59 142.41 0.00 112.92 160.13 379.46 375.20 368.41 111.61 367.23 104.85 378.04 78.05 99.07 77.54 89.31 379.64 396.30 78.56 96.42-9999.00-9999.00-9999.00-9999.00-9999.00-9999.00 -9999.00-9999.00-9999.00-9999.00-9999.00 89.30 154.06 287.58 388.71 378.66 78.57 141.91 376.31 293.52 86.27 81.30 83.32 379.81 77.56 0.00 77.22
78.17 0.00 122.82 169.13 76.92 86.73 76.69 380.10 120.17 79.56 135.51 76.69 115.87 386.08 97.06 195.46 77.45 85.61 77.63 116.42 377.82 80.89 0.00 0.00 250.85 88.30 378.08 376.89 261.80 121.21 96.09 121.32 104.16 101.82 98.18 87.87 379.36 378.47 350.54 173.43 82.64-9999.00-9999.00-9999.00-9999.00-9999.00-9999.00-9999.00 -9999.00-9999.00-9999.00-9999.00-9999.00-9999.00-9999.00 83.71 128.45 169.69 0.00 119.51 83.92 75.94 153.69 75.99 334.22 0.00 157.38 376.11 200.63 158.72 78.92 190.15 375.34 89.30
138.62 84.08 76.54 141.05 332.59 86.73 0.00 98.98 379.28 377.77 371.23 328.58 199.03 192.62 87.47 363.98 91.16 88.35 77.09 165.24 241.54 82.32-9999.00-9999.00-9999.00-9999.00-9999.00-9999.00-9999.00-9999.00-9999.00 -9999.00-9999.00-9999.00-9999.00-9999.00-9999.00-9999.00-9999.00-9999.00 77.56 142.30 0.00 90.63 84.03 79.12 0.00 117.67 75.98 86.27 86.15 78.57 77.33 396.08 135.77 90.67 76.86 114.26 376.46 125.26 77.56 0.00 118.11 77.22 375.97 161.58 76.63 137.68 77.33 125.38 115.34 0.00 0.00 168.83 76.70 381.58 411.36 387.64
0.00 88.07 351.33 376.06 77.22 78.40 332.90 381.49 120.27 83.71 79.98 132.66 281.87 122.29 0.00 275.50 239.82 75.95 76.29 134.88 81.01 86.15 335.19 117.37 94.08 88.67 88.23 95.95 81.30 211.22 151.42 376.61 88.07 101.92 90.67 98.67 95.95 88.23 79.32 217.66 210.71 376.26 318.17 76.29 0.00 380.58 382.51 380.58 76.52 91.41 85.85 91.41 76.61 134.46 376.82 79.96 0.00 159.87 78.05 78.86 86.73
121.92 382.67 78.57 88.42 140.77 81.92 224.68 377.24 91.17 137.79 79.53 316.15 131.58 76.03 135.76 94.08 0.00 226.21 120.92 78.42 93.99 82.01 85.85 133.98 87.33 77.54 117.08 244.04 0.00 78.29 88.35 90.00 104.71 84.90 379.80 92.56 91.45 87.89 92.26 96.03 375.96 86.31 76.56 175.64 85.54 79.37 140.69 305.52 80.18 192.20 0.00 303.46 235.19 144.37 79.76 142.97 85.27 166.70 83.70 118.96 378.27
134.58 84.08 0.00 89.80 87.33 269.37 81.71 345.18 85.78 89.21 84.85 79.20 79.20 410.46 86.73 78.29 124.27 0.00 342.97 116.18 77.22 84.99 76.61 78.86 189.59 325.52 87.33 85.77 137.93 124.05 380.03 82.01 378.14 236.76 90.74 379.14 378.62 329.39 219.74 202.28 0.00 387.61 383.79 382.95 359.83 367.50 112.99 376.05 380.15 380.92 375.35 375.47 89.15 92.92 98.07 87.16 275.49 125.27 77.29 168.23 88.35
375.81 378.26 233.14 134.35 376.80 143.28 376.19 376.16 379.85 284.00 92.22 366.39 171.13 217.77 379.59 377.18 173.27 141.98 77.54-9999.00-9999.00-9999.00-9999.00-9999.00-9999.00-9999.00-9999.00-9999.00-9999.00-9999.00-9999.00-9999.00 -9999.00-9999.00-9999.00-9999.00-9999.00-9999.00-9999.00-9999.00-9999.00 86.66 84.69 344.99 77.95 380.40 377.44 80.47 379.51 75.97 146.22 79.53 0.00 378.81 0.00 278.43 131.51 78.57 90.89 138.51 170.28 0.00 171.39 77.22 86.40 196.68 383.70 174.73 143.56 78.24 75.94 0.00 376.56 178.30 116.86 83.32 77.12 379.65 377.49 88.05 75.95 382.15
81.30 83.79 84.68 101.20 97.34 85.40 0.00 126.10 83.32 92.07 141.13 82.59 76.63 137.42 176.78 310.91 0.00 84.99 77.22 135.37 0.00 76.25 83.99 76.13 84.68 86.94 81.15 89.66 76.01 76.92 142.54 84.77 77.63 86.73 89.40 91.45 0.00 0.00 0.00 298.80 87.22 84.12 376.04 375.90 144.71 359.54 376.71 89.91 88.04 129.63 378.73 176.73 76.61 80.89 203.14 377.38 360.95 88.30 78.56 375.67 90.22
385.01 158.18 87.33 79.76 205.93 375.65 87.76 376.00 0.00 0.00 233.96 376.51 88.23 109.38 79.68 87.37 133.82 131.92 78.05 92.26 85.77 365.15 86.96 376.51 83.33 79.37 379.46 125.70 89.03-9999.00-9999.00-9999.00-9999.00-9999.00-9999.00-9999.00-9999.00-9999.00-9999.00-9999.00-9999.00-9999.00-9999.00 -9999.00-9999.00-9999.00-9999.00-9999.00-9999.00-9999.00-9999.00-9999.00-9999.00-9999.00-9999.00-9999.00-9999.00-9999.00 94.08 90.67 363.17 104.78 96.41 92.23 308.92 376.80 379.34 0.00 123.48 76.56 75.97 114.31 363.94 85.23 78.40 115.11 189.32 0.00 139.75 85.45 83.92 76.08 167.47 0.00 216.32 76.17 88.23 76.34 0.00
212.13 88.07 85.32 117.04 79.03 298.45 99.31 95.15 97.06 96.42 78.05 383.40 84.08 376.73 278.75 79.37 84.08 79.37 358.04 286.70 123.25 78.42 120.15 377.37 91.41 382.76 369.48 137.82 147.80 82.01 91.16 84.81 76.53 78.17 188.27 389.78 84.90 77.72 76.56 162.74 0.00 0.00 387.40 86.25 84.43 95.44 380.02 161.35 115.38 76.83 77.15 116.64 77.22 373.86 135.22 79.76-9999.00-9999.00-9999.00-9999.00-9999.00-9999.00-9999.00-9999.00-9999.00-9999.00-9999.00-9999.00-9999.00-9999.00-9999.00-9999.00-9999.00-9999.00 -9999.00-9999.00-9999.00-9999.00-9999.00-9999.00-9999.00-9999.00-9999.00-9999.00-9999.00-9999.00-9999.00-9999.00-9999.00-9999.00-9999.00 86.43 86.95 99.33 120.25
377.64 103.66 87.24 0.00 0.00 0.00 105.98 330.84 94.21 171.10 81.48 379.22 376.58 376.36 78.92 122.22 95.07 76.10 325.07 379.01 96.42 203.24 392.10 85.33 93.06 376.62 84.08 86.73 0.00 94.99 381.61 330.73 319.60 141.98 79.20 86.31 86.73 169.71 86.02 247.58 376.27 345.32 125.66 77.72 93.23 161.06 77.63 76.75 134.09 80.64 0.00 86.25 182.97 279.27 103.58 382.58 79.20 86.02 96.85 384.43 379.05
81.92 130.44 377.06 83.32 379.09 378.93 0.00 380.48 89.96 366.69 376.15 85.93 389.39 0.00 83.71 81.92 89.46 148.34 372.73 93.99 390.00 383.75 391.61 385.16 379.91 119.64 85.10 87.08 82.64 381.77 79.37 365.16 77.22 84.38 90.22 258.86 80.18 78.29 134.04 328.81 377.30 111.89 89.46 85.15 77.54 119.17 0.00 0.00 369.33 302.08 352.36 231.09 130.32 77.03 84.66 127.24 88.68 76.56 116.81 92.56-9999.00-9999.00-9999.00-9999.00-9999.00-9999.00-9999.00-9999.00-9999.00-9999.00-9999.00-9999.00-9999.00-9999.00-9999.00-9999.00-9999.00-9999.00-9999.00-9999.00 -9999.00-9999.00-9999.00-9999.00-9999.00-9999.00-9999.00-9999.00-9999.00-9999.00-9999.00-9999.00-9999.00-9999.00-9999.00-9999.00-9999.00-9999.00-9999.00-9999.00
205.77 383.17 378.29 141.55 187.95 375.49 128.98 202.64 0.00 0.00 0.00 378.12 84.90 0.00 87.76 384.97 79.76 376.32 132.44 76.72 132.98 77.83 132.70 379.60 376.77 82.32 380.83 382.45 0.00 372.47 85.33 333.52 87.76 119.46 0.00 78.17 84.90 89.40 90.00 90.74 132.68 0.00 383.34 78.71 89.03 379.74 256.69 134.04 78.29-9999.00-9999.00-9999.00-9999.00-9999.00-9999.00-9999.00-9999.00-9999.00-9999.00-9999.00-9999.00-9999.00-9999.00-9999.00-9999.00-9999.00 -9999.00-9999.00-9999.00-9999.00-9999.00-9999.00-9999.00-9999.00-9999.00-9999.00-9999.00-9999.00-9999.00-9999.00-9999.00-9999.00-9999.00-9999.00-9999.00-9999.00-9999.00-9999.00-9999.00-9999.00-9999.00 93.83 76.86 204.47 364.93 82.25 424.24 125.99 80.73 77.81 133.97 92.73
85.78 78.05 116.44 368.11 142.62 78.29 76.72 133.81 377.30 0.00 375.38 135.20 84.77 89.40 86.31 85.77 92.56 0.00 120.56 78.05 87.20 376.69 217.75 78.05 79.20 196.88 367.73-9999.00-9999.00-9999.00-9999.00-9999.00-9999.00-9999.00-9999.00-9999.00-9999.00-9999.00-9999.00-9999.00-9999.00-9999.00-9999.00-9999.00-9999.00-9999.00 -9999.00-9999.00-9999.00-9999.00-9999.00-9999.00-9999.00-9999.00-9999.00-9999.00-9999.00-9999.00-9999.00-9999.00-9999.00-9999.00-9999.00-9999.00-9999.00-9999.00-9999.00-9999.00 90.63 90.67 171.43 378.16 96.86 78.57 96.86 86.94 87.39 128.66 78.74 0.00 0.00 0.00 314.64 0.00 162.40 115.55 98.34 132.80 91.76 93.83 163.04 94.08 189.37 93.08 260.06 98.21 93.08 84.54 81.92 394.12 377.17
381.13 378.16 364.99 306.00 91.14 369.92 126.76 77.83 86.73 0.00 78.42 88.85 132.18 89.80 125.00 88.51-9999.00-9999.00-9999.00-9999.00-9999.00-9999.00-9999.00-9999.00-9999.00-9999.00-9999.00-9999.00-9999.00-9999.00-9999.00-9999.00-9999.00-9999.00-9999.00-9999.00-9999.00-9999.00 -9999.00-9999.00-9999.00-9999.00-9999.00-9999.00-9999.00-9999.00-9999.00-9999.00-9999.00-9999.00-9999.00-9999.00-9999.00-9999.00-9999.00 80.73 185.85 85.92 79.12 92.39 85.45 77.68 184.50 135.66 140.29 382.52 0.00 0.00 133.99 76.44 77.33 375.46 79.53 139.68 368.52 377.00 0.00 363.73 100.84 365.75 375.81 115.55 381.14 165.79 92.23 98.29 355.08 378.90 364.12 140.77 88.67 83.71 82.59 110.09 103.66 122.18 376.58 0.00 383.01
386.70 0.00 76.57 82.64 144.22 90.00-9999.00-9999.00-9999.00-9999.00-9999.00-9999.00-9999.00-9999.00-9999.00-9999.00-9999.00-9999.00-9999.00-9999.00-9999.00-9999.00-9999.00-9999.00-9999.00-9999.00-9999.00-9999.00-9999.00-9999.00 -9999.00-9999.00-9999.00-9999.00-9999.00-9999.00-9999.00-9999.00-9999.00-9999.00-9999.00-9999.00-9999.00-9999.00-9999.00-9999.00-9999.00-9999.00-9999.00 88.42 90.67 93.12 382.29 184.11 96.18 93.45 80.22 80.22 133.62 366.57 83.32 385.03 76.94 78.74 81.01 119.95 380.12 0.00 0.00 275.69 375.18 396.15 368.53 375.43 266.42 376.63 218.89 121.34 379.26 376.18 357.28 382.02 85.93 96.86 81.01 84.99 97.25 375.16 375.68 376.36 376.66 150.49 147.20 0.00 376.55 371.16 375.85 367.70 189.83 375.83 378.29 387.80 189.83
312.82 404.39 102.70 210.58 147.20 377.69 375.58 266.99 327.52 377.41 0.00 0.00 381.73 375.34 327.54 376.41 377.80 0.00 320.44 380.38 203.60 387.26 275.69 147.95 375.37 208.25 99.85 145.90 93.45 78.40 78.92 87.88 85.00 138.95 77.67 379.53 0.00 104.71 383.05 380.68 381.54 77.37 84.90 85.61 78.56 77.54 117.18 379.40 370.23 76.63 132.48 133.87 178.37 77.93 144.19 89.80 84.08 358.80 122.82 86.96-9999.00-9999.00-9999.00-9999.00-9999.00-9999.00-9999.00-9999.00-9999.00-9999.00-9999.00-9999.00-9999.00-9999.00-9999.00-9999.00-9999.00-9999.00-9999.00-9999.00-9999.00-9999.00 -9999.00-9999.00-9999.00-9999.00-9999.00-9999.00-9999.00-9999.00-9999.00-9999.00-9999.00-9999.00-9999.00-9999.00-9999.00-9999.00-9999.00-9999.00-9999.00-9999.00-9999.00-9999.00-9999.00-9999.00-9999.00-9999.00-9999.00-9999.00-9999.00-9999.00-9999.00
375.38 375.58 240.06 375.17 240.06 0.00 325.60 375.17 376.18 0.00 268.05 102.37 256.12 112.98 126.95 161.93 376.25 122.92 85.00 366.99 364.18 102.37 81.30 90.43 89.65 101.39 127.94 103.61 124.85 139.88 379.54 376.23 376.57 166.51 296.52 283.59 376.15 376.15 376.15 0.00 0.00 0.00 330.34 376.65 316.99 0.00 364.30 272.77 377.11 360.82 192.97 227.97 375.68 145.13 375.37 381.76 375.12 90.29 373.12 380.73 99.56
379.89 383.93 83.14-9999.00-9999.00-9999.00-9999.00-9999.00-9999.00-9999.00-9999.00-9999.00-9999.00-9999.00-9999.00-9999.00-9999.00-9999.00-9999.00-9999.00-9999.00-9999.00-9999.00-9999.00-9999.00-9999.00 -9999.00-9999.00-9999.00-9999.00-9999.00-9999.00-9999.00-9999.00-9999.00-9999.00-9999.00-9999.00-9999.00-9999.00-9999.00-9999.00-9999.00-9999.00-9999.00-9999.00-9999.00-9999.00-9999.00-9999.00-9999.00-9999.00-9999.00-9999.00-9999.00-9999.00-9999.00-9999.00-9999.00-9999.00-9999.00-9999.00 143.83 377.13 375.19 375.88 377.45 375.95 375.99 377.63 377.65 377.96 296.52 296.52 0.00 0.00 316.99 375.00 384.27 375.92 299.81 299.81 375.01 377.44 299.82 376.33 299.82 0.00 357.24 94.28 94.44 88.19 91.67 98.26 102.11 83.39 197.01 223.54 120.90 84.58 388.03 84.58 110.42 114.73 87.90 95.93 375.77 122.77 97.62 0.00 384.89 289.60 376.05 87.05 383.79 182.65 0.00 376.64 376.40
375.21 232.66 0.00 382.56 375.22 234.16 375.37 375.33 323.44 166.51 372.23 313.02 371.81 132.81 93.30 87.74 88.67 86.73 77.94 86.41 104.73 101.27 86.85 376.17 90.29 380.14 85.43 92.20 103.13 89.79 78.77 128.83 99.68 378.40 81.57 78.26 80.57 379.97 77.94 121.75 101.16 373.84 106.03-9999.00-9999.00-9999.00-9999.00-9999.00-9999.00-9999.00-9999.00-9999.00-9999.00-9999.00-9999.00-9999.00-9999.00-9999.00-9999.00-9999.00-9999.00-9999.00-9999.00 -9999.00-9999.00-9999.00-9999.00-9999.00-9999.00-9999.00-9999.00-9999.00-9999.00-9999.00-9999.00-9999.00-9999.00-9999.00-9999.00-9999.00-9999.00-9999.00-9999.00-9999.00-9999.00-9999.00-9999.00-9999.00-9999.00-9999.00-9999.00-9999.00-9999.00-9999.00-9999.00-9999.00-9999.00-9999.00-9999.00-9999.00-9999.00-9999.00-9999.00-9999.00-9999.00-9999.00-9999.00-9999.00-9999.00-9999.00 375.62 296.53 0.00 375.27 272.77 375.34 316.99 379.99 0.00 375.01 296.53 375.52 353.05 272.77 375.01 375.00 378.99
296.53 296.52 0.00 296.53 0.00 0.00 296.52 375.13 377.98 375.43 375.25 251.14 324.87 200.83 376.50 375.52 194.58 139.88 209.10 189.85 101.43 398.42 366.52 333.50 87.54 85.43 0.00 85.00 93.81 80.81 98.59 131.95 382.07 85.43 199.54 215.39 89.65 375.50 388.90 384.47 194.43 91.69 91.69 97.43 98.59 381.64 82.66 354.14 409.29 375.26 142.15 91.30-9999.00-9999.00-9999.00-9999.00-9999.00-9999.00-9999.00-9999.00-9999.00-9999.00-9999.00-9999.00-9999.00-9999.00-9999.00-9999.00-9999.00-9999.00 -9999.00-9999.00-9999.00-9999.00-9999.00-9999.00-9999.00-9999.00-9999.00-9999.00-9999.00-9999.00-9999.00-9999.00-9999.00-9999.00-9999.00-9999.00-9999.00-9999.00-9999.00-9999.00-9999.00-9999.00-9999.00-9999.00-9999.00-9999.00-9999.00-9999.00-9999.00-9999.00-9999.00-9999.00-9999.00-9999.00-9999.00-9999.00-9999.00-9999.00-9999.00-9999.00-9999.00-9999.00-9999.00-9999.00-9999.00-9999.00-9999.00-9999.00-9999.00-9999.00-9999.00 375.59 0.00 296.52 375.72 227.91 368.58 277.96 316.99
