蒙特卡罗+CDRMV3/输出数据/2D水深分布/WaterDepthGIS_0153.ASC
ncols         539            
nrows         744            
xllcorner     602630.84259341
yllcorner     3914823.670891 
cellsize      50             
NODATA_value  -9999.00       
[rows 0 to 26 of 32, columns 366 to 426 of 539]
140.75 199.75 146.18 89.91-9999.00-9999.00-9999.00-9999.00-9999.00-9999.00-9999.00-9999.00-9999.00-9999.00-9999.00-9999.00-9999.00-9999.00-9999.00-9999.00-9999.00-9999.00-9999.00-9999.00-9999.00-9999.00-9999.00-9999.00-9999.00-9999.00-9999.00-9999.00-9999.00-9999.00-9999.00-9999.00-9999.00-9999.00-9999.00-9999.00-9999.00-9999.00-9999.00-9999.00-9999.00-9999.00-9999.00-9999.00-9999.00-9999.00-9999.00-9999.00-9999.00-9999.00-9999.00-9999.00-9999.00-9999.00-9999.00-9999.00-9999.00 96.40 83.58 91.87-9999.00-9999.00-9999.00-9999.00-9999.00-9999.00-9999.00-9999.00-9999.00-9999.00-9999.00-9999.00-9999.00-9999.00-9999.00-9999.00-9999.00-9999.00-9999.00-9999.00-9999.00-9999.00-9999.00-9999.00-9999.00-9999.00 74.58 373.35 88.02 377.34 115.14 82.36 74.37 82.59 74.85 115.75 138.71 376.49 377.19 381.47 385.15 384.09 79.64 0.00 119.53 83.64 377.31 140.08 78.00 74.93 303.25 78.00-9999.00-9999.00-9999.00-9999.00-9999.00-9999.00-9999.00-9999.00-9999.00-9999.00 -9999.00-9999.00-9999.00-9999.00-9999.00-9999.00-9999.00-9999.00-9999.00-9999.00-9999.00-9999.00-9999.00-9999.00 81.81 85.91 83.56 87.18 245.94 0.00 0.00 114.89 84.09-9999.00-9999.00-9999.00-9999.00-9999.00-9999.00-9999.00-9999.00-9999.00-9999.00-9999.00-9999.00-9999.00-9999.00-9999.00-9999.00-9999.00-9999.00-9999.00-9999.00-9999.00-9999.00-9999.00-9999.00-9999.00-9999.00-9999.00-9999.00-9999.00-9999.00-9999.00-9999.00-9999.00-9999.00-9999.00-9999.00-9999.00-9999.00-9999.00-9999.00-9999.00-9999.00-9999.00-9999.00-9999.00-9999.00-9999.00-9999.00-9999.00-9999.00-9999.00-9999.00-9999.00-9999.00-9999.00-9999.00-9999.00 94.31 378.58 78.50-9999.00-9999.00-9999.00-9999.00-9999.00-9999.00-9999.00-9999.00-9999.00-9999.00-9999.00-9999.00-9999.00-9999.00-9999.00-9999.00-9999.00-9999.00-9999.00-9999.00-9999.00-9999.00-9999.00-9999.00-9999.00-9999.00 83.95 200.32 84.96 377.24 234.98 74.29 292.99 75.74 88.25 74.47 114.86 376.58 374.21 383.91 80.29
294.85 157.11 82.72 86.59 80.29 80.29 125.72 0.00 84.58 85.67 0.00 378.94 280.08 368.64 166.70 86.36 124.51 89.26-9999.00-9999.00-9999.00 -9999.00-9999.00-9999.00-9999.00-9999.00-9999.00-9999.00-9999.00-9999.00-9999.00-9999.00-9999.00-9999.00-9999.00 74.33 129.19 311.13 76.43 76.83 0.00 134.28 74.41 87.18 84.84 93.55 102.40-9999.00-9999.00-9999.00-9999.00-9999.00-9999.00-9999.00-9999.00-9999.00-9999.00-9999.00-9999.00-9999.00-9999.00-9999.00-9999.00-9999.00-9999.00-9999.00-9999.00-9999.00-9999.00-9999.00-9999.00-9999.00-9999.00-9999.00-9999.00-9999.00-9999.00-9999.00-9999.00-9999.00-9999.00-9999.00-9999.00-9999.00 87.80 76.61 348.61 90.77 79.96 81.01 374.18-9999.00 84.96 114.97 123.09 77.55 333.44 306.66 0.00 90.29 276.32 84.58 376.49 82.65 78.50 81.01 376.52 76.96-9999.00-9999.00 82.04 82.59 75.39 313.33 283.27 128.28 113.36
90.12 91.12 111.80 338.37 383.23 382.03 290.74 128.63 79.33 79.64 128.02 176.92 76.96 143.84 381.22 0.00 83.58 141.74 91.87 74.52 186.10 74.58 75.74 380.86 76.61 370.37 113.87 87.58 74.52 112.51 376.14 376.28 74.85 84.30 94.55 74.10 266.20 378.08 75.19 75.29 388.73 383.13 0.00 0.00 0.00 123.38 74.93 142.72 74.04 74.22 74.58 83.85 78.00 74.33 74.77 74.29 81.91 76.00 74.64 0.00 141.20
76.29 224.10 378.96 81.39 190.63 75.50 223.35 74.29 116.83 79.04 167.11 344.55 357.10 75.74 82.72 81.01 0.00 0.00 96.48 96.84 85.67 87.98 97.99 88.99 247.77 89.53 78.24-9999.00-9999.00-9999.00-9999.00-9999.00-9999.00-9999.00-9999.00 -9999.00-9999.00-9999.00-9999.00-9999.00-9999.00-9999.00-9999.00-9999.00-9999.00-9999.00-9999.00 90.28 243.09 160.78 73.84 112.29 75.44 74.03 0.00 75.30 113.39 77.05 0.00 92.17 283.28 397.10 74.81 379.71 80.59 78.29 85.18 86.31 98.48 93.07 80.21 171.08 253.90 100.45 91.20 87.18 86.10 129.93 383.43 77.55
82.50 74.60 116.09 0.00 280.65 128.28 74.50 87.65 75.17 83.09 87.65 78.87 79.18 176.80 92.21 379.40 82.50 359.76 85.72 75.04 379.20 161.25 78.87 88.42 89.44 288.36 78.29 336.05 0.00 335.57 80.64 190.06 99.64 103.55 74.77 375.41 375.82 89.82 74.33 130.07 0.00 74.71 84.82 125.13 0.00 120.97 248.69 79.04 75.19 376.89 86.24 76.44 131.85 85.72 81.85 376.62 0.00 74.37 85.88 123.21 112.39
82.09 82.69 311.95 125.48 82.72 73.65 353.26 379.95 74.33 379.03 76.43 73.61 0.00 123.80 356.47 377.63 77.05 73.84 81.70 84.53 73.96 0.00 139.95 75.30 237.21 76.43 75.39 376.18 94.07 76.78 116.67 379.07 385.98 0.00 78.50 84.07 81.76 76.14 0.00 112.44 84.07 75.86 378.15 78.00 75.19 113.14 379.87 380.25 76.14 0.00 89.26 82.93 78.24 128.26 76.29 0.00 131.47 127.80 75.29 74.58 83.85
351.92 86.73 376.55 261.68 145.06 74.92 113.89 82.99 73.65 110.84 0.00 164.67 80.98 85.18 87.65 119.35 85.35 377.20 91.75 84.09 0.00 142.00 73.51 84.38 99.06 93.07 297.73 93.55 86.59 74.93 171.04 376.02 76.29 77.15 129.89 74.14 0.00 142.67 74.42 81.65 113.56 223.33 377.09 122.88 76.61 75.50 125.04 82.31 86.40 0.00 87.17 83.18 88.74 115.20 0.00 86.83 380.92 375.50 337.59 114.72 75.29
82.99 74.17 378.66 83.56 118.55 0.00 73.96 73.39 74.33 193.15 380.62 76.43 128.85 82.33 77.51 0.00 80.59 382.97 73.90 76.25 73.90 81.82 88.98 79.85 85.91 73.84 115.44 371.21 185.70 83.85 132.39 78.76 116.24 0.00 74.08 301.74 263.13 74.93 86.05 90.44 82.26 132.44 76.00 120.16 136.38 0.00 74.37 94.31 0.00 74.14 82.41 74.85 75.29 204.00 74.64 79.96 351.83 75.74 114.74 332.96 361.27
206.56 75.74 85.91 74.24 141.00 216.71 334.04 376.95 377.39 377.77 377.40 0.00 142.78 76.96 172.30 87.80 82.65 382.15 81.39 74.12 112.62 285.78 377.69 332.88 0.00 345.38 116.12 78.24 87.58 309.25 376.62 86.83 82.65 135.59 240.05 382.34 142.97 384.45 75.10 77.15 74.37 0.00 372.87 370.20 117.08 74.42 74.25 210.33 376.28 83.64 75.39 375.84 0.00 139.74 112.59 80.64 82.08 74.58 0.00 119.56 75.62
98.60 90.12 223.33 176.71 160.60 75.10 86.40 79.96 99.69 225.03 82.53 75.74 74.33 377.17 84.58 0.00 376.49 80.64 81.79 378.97 0.00 354.00 89.53 83.01 84.55 117.70 81.85 79.96 130.52 130.36 75.62 369.59 76.61 120.97 324.22 135.18 87.45 0.00 0.00 77.77 236.13 86.78 81.94 76.44 0.00 0.00 380.19 187.35 379.52 375.45 364.10 308.62 265.21 124.10 75.74 377.56 75.10 88.25 75.39 378.50 78.00
120.98 84.43 84.96 88.02 84.68 85.72 79.96 88.09 79.96 128.65 360.99 206.33 235.38 0.00 0.00 107.85 376.88 332.54 381.02 379.04 242.55 0.00 93.19 0.00 82.65 79.33 126.50 113.53 84.07 180.47 364.76 152.48 127.80 87.45-9999.00-9999.00-9999.00-9999.00-9999.00-9999.00-9999.00-9999.00-9999.00 -9999.00-9999.00-9999.00-9999.00-9999.00-9999.00-9999.00-9999.00-9999.00-9999.00 74.03 243.36 0.00 74.60 81.19 78.29 81.53 75.44 0.00 113.04 84.53 75.44 125.80 82.69 75.59 0.00 73.70 299.47 119.38 79.18 79.51 382.38 128.61 79.18 88.70 233.07
102.28-9999.00-9999.00-9999.00-9999.00-9999.00-9999.00-9999.00-9999.00-9999.00-9999.00 -9999.00-9999.00-9999.00-9999.00-9999.00-9999.00-9999.00-9999.00-9999.00 74.92 112.76 396.34 0.00 75.44 75.59 0.00 78.29 83.44 76.43 119.76 117.09 73.79 112.40 363.35 0.00 178.35 85.37 86.51 75.04 226.72 384.69 74.41 78.87 85.53 144.61 380.66 77.27 74.70 111.14 375.37 0.00 155.12 138.99 77.51 74.41 375.72 75.04 74.60 381.28 74.70 378.24 73.42 122.03 73.43 0.00 130.32 73.37 86.10 87.18 81.88 82.72 232.08 300.45 86.31 79.33 141.97 375.38 0.00
353.54 74.17 73.60 111.01 0.00 91.35 138.95 137.72 91.35 130.81 81.95 73.54 385.66 0.00 0.00 377.18 140.38 76.61 361.02 250.03 86.22 76.00 142.91 169.51 342.11 0.00 77.35 75.01 384.79 236.08 375.76 339.25 183.33 377.34 76.29 84.07 83.58 0.00 0.00 0.00 0.00 0.00 0.00 0.00 92.13 258.51 79.33 382.90 181.10 89.82 83.10 378.99 378.40 0.00 83.10 276.21 377.64 377.08 390.81 301.22 376.40
125.90 361.97 381.77 77.35 76.78 77.77 114.15 337.49 383.61 0.00 207.42 376.20 134.74 377.74 248.14 375.64 371.72 172.67 80.89 124.97 189.02 114.54 0.00 81.01 322.17 141.15 77.55 378.19 147.54 78.24-9999.00-9999.00-9999.00-9999.00-9999.00-9999.00-9999.00-9999.00-9999.00-9999.00-9999.00-9999.00-9999.00-9999.00 -9999.00-9999.00-9999.00-9999.00-9999.00-9999.00-9999.00-9999.00-9999.00-9999.00-9999.00 90.24 84.79 89.28 81.39 377.62 79.85 377.06 78.87 80.83 82.41 194.23 379.89 0.00 0.00 0.00 78.57 74.81 121.69 0.00 0.00 0.00 77.27 0.00 87.93 126.52 294.84 82.25 73.42 275.59 0.00
92.17 160.38 78.87 377.05 75.17 83.56 73.44 123.58 261.17 115.16 79.18 0.00 325.39 73.46 89.28 88.37 84.53 87.18 80.59 377.02 73.51 148.91 376.31 176.42 0.00 0.00 0.00 378.18 309.44 379.30 89.50 374.79 384.21 383.22 138.78 85.67 90.44 79.33 84.55 76.96 78.76 377.19 76.96 74.06 74.85 136.83 370.36 89.50 79.96 78.24 147.38 93.19 85.67 132.28 208.20 378.82 125.66 87.80 103.55 86.05 84.96
377.56 378.54 378.74 80.98 0.00 75.30 187.27 73.54 74.70 137.85 368.51 74.81 149.54 202.54 135.44 116.66 76.25 0.00 141.25 75.44 77.76 0.00 0.00 74.81 83.44 344.61 75.74 93.55 83.95 78.29 84.68 81.82 83.09 74.60 377.54 0.00 390.60 304.18 75.30 80.21 182.99 84.68 85.97 203.03 414.06 0.00 81.39 375.47 119.44 132.88 85.35 376.71 74.17 74.50 90.77 84.30 80.29 79.96 89.82 80.64 76.44
376.10 376.70 368.05 192.91 115.15-9999.00-9999.00-9999.00-9999.00-9999.00-9999.00-9999.00-9999.00-9999.00-9999.00-9999.00-9999.00-9999.00-9999.00-9999.00-9999.00-9999.00-9999.00-9999.00-9999.00 -9999.00-9999.00-9999.00-9999.00-9999.00-9999.00-9999.00-9999.00-9999.00-9999.00-9999.00-9999.00-9999.00-9999.00-9999.00-9999.00-9999.00-9999.00-9999.00 97.81 83.72 93.07 83.21 132.08 79.18 384.45 319.70 378.20 78.02 73.70 213.89 353.06 378.33 113.26 115.90 80.95 142.59 380.33 0.00 373.13 114.02 183.46 80.21 74.03 74.70 381.80 405.78 249.27 85.97 83.95 84.79 83.44 147.31 82.99 87.41 82.02 73.74 225.10 97.81 0.00 89.44 0.00 266.16 92.21 376.16 225.64 107.55 132.69 375.08 379.50 84.79 85.91 87.90 88.16
87.65 80.98 312.66 100.45 377.19 77.05 391.29 373.08 365.12 381.44 74.92 74.09 80.81 80.83 121.65 130.87 0.00 135.32 126.01 90.96 78.57 92.21 0.00 82.26 73.58 90.24 78.57 370.32 273.78 313.13 81.39 379.51 115.51 123.35 367.66 303.95 313.63 376.94 133.72 0.00 380.70 378.78 181.52 138.61 75.59 74.33 245.32 76.63 86.73 79.85 379.17 156.80 0.00 93.30 376.71 134.75 89.44 0.00 125.50 81.81 87.25
169.91 378.52 375.61 85.97 0.00 81.39 77.27 182.36 86.59 378.95 375.29 83.72 195.04 163.93 95.59 93.30 95.59 157.46 122.60 177.96 122.60 306.11 98.78 83.52 167.76 87.15 177.47 208.82 93.07 76.07 79.85 76.83 88.66 393.74 271.57 376.82 379.13 77.27 383.64 84.79 0.00 383.15 242.00 384.94 193.95 174.73 226.47 381.45 152.74 0.00 0.00 375.93 103.95 83.10 78.76 375.53 84.58 87.58 74.93 379.98 76.78
92.21 95.59 0.00 177.96 105.19 379.67 370.79 377.18 390.37 381.62 88.66 92.17 96.00 100.45 83.72 377.19 94.03 87.18 79.85 91.20 376.84 0.00 220.51 377.65 85.97 265.21 251.32 375.17 358.71 376.16 232.14 84.63 111.61 167.01 341.65 93.61 77.35 117.93 315.61 78.24 76.96 376.66 315.20 114.37 85.12 83.09 76.44 75.62 362.49 379.63 75.01 121.03 377.66 0.00 377.09 162.87 120.18 88.49 82.86 84.30 83.10
222.52 95.84 83.00 89.28 82.26 85.97 379.73 340.10 85.97 91.75 75.44 123.19 353.88 378.31 379.67 0.00 270.02 300.43 376.19 216.22 322.45 390.36 356.43 376.74 142.24 122.60 362.67 0.00 197.69 91.20 290.60 77.55 323.71 75.74 81.39 88.02 75.86 130.56 307.03 380.85 76.96 380.08 76.00 0.00 377.60 120.67 383.41 75.19 145.61 149.88 323.21 75.10 351.91 75.19 95.49 0.00 335.17 115.25 77.77 93.15 87.80
357.61 201.71 380.87 254.78 0.00 242.00 201.71 197.94 375.28 0.00 323.77 372.72 0.00 142.24 109.19 98.10 377.25 209.89 105.20 276.46 377.82 75.86 76.44 375.99 81.01 375.86 79.33 358.57 0.00 81.39 93.15 86.22 74.26 81.90 85.48 167.39 83.01 77.35 282.84 126.79 76.61 88.49 119.78 382.26 135.69 75.10 86.22 85.88-9999.00-9999.00-9999.00-9999.00-9999.00-9999.00-9999.00-9999.00-9999.00-9999.00-9999.00-9999.00-9999.00-9999.00-9999.00-9999.00-9999.00-9999.00-9999.00-9999.00-9999.00-9999.00-9999.00-9999.00 -9999.00-9999.00-9999.00-9999.00-9999.00-9999.00-9999.00-9999.00-9999.00-9999.00-9999.00-9999.00-9999.00-9999.00-9999.00-9999.00-9999.00-9999.00-9999.00-9999.00-9999.00 86.95 83.21 80.21 93.30 153.19 377.07 375.89 381.55 386.34 382.08 411.02 97.96
83.56 75.30 78.02 79.85 336.63 336.34 377.40 377.41 378.04 337.99 333.56 0.00 359.97 376.06 378.28 354.79 118.68 104.81 0.00 376.15 377.18 163.36 175.25 161.06 98.19 87.67 78.29 80.59 86.30 355.11 272.16 376.16 375.63 377.68 149.79 212.35 311.05 251.32 375.86 372.75 307.87 337.41 0.00 326.78 0.00 377.13 326.78 375.36 378.08 0.00 375.67 284.34 323.77 376.94 375.34 376.29 296.64 84.87 267.60 91.18 77.36
345.45 135.33 129.52 74.87 74.06 81.64 84.48 82.34 74.95 83.10 78.01 117.92 135.20 245.41 147.23 140.56 341.84 78.50 90.44 375.36 91.06 380.35 111.80 84.58-9999.00-9999.00-9999.00-9999.00-9999.00-9999.00-9999.00-9999.00-9999.00-9999.00-9999.00-9999.00-9999.00-9999.00-9999.00-9999.00-9999.00-9999.00-9999.00-9999.00-9999.00 -9999.00-9999.00-9999.00-9999.00-9999.00-9999.00-9999.00-9999.00-9999.00-9999.00-9999.00-9999.00-9999.00-9999.00-9999.00-9999.00-9999.00-9999.00-9999.00-9999.00-9999.00-9999.00-9999.00-9999.00-9999.00-9999.00-9999.00-9999.00-9999.00-9999.00-9999.00-9999.00-9999.00 89.06 222.55 377.53 177.96 381.81 380.22 376.16 376.41 375.42 205.97 375.28 295.66 0.00 324.82 0.00 375.00 369.37 91.77 88.51 109.09 95.52 87.46 90.40 102.95 127.65 88.51 381.72 375.72 144.26 86.20 346.53 86.82 375.71 346.52 87.13 117.66
375.96 381.58 376.13 378.84 76.80 79.03 379.31 381.58 399.52 379.42 74.12 83.18 100.11 92.31 75.22 83.02 386.80 86.82 201.27 80.25 378.14 239.86 413.44 88.82 0.00 0.00 382.78 92.16 152.26-9999.00-9999.00-9999.00-9999.00-9999.00-9999.00-9999.00-9999.00-9999.00-9999.00-9999.00-9999.00-9999.00-9999.00-9999.00-9999.00-9999.00-9999.00-9999.00-9999.00-9999.00-9999.00-9999.00 -9999.00-9999.00-9999.00-9999.00-9999.00-9999.00-9999.00-9999.00-9999.00-9999.00-9999.00-9999.00-9999.00-9999.00-9999.00-9999.00-9999.00-9999.00-9999.00-9999.00-9999.00-9999.00-9999.00-9999.00-9999.00-9999.00-9999.00-9999.00-9999.00-9999.00-9999.00-9999.00-9999.00-9999.00-9999.00-9999.00-9999.00 281.15 367.64 375.00 375.39 374.00 349.57 375.27 375.27 375.14 0.00 295.66 333.01 286.65 0.00 359.30 295.67 376.52 375.00 295.67 295.66 295.67 376.74 376.76 295.67 375.06 0.00 347.80 98.37 98.37 105.90 381.08
0.00 295.66 295.66 295.66 378.17 0.00 359.24 375.00 295.66 0.00 0.00 0.00 0.00 375.00 295.66 375.00 295.66 319.96 0.00 0.00 375.77 378.00 174.87 375.51 272.13 375.32 365.43 130.71 375.19 319.24 150.78 376.54 155.32 76.63 154.14 74.21 144.17 131.37 83.87 96.16 232.71 366.26 376.24 99.49 375.86 164.95 93.20 82.57 361.00 376.89 83.99 383.22 78.49 169.01 74.95 375.65 80.60 376.45 87.79 377.28 83.46
298.96 0.00 375.00 0.00 375.38 295.66 0.00 295.66 375.52 375.18 295.67 295.66 375.94 375.00 329.66 375.00 0.00 0.00 295.67 295.67 0.00 377.92 375.55 225.55 375.41 294.93 122.70 145.67 375.46 99.15 375.18 375.27 377.24 79.92 78.01 378.55 285.10 137.68 77.57 0.00 82.14 136.89 82.57 157.26 78.01 75.89 412.86 95.55 378.73 82.14 88.12 0.00 385.57 144.89 82.57 95.10 83.99 164.25 98.91 78.93 0.00
