蒙特卡罗+CDRMV3/输出数据/2D水深分布/WaterDepthGIS_0149.ASC
ncols         539            
nrows         744            
xllcorner     602630.84259341
yllcorner     3914823.670891 
cellsize      50             
NODATA_value  -9999.00       
[rows 0 to 26 of 32, columns 244 to 304 of 539]
0.00 81.65 84.35 90.69 78.79 78.23 80.72-9999.00-9999.00-9999.00-9999.00-9999.00-9999.00-9999.00-9999.00-9999.00-9999.00-9999.00-9999.00-9999.00 -9999.00-9999.00-9999.00-9999.00-9999.00-9999.00-9999.00-9999.00-9999.00 96.83 89.72 375.66 344.85 84.51 381.92 434.91 83.18 89.69 346.77 150.35 87.49-9999.00-9999.00-9999.00-9999.00-9999.00-9999.00-9999.00-9999.00-9999.00-9999.00-9999.00-9999.00-9999.00-9999.00-9999.00-9999.00-9999.00-9999.00-9999.00-9999.00-9999.00-9999.00-9999.00-9999.00-9999.00-9999.00-9999.00-9999.00-9999.00-9999.00-9999.00-9999.00-9999.00-9999.00-9999.00-9999.00-9999.00-9999.00-9999.00-9999.00-9999.00-9999.00-9999.00-9999.00-9999.00-9999.00-9999.00-9999.00-9999.00-9999.00-9999.00-9999.00-9999.00-9999.00-9999.00-9999.00-9999.00-9999.00-9999.00-9999.00-9999.00-9999.00-9999.00-9999.00-9999.00-9999.00-9999.00-9999.00-9999.00-9999.00-9999.00-9999.00-9999.00-9999.00-9999.00-9999.00-9999.00-9999.00-9999.00-9999.00-9999.00-9999.00-9999.00-9999.00-9999.00-9999.00-9999.00-9999.00-9999.00-9999.00 77.10 84.49 93.29 78.41 189.27 77.10 76.78 307.05 87.38 77.34 85.75 75.65 114.21 377.54 0.00 170.14 75.64 76.68 78.79 118.51 141.13 85.87-9999.00-9999.00-9999.00-9999.00-9999.00-9999.00-9999.00-9999.00-9999.00-9999.00-9999.00-9999.00 -9999.00-9999.00-9999.00-9999.00-9999.00-9999.00-9999.00-9999.00-9999.00 91.26 376.36 99.54 127.11 376.37 99.54 379.07 0.00 80.97 376.04 218.77 88.28 77.81-9999.00-9999.00-9999.00-9999.00-9999.00-9999.00-9999.00-9999.00-9999.00-9999.00-9999.00-9999.00-9999.00-9999.00-9999.00-9999.00-9999.00-9999.00-9999.00-9999.00-9999.00-9999.00-9999.00-9999.00-9999.00-9999.00-9999.00-9999.00-9999.00-9999.00-9999.00-9999.00-9999.00-9999.00-9999.00-9999.00-9999.00-9999.00-9999.00-9999.00-9999.00-9999.00-9999.00-9999.00-9999.00-9999.00-9999.00-9999.00-9999.00-9999.00-9999.00-9999.00-9999.00-9999.00-9999.00-9999.00-9999.00-9999.00-9999.00-9999.00-9999.00-9999.00-9999.00-9999.00-9999.00-9999.00-9999.00-9999.00-9999.00-9999.00-9999.00-9999.00-9999.00-9999.00-9999.00-9999.00-9999.00-9999.00-9999.00-9999.00-9999.00-9999.00-9999.00-9999.00-9999.00-9999.00-9999.00-9999.00 79.91 172.46 114.87 85.23 112.56
377.25 393.82 315.41 81.65 91.25-9999.00-9999.00-9999.00-9999.00-9999.00-9999.00-9999.00 79.91 85.33 77.90 84.56 83.91 378.94 158.13 378.36 78.59 139.03 377.48 89.93 94.53 375.98 90.96 381.80 75.99 80.17 369.56 77.22 75.72 76.43 75.86 76.43 300.43 0.00 376.17 140.28 76.88 116.51 76.04 361.82 150.09 207.83 79.43 84.87 117.88 376.16 372.25 376.54 0.00 78.59 86.79 0.00 100.06 97.58 83.09 80.72 89.93 369.20 89.76-9999.00-9999.00-9999.00 -9999.00-9999.00-9999.00-9999.00-9999.00-9999.00-9999.00-9999.00-9999.00-9999.00-9999.00-9999.00-9999.00-9999.00 84.47 83.37 124.77 88.36
85.75 188.70 77.90 167.81 85.27 363.44 81.02 197.10 382.58 77.75 382.20 78.23 380.14 171.43 76.28 92.91 86.77 77.22 77.22 382.71 92.54 82.34 0.00 125.10 86.79 87.71 78.59 87.54 76.35 380.69 76.88 149.26 84.23 92.91 85.04 85.53 79.91 75.79 378.48 116.88 77.10 84.35 87.07 118.41 135.70 83.53 75.79 300.85 77.90 77.47 76.51 0.00 365.39 83.49 124.39 118.62 119.58 77.61 174.21 116.34 120.65
0.00 0.00 0.00 0.00 143.75 145.79 76.04 86.63 96.29 77.90 88.63 75.90 377.84 0.00 376.65 0.00 96.07 93.94 193.21 111.41 95.65 377.92 77.90 242.08 344.19 87.90-9999.00-9999.00-9999.00-9999.00-9999.00-9999.00 -9999.00-9999.00-9999.00-9999.00-9999.00-9999.00-9999.00-9999.00-9999.00-9999.00-9999.00-9999.00 96.83 97.30 80.97 88.28 86.46 75.72 116.57 0.00 75.15 75.87 75.43 0.00 75.09 76.21 328.52 85.10 77.48 382.46 377.43 191.40 77.03-9999.00-9999.00-9999.00 80.97 84.05 283.43 88.72 80.36 150.04 388.33 97.10 89.46 141.02 112.56 377.33 377.26
84.47 78.81 86.78 85.10 77.17 83.96 96.83 84.99 95.20 380.51 81.64 319.56 380.73 84.99 379.22 79.79 161.17 76.21 378.81 76.21 322.40 121.53 0.00 378.65 81.02 96.73 157.91 98.07 148.13 121.37 282.18 91.55 75.90 292.12 0.00 77.34 94.53 123.69 0.00 379.63 115.13 78.99 77.22 376.35 79.66 83.09 115.68 377.49 379.04 93.94 0.00 76.09 90.69 86.63 144.71 126.29 75.99 119.25 0.00 375.50 269.53
88.50 84.99 83.60 374.12 304.29 80.07 82.38 160.69 82.77 0.00 371.13 136.87 77.47 89.69 132.46 75.68 375.99 373.75 76.09 77.34 379.47 0.00 75.99 75.59 368.25 0.00 114.06 87.33 87.22 152.09 86.63 75.82 377.79 119.62 77.61 215.01 129.42 0.00 115.24 78.99 76.28 115.73 0.00 76.59 87.54 89.93 306.33 77.47 88.83 78.23 81.02 138.07 213.88 385.12 211.85 162.43 82.34 88.83 85.43 83.49 85.75
79.53 85.22 80.36 85.73 139.04 319.71 86.00 81.30 0.00 113.82 133.77 78.81 80.36 383.58 78.59 90.79 76.68 119.62 381.85 145.99 130.79 76.22 193.44 0.00 0.00 120.99 75.64 75.99 75.79 149.36 378.69 76.43 75.82 114.22 364.76 376.21 82.71 0.00 75.73 88.24 76.22 0.00 265.49 75.94 77.34 375.71 140.72 77.47 81.99 146.53 253.06 378.80 206.82 0.00 385.21 378.79 378.08 383.25 134.97 87.90 78.23
375.90 378.58 76.31 86.15 76.53 0.00 88.36 77.32 381.57 381.95 197.66 76.76 86.78 98.22 80.36 75.60 162.16 78.23 119.71 86.77 90.17 83.49 115.43 0.00 381.55 76.59 88.06 138.14 87.54 85.23 84.49 76.43 114.52 155.72 199.38 0.00 75.99 81.33 0.00 181.94 114.98 77.61 79.66 89.11 91.25 89.03 135.16 75.82 118.62 193.16 375.68 0.00 75.86 118.70 85.23 85.64 84.87 87.33 180.96 86.92 83.48
82.98 83.18 78.99 379.18 379.62 0.00 376.89 372.51 379.53 375.40 76.35 83.49 334.16 75.90 263.54 77.47 190.13 78.41 0.00 352.11 76.99 169.29 85.98 378.29 76.35 89.69 77.90 141.39 337.58 377.55 77.22 119.69 85.64 78.41 120.06 0.00 76.51 80.17 187.92 75.86 91.86 376.09 121.59 78.06 265.37 97.10 0.00 114.90 76.04 88.24 76.09 122.31 0.00 129.06 90.17 75.79 78.23 251.67 0.00 89.76 86.36
88.43 120.12 76.51 131.26 186.21 93.29 78.41 120.41 0.00 129.30 117.98 87.07 88.06 178.67 130.89 0.00 316.17 119.28 80.17 223.44 84.42 85.53 75.94 218.34 377.60 379.99 164.91 78.99 141.68 0.00 0.00 0.00 343.25 254.58 77.10 160.92 76.15 135.05 376.65 0.00 390.90 386.89 139.53 83.17 228.74 118.09 76.04 84.96 84.79 124.24 366.13 229.76 77.47 354.14 361.25 375.47 77.90-9999.00-9999.00-9999.00-9999.00-9999.00-9999.00-9999.00-9999.00 -9999.00-9999.00-9999.00-9999.00-9999.00-9999.00-9999.00-9999.00-9999.00-9999.00 86.95 90.22 75.06
376.16 378.71 385.56 107.97 91.55 87.33 383.28 0.00 105.48 0.00 375.30 209.35 380.89 177.96 0.00 0.00 310.87 79.91 79.43 0.00 125.86 76.22 84.71 95.41 78.41 92.19 86.36 79.66 89.24-9999.00-9999.00-9999.00-9999.00-9999.00-9999.00-9999.00-9999.00-9999.00 -9999.00-9999.00-9999.00-9999.00-9999.00-9999.00-9999.00-9999.00-9999.00-9999.00 75.30 154.20 0.00 307.43 75.13 187.88 80.07 76.64 365.23 0.00 133.84 76.12 75.54 150.83 188.84 0.00 373.21 236.03 157.77 130.85 82.77 78.38 380.97 127.21 80.36 94.52 100.91 82.00 75.72 375.69 77.03
0.00 75.13 83.49 80.36 0.00 76.76 86.78 79.04 76.21 75.95 155.65 0.00 0.00 75.72 256.67 77.48 91.75 81.30 385.23 375.64 378.43 76.76 75.79 78.81 380.18 75.17 84.20 76.42 0.00 114.80 78.59 90.22 83.13 188.48 88.28 86.15 377.42 75.87 378.08 75.19 149.06 218.11 81.30 0.00 75.66 88.08 86.46 76.64 143.14 89.43 187.37 76.51 127.61 407.28 77.34 0.00 379.38 186.24 123.58 86.26 77.72
76.03 112.86 0.00 124.16 75.87 87.87 93.65 75.15 78.81 254.55 378.64 76.03 302.79 0.00 84.80 349.78 89.93 378.20 89.66 89.22 375.43 186.55 0.00 78.41 85.43 76.28 381.85 84.35 290.98 80.17 83.91 377.38 77.22 75.70 0.00 122.26 271.77 0.00 363.72 81.65 82.34 81.33 373.94 81.99 84.17 76.99 383.10 83.49 89.93 99.01 110.09 383.90 104.66 100.82 95.00 386.92 237.54 376.21 377.69 370.09 0.00
78.23 361.19 82.34 390.34 87.33 117.51 77.75 78.23 352.64 377.53 0.00 375.57 164.08 0.00 0.00 0.00 80.02 96.39 91.69 0.00 360.58 96.07 0.00 377.95 379.68 76.88 91.55 136.70 79.91 330.95 85.76-9999.00-9999.00-9999.00-9999.00-9999.00-9999.00-9999.00-9999.00-9999.00-9999.00-9999.00-9999.00-9999.00-9999.00 -9999.00-9999.00-9999.00-9999.00-9999.00-9999.00-9999.00-9999.00-9999.00-9999.00-9999.00 83.60 179.83 91.42 80.07 86.57 376.94 76.76 380.00 75.07 148.01 372.23 0.00 152.70 167.49 115.04 83.96 84.47 83.96 75.95 79.53 137.71 0.00 0.00 79.53 75.87 202.66 84.57 75.23 0.00
75.23 164.33 77.03 82.98 78.59 0.00 163.68 106.26 128.42 288.68 76.03 75.23 163.07 76.53 80.07 75.11 0.00 210.88 75.13 86.95 173.26 84.88 89.95 77.03 183.86 84.38 299.71 130.00 376.49 76.21 239.58 89.76 0.00 419.97 390.93 393.53 385.70 384.05 108.08 377.27 364.28 80.72 88.06 78.41 79.43 95.44 87.90 413.13 397.76 379.12 356.09 85.76 376.84 76.22 84.35 75.68 76.99 84.49 84.17 75.99 76.04
131.70 377.46 376.34 120.48 81.99 93.29-9999.00-9999.00-9999.00-9999.00-9999.00-9999.00-9999.00-9999.00-9999.00-9999.00-9999.00-9999.00-9999.00-9999.00-9999.00-9999.00-9999.00-9999.00 -9999.00-9999.00-9999.00-9999.00-9999.00-9999.00-9999.00-9999.00-9999.00-9999.00-9999.00-9999.00-9999.00-9999.00-9999.00-9999.00-9999.00 84.51 383.60 376.32 356.31 78.18 75.66 76.64 78.81 0.00 205.89 81.30 85.10 79.28 84.12 187.35 249.19 75.66 377.58 357.82 0.00 0.00 0.00 126.13 78.59 83.67 78.59 81.30 0.00 151.72 75.79 146.39 120.25 75.43 84.88 79.53 133.88 271.97 376.40 377.94 0.00 361.17 119.86 163.15 85.49 82.00 77.48 190.89 356.37 377.53 375.72 0.00 0.00 377.23 373.91
136.78 376.51 0.00 130.20 88.49 106.17 296.90 87.33 384.39 379.69 380.63 76.78 75.70 83.33 83.96 83.48 83.78 83.61 92.91-9999.00-9999.00-9999.00-9999.00-9999.00-9999.00-9999.00-9999.00-9999.00-9999.00-9999.00-9999.00-9999.00-9999.00-9999.00-9999.00-9999.00-9999.00-9999.00 -9999.00-9999.00-9999.00-9999.00-9999.00-9999.00-9999.00-9999.00-9999.00-9999.00-9999.00-9999.00-9999.00-9999.00-9999.00-9999.00-9999.00-9999.00 88.36 83.60 91.75 93.65 83.18 76.31 0.00 143.12 80.36 80.36 94.52 83.49 142.98 167.38 146.18 76.89 77.99 123.79 82.81 75.06 0.00 97.38 214.91 175.24 121.19 81.64 90.68 77.48 127.91 382.79 379.94 79.53 88.50 89.69 75.13 92.46 84.47 120.86 373.03 375.67 0.00
231.48 0.00 380.04 116.73 76.22 84.49 85.04 312.96 135.82 114.14 76.35 87.07 85.98 79.91-9999.00-9999.00-9999.00-9999.00-9999.00-9999.00-9999.00-9999.00-9999.00-9999.00-9999.00-9999.00-9999.00-9999.00-9999.00-9999.00-9999.00-9999.00-9999.00-9999.00-9999.00 -9999.00-9999.00-9999.00-9999.00-9999.00-9999.00-9999.00-9999.00-9999.00-9999.00-9999.00-9999.00-9999.00-9999.00-9999.00-9999.00-9999.00-9999.00-9999.00 84.05 133.53 380.54 414.64 328.72 149.34 92.10 347.29 92.84 350.08 113.19 83.05 77.03 112.89 365.72 379.40 0.00 233.50 76.31 82.85 87.30 78.38 119.83 0.00 124.97 76.53 76.12 203.18 129.92 214.85 148.75 94.08 378.42 76.53 78.18 374.31 141.75 97.38 376.11 128.25 0.00 349.38 76.89 76.47 87.68 105.24
380.71 379.76 364.23 75.79 189.25 81.02-9999.00-9999.00-9999.00-9999.00-9999.00-9999.00-9999.00-9999.00-9999.00-9999.00-9999.00-9999.00-9999.00-9999.00-9999.00-9999.00-9999.00 -9999.00-9999.00-9999.00-9999.00-9999.00-9999.00-9999.00-9999.00-9999.00-9999.00-9999.00-9999.00-9999.00-9999.00-9999.00-9999.00-9999.00-9999.00-9999.00-9999.00-9999.00-9999.00-9999.00-9999.00-9999.00 85.49 278.59 78.18 277.72 79.53 81.64 382.52 125.45 138.05 159.48 75.95 128.50 0.00 0.00 0.00 0.00 0.00 337.86 87.74 75.79 89.02 378.83 0.00 0.00 376.48 299.51 359.25 358.87 271.28 308.43 378.79 304.80 95.20 341.56 117.46 81.63 97.29 86.93 81.64 83.60 376.88 120.25 78.38 192.24 376.42 400.01 83.18 353.20 81.30 80.91 0.00 376.84 173.73 382.45
0.00 0.00 378.28 125.30 144.22 160.93 95.90 312.78 380.03 86.57 378.37 87.14 99.54 98.22 93.65 96.30 0.00 0.00 135.07 0.00 290.14 375.43 91.72 86.06 129.96 96.39 377.27 384.28 95.20 164.71 89.69 82.00 340.27 106.26 78.38 80.36 178.98 149.37 376.66 0.00 173.73 376.98 306.57 218.43 285.79 184.79 349.76 376.02 378.61 204.60 83.91 81.02 356.90 76.35 78.79 85.76 378.48 362.76 76.04 84.63 163.28
99.70 305.39 377.41 380.05 385.34 113.78 274.72 336.74 90.46 108.00 131.94 94.11 347.88 0.00 173.73 375.60 376.24 375.28 79.28 95.20 230.16 89.72 94.08 257.59 90.46 81.30 130.11 328.54 378.08 137.71 0.00 376.39 243.76 375.91 356.03 239.20 358.51 387.68 239.27 384.71 108.27 112.95 88.36 0.00 100.06 78.79 91.86 88.43 86.26 172.91 78.23 95.00 332.38 355.74 76.99 85.87 377.01 84.23 76.99 0.00 0.00
249.32 351.47 100.86 174.21 98.43 376.46 375.44 266.38 209.37 0.00 382.01 80.07 78.59 91.26 378.50 231.43 361.05 151.60 170.85 102.63 380.70 376.16 222.76 204.42 0.00 375.42 218.43 375.15 317.49 0.00 0.00 266.41 0.00 391.40 376.90 218.22 115.88 131.94 77.32 84.80 234.75 81.33 103.53 254.12 382.71 83.91 242.70 0.00 376.02 153.06 82.34 170.51 129.21 375.19 117.23 75.59 139.01 377.66 76.68 89.46 90.96
76.59 145.45 380.68 0.00 81.33 89.24 159.93 84.12 84.56 82.71 118.47 114.93 383.68 363.18 377.04 292.40 259.53 78.06 249.98 127.73 258.14 88.43 117.36 75.94 362.08 79.43-9999.00-9999.00-9999.00-9999.00-9999.00-9999.00-9999.00-9999.00-9999.00-9999.00-9999.00-9999.00-9999.00-9999.00-9999.00-9999.00-9999.00-9999.00-9999.00-9999.00-9999.00-9999.00 -9999.00-9999.00-9999.00-9999.00-9999.00-9999.00-9999.00-9999.00-9999.00-9999.00-9999.00-9999.00-9999.00-9999.00-9999.00-9999.00-9999.00-9999.00-9999.00-9999.00-9999.00-9999.00-9999.00-9999.00-9999.00-9999.00-9999.00-9999.00-9999.00 85.49 84.05 168.90 377.36 373.72 76.76 378.19 379.31 173.73 351.05 375.86 383.31 0.00 327.29 378.21 375.55 118.91 200.04 325.07 0.00 218.43 308.64 118.64 376.25 98.68 92.40 87.69 94.68 95.90 89.43 89.06 91.38 98.68 84.05
375.37 296.24 352.85 252.78 336.19 375.02 0.00 227.13 0.00 322.94 316.43 376.76 316.43 0.00 376.94 365.38 252.78 337.37 375.38 191.96 377.91 382.09 378.38 121.05 133.16 92.27 381.84 98.48 375.44 132.29 88.80 167.54 120.75 76.07 78.11 77.42 84.81 83.53 85.23 78.59 75.82 114.39 114.20 75.75 165.15 86.49 316.42 86.17 92.19 375.18 375.29 103.50-9999.00-9999.00-9999.00-9999.00-9999.00-9999.00-9999.00-9999.00-9999.00-9999.00-9999.00-9999.00-9999.00-9999.00-9999.00-9999.00-9999.00-9999.00-9999.00-9999.00-9999.00 -9999.00-9999.00-9999.00-9999.00-9999.00-9999.00-9999.00-9999.00-9999.00-9999.00-9999.00-9999.00-9999.00-9999.00-9999.00-9999.00-9999.00-9999.00-9999.00-9999.00-9999.00-9999.00-9999.00-9999.00-9999.00-9999.00-9999.00-9999.00-9999.00-9999.00-9999.00 137.71 90.46 91.26 243.27 375.89 380.87 251.09 369.75
383.34 257.82 299.53 386.89 398.56 375.17 107.17 269.73 395.03 320.23 114.58 104.54 377.14 380.51 98.75 378.19 381.83 84.90 143.83 127.35 375.38 101.20 375.26 120.83 375.45 0.00 375.63 375.47 379.26 82.44 104.62 195.96 375.97 375.45 109.31 106.99 126.26 91.43 92.64 382.50 403.34 120.24 87.48 79.17 122.35 378.68 76.37 376.30 154.00 104.62 96.13 86.91 386.11 379.22 319.29 77.81 82.11 260.63 378.56 83.60 87.48
85.64 78.11 87.20 102.08 89.31 378.44 84.01 366.59 83.20 125.54 244.30 98.75 80.87 92.77 321.84 362.25 124.94 88.23 136.22 84.58 79.74 370.79 78.69 85.37-9999.00-9999.00-9999.00-9999.00-9999.00-9999.00-9999.00-9999.00-9999.00-9999.00-9999.00-9999.00-9999.00-9999.00-9999.00-9999.00-9999.00-9999.00-9999.00-9999.00 -9999.00-9999.00-9999.00-9999.00-9999.00-9999.00-9999.00-9999.00-9999.00-9999.00-9999.00-9999.00-9999.00-9999.00-9999.00-9999.00-9999.00-9999.00-9999.00-9999.00-9999.00-9999.00-9999.00-9999.00-9999.00-9999.00-9999.00-9999.00-9999.00-9999.00-9999.00-9999.00-9999.00-9999.00-9999.00-9999.00-9999.00-9999.00-9999.00-9999.00-9999.00-9999.00-9999.00-9999.00-9999.00-9999.00 375.28 375.12 0.00 296.24 375.91 317.56 308.09 375.11 252.78 0.00 375.00 296.24 375.41 296.24 375.00 375.00 377.14 375.00 0.00 252.78 296.24 377.15 296.24 376.20 377.82 377.34 377.34 379.69 257.82 299.53 377.75 0.00 0.00 375.21 375.21 375.58
82.07 112.48 95.43 97.12 100.23 376.24 312.20 83.24 86.76 148.03 86.91 97.55 0.00 81.46 200.96 86.91 93.13 379.00 81.16 158.26 76.16 89.02 137.73 384.00 92.27 381.76 357.22 388.42 212.59 95.23 379.84 98.35 127.27 80.52 377.47 231.71 82.30-9999.00-9999.00-9999.00-9999.00-9999.00-9999.00-9999.00-9999.00-9999.00-9999.00-9999.00-9999.00-9999.00-9999.00-9999.00-9999.00-9999.00-9999.00 -9999.00-9999.00-9999.00-9999.00-9999.00-9999.00-9999.00-9999.00-9999.00-9999.00-9999.00-9999.00-9999.00-9999.00-9999.00-9999.00-9999.00-9999.00-9999.00-9999.00-9999.00-9999.00-9999.00-9999.00-9999.00-9999.00-9999.00-9999.00-9999.00-9999.00-9999.00-9999.00-9999.00-9999.00-9999.00-9999.00-9999.00-9999.00-9999.00-9999.00-9999.00-9999.00-9999.00-9999.00-9999.00-9999.00-9999.00-9999.00-9999.00-9999.00-9999.00-9999.00 375.32 252.78 0.00 377.04 296.24 320.22 325.34 277.50 231.85 0.00 380.98 296.24 0.00 375.87 296.24 0.00 0.00 296.24 296.24 375.31 296.24 375.52 375.20
