蒙特卡罗+CDRMV3/输出数据/2D水深分布/WaterDepthGIS_0149.ASC
ncols         539            
nrows         744            
xllcorner     602630.84259341
yllcorner     3914823.670891 
cellsize      50             
NODATA_value  -9999.00       
[rows 0 to 26 of 32, columns 183 to 243 of 539]
86.63 75.70 244.55 0.00 381.17 377.47 378.51 327.49 268.82 80.17-9999.00-9999.00-9999.00-9999.00-9999.00-9999.00-9999.00-9999.00-9999.00-9999.00-9999.00-9999.00-9999.00 -9999.00-9999.00-9999.00-9999.00-9999.00-9999.00-9999.00-9999.00-9999.00-9999.00-9999.00 84.05 188.50 378.68 87.14 379.58 80.36 86.61 91.26 82.38-9999.00-9999.00-9999.00-9999.00-9999.00-9999.00-9999.00-9999.00-9999.00-9999.00-9999.00-9999.00-9999.00-9999.00-9999.00-9999.00-9999.00-9999.00-9999.00-9999.00-9999.00-9999.00-9999.00-9999.00-9999.00-9999.00-9999.00-9999.00-9999.00-9999.00-9999.00-9999.00-9999.00-9999.00-9999.00-9999.00-9999.00-9999.00-9999.00-9999.00-9999.00-9999.00-9999.00-9999.00-9999.00-9999.00-9999.00-9999.00-9999.00-9999.00-9999.00-9999.00-9999.00-9999.00-9999.00-9999.00-9999.00-9999.00-9999.00-9999.00-9999.00-9999.00-9999.00-9999.00-9999.00-9999.00-9999.00-9999.00-9999.00-9999.00-9999.00-9999.00-9999.00-9999.00-9999.00-9999.00-9999.00-9999.00-9999.00-9999.00-9999.00-9999.00-9999.00-9999.00-9999.00-9999.00-9999.00-9999.00-9999.00-9999.00-9999.00-9999.00-9999.00-9999.00 77.75 121.98 219.28 378.09 379.78 287.86 75.70 84.96 75.63 181.92 87.33 0.00 83.91 195.33 81.65 194.65 82.71 87.54-9999.00-9999.00-9999.00-9999.00-9999.00-9999.00-9999.00-9999.00-9999.00-9999.00-9999.00-9999.00-9999.00 -9999.00-9999.00-9999.00-9999.00-9999.00-9999.00-9999.00-9999.00-9999.00-9999.00 213.40 138.74 79.79 381.00 99.54 378.61 302.51 77.17 139.00 220.18 112.38-9999.00-9999.00-9999.00-9999.00-9999.00-9999.00-9999.00-9999.00-9999.00-9999.00-9999.00-9999.00-9999.00-9999.00-9999.00-9999.00-9999.00-9999.00-9999.00-9999.00-9999.00-9999.00-9999.00-9999.00-9999.00-9999.00-9999.00-9999.00-9999.00-9999.00-9999.00-9999.00-9999.00-9999.00-9999.00-9999.00-9999.00-9999.00-9999.00-9999.00-9999.00-9999.00-9999.00-9999.00-9999.00-9999.00-9999.00-9999.00-9999.00-9999.00-9999.00-9999.00-9999.00-9999.00-9999.00-9999.00-9999.00-9999.00-9999.00-9999.00-9999.00-9999.00-9999.00-9999.00-9999.00-9999.00-9999.00-9999.00-9999.00-9999.00-9999.00-9999.00-9999.00-9999.00-9999.00-9999.00-9999.00-9999.00-9999.00-9999.00-9999.00-9999.00-9999.00-9999.00-9999.00-9999.00-9999.00-9999.00-9999.00-9999.00-9999.00-9999.00-9999.00 76.68 121.47 375.41 78.23 78.59 157.38 85.14 75.63 134.42 215.40 354.52
189.15 376.94 151.22 90.96 379.08 75.94 85.04 114.16 86.36 85.53 86.49 75.99 148.86 0.00 233.84 75.65 157.97 84.71 75.79 126.39 133.82 76.78 75.65 87.07 85.87 84.23 77.61 75.68 0.00 212.49 77.47 81.65 377.22 0.00 269.26 243.71 378.30 368.29 75.79 87.71-9999.00-9999.00-9999.00 -9999.00-9999.00-9999.00-9999.00-9999.00-9999.00-9999.00-9999.00-9999.00-9999.00-9999.00-9999.00-9999.00-9999.00-9999.00 83.88 76.12 265.92 375.37 75.60 0.00 349.91 371.28 136.13 81.30-9999.00-9999.00-9999.00-9999.00-9999.00-9999.00-9999.00-9999.00-9999.00-9999.00-9999.00-9999.00-9999.00-9999.00-9999.00-9999.00-9999.00-9999.00-9999.00-9999.00-9999.00-9999.00-9999.00-9999.00-9999.00-9999.00-9999.00-9999.00-9999.00-9999.00-9999.00-9999.00-9999.00-9999.00-9999.00-9999.00-9999.00-9999.00-9999.00-9999.00 122.26 181.48 92.54 86.26-9999.00-9999.00-9999.00-9999.00 77.75 122.95 370.43 377.29 85.27 381.25
132.91 77.22 78.59 89.03 88.49 0.00 0.00 0.00 0.00 0.00 356.64 132.41 91.21 0.00 0.00 0.00 218.88 118.61 76.15 77.10 0.00 83.09 76.15 78.99 111.08 0.00 78.41 90.17 83.09 0.00 376.84 177.78 122.26 376.41 254.66 117.75 78.41 88.06 99.71-9999.00-9999.00-9999.00-9999.00-9999.00 -9999.00-9999.00-9999.00-9999.00-9999.00-9999.00-9999.00-9999.00-9999.00-9999.00-9999.00-9999.00 75.54 145.03 368.70 75.30 252.76 0.00 80.36 83.37 83.55 86.61 77.81 380.62 125.39 80.07 287.19 195.55 84.99 224.18 188.60-9999.00-9999.00-9999.00-9999.00-9999.00-9999.00-9999.00-9999.00-9999.00-9999.00-9999.00-9999.00-9999.00-9999.00-9999.00-9999.00-9999.00-9999.00-9999.00-9999.00-9999.00-9999.00 77.90 101.52
77.34 212.61 380.67 418.60 78.79 95.41 143.38 78.41 194.37 377.41 86.92 120.63 0.00 121.31 87.38 98.00 340.65 87.71 85.27 341.17 374.51 76.22 123.88 0.00 80.17 86.63 87.88 88.24 160.76 86.49 80.44 0.00 370.15 76.28 154.70 313.47 75.79 96.73 91.21 77.10 135.30 76.51 116.95 376.61 376.81 366.61 207.07 86.63 76.68 76.99 78.06 78.79 89.24 81.33 76.59 120.41 85.53 124.90 0.00 0.00 0.00
223.70 76.78 84.63 76.43 94.96 86.77 83.74 118.22 384.96 79.21 84.87 77.22 85.04 83.49 382.89 375.22 95.41 78.06 78.06 380.53 229.39 84.17 91.86 88.24 80.44 378.20 131.65 83.91 83.35 75.99 142.29 77.47 119.35 384.90 362.55 144.88 218.02 0.00 375.88 335.99 191.47 98.18 394.07 351.16 156.95 84.35-9999.00-9999.00-9999.00-9999.00-9999.00-9999.00-9999.00-9999.00-9999.00-9999.00 -9999.00-9999.00-9999.00-9999.00-9999.00-9999.00-9999.00-9999.00-9999.00 375.62 87.14 251.96 84.99 85.34 81.64 139.51 77.03 127.69 116.13 0.00 77.81 76.42 82.61
338.67 138.60 86.36 88.63 91.86 83.87 157.05 114.65 75.79 148.20 357.40 79.43 375.98 91.21 0.00 376.71 134.09 0.00 376.37 376.03 83.17 81.99 300.17 80.44 83.91 375.32 79.66 90.17-9999.00-9999.00-9999.00-9999.00-9999.00-9999.00-9999.00-9999.00-9999.00 -9999.00-9999.00-9999.00 85.49 353.78 389.44 377.50 77.81 83.96 76.64 403.91 123.97 132.32 86.02 86.02 378.23 77.99 75.37 120.88 154.73 0.00 380.68 378.51 349.24 76.53 81.30 86.30 81.64 380.41 86.02 83.74 376.77 85.59 86.15 381.00
167.34 116.26 84.96 86.63 77.10 75.70 159.75 359.00 376.76 76.15 75.68 114.48 387.17 382.91 0.00 89.76 107.97 116.70 107.97 181.61 119.11 377.91 377.55 349.28 78.99 381.97 405.84 80.17 85.27 224.77-9999.00-9999.00-9999.00-9999.00-9999.00-9999.00-9999.00 -9999.00-9999.00-9999.00-9999.00 180.99 375.56 92.46 84.88 380.85 77.99 380.74 89.02 75.79 116.43 90.79 75.39 126.34 389.06 75.08 0.00 120.88 89.02 376.36 118.40 77.99 326.44 76.53 83.60 81.30 114.36 133.31 0.00 137.97 94.11
113.80 247.25 83.49 385.76 80.44 85.87 78.06 140.68 296.87 76.43 116.55 391.22 0.00 229.93 84.80 274.43 99.81 92.95 109.17 378.82 262.98 240.45 381.69 379.95 385.16 137.23 78.41 93.69 81.02 76.51-9999.00-9999.00-9999.00-9999.00-9999.00-9999.00-9999.00 -9999.00-9999.00-9999.00-9999.00-9999.00-9999.00 94.11 237.84 83.37 76.64 0.00 75.17 84.88 82.98 75.23 378.84 84.38 118.67 0.00 75.43 82.65 75.48 136.83 75.13 83.22 89.95 76.12 129.31 307.87 84.20 113.86 0.00 118.19 80.36 84.99 77.48
277.28 98.07 380.75 102.39 210.61 86.50 97.34 85.56 371.53 76.99 87.54 380.00 273.03 120.47 82.34 85.27-9999.00-9999.00-9999.00-9999.00-9999.00-9999.00-9999.00-9999.00 -9999.00-9999.00-9999.00-9999.00-9999.00-9999.00-9999.00-9999.00-9999.00 84.38 75.95 0.00 77.17 75.43 151.22 0.00 143.35 114.04 184.84 116.03 77.99 75.87 376.18 204.81 87.14 75.23 159.83 164.98 79.28 90.79 378.56 0.00 376.47 220.94 82.88 85.86 77.03 218.97 75.72 0.00 119.66 0.00 94.97 384.59 114.75 84.99 75.66 378.61 375.74 84.51 88.72 85.22 83.61
133.32 386.57 76.76 84.04 78.81 203.36 85.86 75.43 0.00 149.24 132.13 75.08 379.04 240.51 375.68 114.85 79.79 85.86 87.30 120.58 85.46 87.74 93.65 82.77 81.30 88.36 255.67 89.72 378.68 79.28 96.83 89.02 144.66 189.72 226.64 178.94 75.66 83.09 78.59 0.00 75.60 76.78 378.60 375.42 75.99 92.54 84.01 128.48 115.03 305.51 379.02 0.00 267.36 369.99 140.71 92.95 87.38 83.49 86.79 115.41 96.29
97.76 392.78 85.49 93.65 80.66 177.45 84.20 75.05 333.12 376.37 0.00 91.26 86.95 141.39 76.41 247.95 336.65 85.27 79.21 76.04 116.92 139.09 307.77 0.00 76.22 91.86 137.75 89.11 76.78 377.74 391.34 377.78 376.62 265.61 81.02 340.85 84.35 87.22 75.82 85.14 89.69 83.87 75.82 225.91 77.61 0.00 191.00 78.06 79.66 86.92 378.23 223.38 128.41 75.94 85.33 209.61 87.71 84.87 76.35 142.16 217.18
78.23 165.02 139.27 95.85 84.11 75.82 358.35 382.16 117.14 85.75 77.34 122.41 379.41 0.00 278.27 170.96 125.02 75.59 85.14 78.41 170.65 256.24 84.63 87.07 86.77 378.65 88.43 340.71 83.49 332.29 84.35 372.04 84.80 150.01 380.07 377.30 0.00 0.00 375.09 113.96 196.97 382.97 80.32 98.18 93.71 89.46 91.38 113.35 362.17 86.10 377.82 75.70 90.69 116.74 340.88 270.13 82.34-9999.00-9999.00-9999.00-9999.00-9999.00-9999.00-9999.00-9999.00-9999.00-9999.00 -9999.00-9999.00-9999.00-9999.00-9999.00-9999.00-9999.00-9999.00-9999.00 75.43 117.62 387.13
104.79 361.30 125.11 379.32 176.13 77.06 85.73 97.16 226.30 76.99 75.62 75.64 75.62 85.64 350.85 186.76 78.41-9999.00-9999.00-9999.00-9999.00-9999.00-9999.00-9999.00-9999.00-9999.00-9999.00-9999.00-9999.00-9999.00 -9999.00-9999.00-9999.00-9999.00-9999.00-9999.00-9999.00-9999.00-9999.00 85.49 338.82 371.25 76.76 76.31 378.84 122.12 80.36 379.94 383.85 0.00 337.51 83.18 0.00 76.12 243.20 132.01 99.19 88.28 75.43 0.00 161.44 86.61 85.86 119.81 383.07 142.19 133.86 78.18 75.23 141.73 0.00 75.66 84.12 83.60 162.66 375.88 85.34 389.78 85.34 77.64 380.59 79.28
0.00 291.34 134.51 75.11 87.74 259.59 379.24 76.76 0.00 79.04 86.15 85.73 88.95 75.04 127.72 75.72 130.86 0.00 77.99 76.03 154.84 0.00 138.78 76.31 152.16 76.76 204.31 76.53 84.94 81.99 87.71 88.06 76.28 148.96 87.22 87.22 81.99 0.00 367.38 375.60 0.00 77.10 79.66 386.21 287.40 380.57 200.56 0.00 246.78 86.26 369.90 89.24 101.62 76.22 85.53 78.06 379.47 91.55 84.80 79.66 371.78
377.03 78.59 76.15 349.83 371.09 82.34 381.25 76.51 85.98 88.63 76.88 377.51 378.00 380.27 0.00 376.08 379.06 211.35 140.30 86.12 134.81 78.59 86.77 166.94 89.76 75.64 383.05 76.68 376.18 76.15 75.94 375.10 268.75 86.26-9999.00-9999.00-9999.00-9999.00-9999.00-9999.00-9999.00-9999.00-9999.00-9999.00-9999.00-9999.00-9999.00-9999.00 -9999.00-9999.00-9999.00-9999.00-9999.00-9999.00-9999.00-9999.00-9999.00-9999.00-9999.00-9999.00-9999.00-9999.00-9999.00 355.28 90.79 92.13 97.76 82.38 377.19 87.30 84.57 75.04 0.00 85.82 116.20 121.32 370.75 380.85 114.13 81.30 82.61 75.73 378.64 0.00 78.18 82.64 75.17 231.66 0.00
89.95 80.66 142.05 377.33 377.35 75.54 383.49 78.81 96.30 0.00 75.43 83.27 84.12 84.67 167.10 150.78 103.05 223.49 125.68 350.78 98.86 230.78 380.44 377.43 136.19 86.26 238.63 76.99 80.72 327.29 83.49 193.14 85.98 85.27 393.71 81.65 199.16 94.96 376.77 78.41 79.91 79.43 89.03 76.15 146.11 248.38 206.39 0.00 136.71 88.63 78.79 317.99 218.02 0.00 382.89 375.31 300.00 142.62 78.41 75.59 83.41
91.10 129.72 81.30 379.55 79.28 155.11 75.87 121.37 162.42 394.96 79.28 134.98 0.00 88.22 375.65 86.15 76.03 97.38 376.66 0.00 133.38 83.64 77.89 89.99 221.31 76.53 149.81 140.94 77.32 80.97 131.16 240.66 381.34 92.91 78.59 390.63 199.45 87.33 87.90 376.20 344.46 379.41 0.00 82.34 84.87 91.25 92.19 78.23 89.03 242.07 276.53 85.75 87.33 79.66 376.47 380.75 123.38 86.36 83.91 78.06 117.27
76.42 94.08 378.34 76.76 76.03 272.46 77.81 156.41 93.08 137.71 0.00 270.72 75.66 82.02 320.87 79.53 86.02 79.04 165.11 381.16 128.25 384.10 83.18 378.77 101.65 134.41 79.04 375.05 79.79 0.00 120.25 142.30 84.80 86.79 393.31 397.56 87.90 120.44 85.73 286.59 79.66 379.76 77.10 107.97 89.03 79.21 379.02 399.09 251.77 139.78 75.94 241.66 76.35 138.88 375.86 91.55 80.17 124.33 377.29 84.80 86.26
90.29 79.64 80.91 367.62 235.09 101.65 87.49 90.50 97.38 204.63 106.26 81.64 375.33 376.98 0.00 204.42 213.40 394.41 379.57 155.57 389.22 377.99 377.75 237.54 374.94 91.21 254.20 177.03 313.19 0.00 0.00 86.79 0.00 130.71 222.15 83.49 213.67 75.90 81.02 76.59 373.98 376.80 416.45 386.66 75.82 177.41 379.06 0.00 86.79 377.07 85.76 0.00 375.55 86.50 75.90 75.59 84.79 0.00 0.00 377.61 81.02
0.00 0.00 251.55 99.88 257.40 90.41 94.52 98.00 102.37 81.65 90.42 87.90 81.65 75.73 79.21 130.84 83.09 96.29 90.42 77.22 84.49 169.67 77.34 76.22 114.91 217.96 0.00 377.27 364.74 139.65 86.54 190.71 83.09 76.88 183.95 0.00 211.13 169.70 116.74 83.91 88.43 82.34 122.01 353.42 88.43-9999.00-9999.00-9999.00-9999.00-9999.00-9999.00-9999.00-9999.00-9999.00-9999.00-9999.00-9999.00-9999.00-9999.00-9999.00-9999.00-9999.00-9999.00-9999.00 -9999.00-9999.00-9999.00-9999.00-9999.00-9999.00-9999.00-9999.00-9999.00-9999.00-9999.00-9999.00-9999.00-9999.00-9999.00-9999.00-9999.00-9999.00-9999.00-9999.00-9999.00-9999.00-9999.00 86.87 101.46 161.72 376.20 380.50 82.38 90.50 84.88 76.21 162.95 136.21 300.08 231.68 88.36 352.06
133.68 78.59 369.82 82.34 84.35 92.91 77.90 197.68 83.09 378.62 77.34 85.87 83.34 119.61 376.91 0.00 149.50 75.59 83.67 375.23 75.29 84.71 83.87 92.19 0.00 120.57 224.34 126.96 76.68 372.71 180.70 116.77 95.00-9999.00-9999.00-9999.00-9999.00-9999.00-9999.00-9999.00-9999.00-9999.00-9999.00-9999.00-9999.00-9999.00-9999.00-9999.00-9999.00-9999.00-9999.00-9999.00-9999.00 -9999.00-9999.00-9999.00-9999.00-9999.00-9999.00-9999.00-9999.00-9999.00-9999.00-9999.00-9999.00-9999.00-9999.00-9999.00-9999.00-9999.00-9999.00 108.81-9999.00 91.42 84.99 291.94 79.04 77.17 384.91 390.51 94.08 79.04 376.25 0.00 378.63 93.24 76.64 79.53 120.27 367.04 0.00 379.73 376.38 93.08 104.93 325.40 314.33 378.05 85.49
81.99 378.52 382.24 351.22 0.00 0.00 383.19 377.24 309.13 88.63 92.56 238.49 378.28 179.66 119.24 277.05 78.59 87.22 0.00 83.61 272.55 218.08 83.09-9999.00-9999.00-9999.00-9999.00-9999.00-9999.00-9999.00-9999.00-9999.00-9999.00-9999.00-9999.00-9999.00-9999.00-9999.00-9999.00-9999.00-9999.00-9999.00-9999.00-9999.00-9999.00-9999.00-9999.00 -9999.00-9999.00-9999.00-9999.00-9999.00-9999.00-9999.00-9999.00-9999.00-9999.00-9999.00-9999.00-9999.00-9999.00-9999.00-9999.00-9999.00 88.72 90.79 80.97 388.12 384.59 89.72 389.55 386.17 388.19 97.38 98.22 90.50 170.16 92.84 76.21 386.88 135.26 92.46 85.49 0.00 377.17 0.00 239.27 375.01 376.59 285.62 285.63 375.73 121.17 375.23 153.94 375.03 375.86 113.78 96.30 379.62 96.30
249.78 381.79 243.76 0.00 0.00 378.89 312.05 135.07 264.81 226.20 320.02 357.50 0.00 218.55 333.53 90.45 94.29 103.56 87.96 89.06 375.20 89.72 91.26 375.31 375.59 200.45 106.61 383.44 160.52 208.40 183.23 135.07 381.52 266.38 372.87 375.37 0.00 327.27 327.27 378.21 380.42 327.29 376.25 311.90 377.03 0.00 0.00 376.04 378.59 383.63 375.89 375.42 88.22 235.69 85.49 93.24 84.99 377.50 84.51 89.95 75.66
117.22 174.23 377.07 324.76 158.95 136.40 78.59 86.79 76.28 86.36 115.62 139.22 130.56 89.22 373.48 76.99 139.09 141.09-9999.00-9999.00-9999.00-9999.00-9999.00-9999.00-9999.00-9999.00-9999.00-9999.00-9999.00-9999.00-9999.00-9999.00-9999.00-9999.00-9999.00-9999.00-9999.00-9999.00-9999.00 -9999.00-9999.00-9999.00-9999.00-9999.00-9999.00-9999.00-9999.00-9999.00-9999.00-9999.00-9999.00-9999.00-9999.00-9999.00-9999.00-9999.00-9999.00-9999.00-9999.00-9999.00-9999.00-9999.00-9999.00-9999.00-9999.00-9999.00-9999.00-9999.00-9999.00 78.38 379.75 379.65 90.46 378.16 105.17 369.09 375.89 357.46 377.29 377.29 376.62 376.65 0.00 266.38 0.00 327.27 377.40 184.79 0.00 417.03 414.54 384.74 389.36 389.10 387.86 77.68 94.74 80.87 86.91 93.13 84.01 87.48 84.44 119.32 191.77 227.13 114.83 113.71 375.82 177.60 177.60
316.44 158.72 124.89 154.20 337.80 97.25 88.49 267.08 270.45 84.90 80.59 79.17 133.48 84.90 83.20 77.20 376.62 117.60 355.79 90.69 97.63 96.62 379.75 99.19 379.28 79.17 89.45 78.26 92.10 383.89 98.75 378.85 87.90 383.07 80.52-9999.00-9999.00-9999.00-9999.00-9999.00-9999.00-9999.00-9999.00-9999.00-9999.00-9999.00-9999.00-9999.00-9999.00-9999.00-9999.00-9999.00-9999.00-9999.00-9999.00-9999.00-9999.00 -9999.00-9999.00-9999.00-9999.00-9999.00-9999.00-9999.00-9999.00-9999.00-9999.00-9999.00-9999.00-9999.00-9999.00-9999.00-9999.00-9999.00-9999.00-9999.00-9999.00-9999.00-9999.00-9999.00-9999.00-9999.00-9999.00-9999.00-9999.00-9999.00-9999.00-9999.00-9999.00-9999.00 257.75 240.80 198.72 361.13 376.93 377.31 376.72 375.66 376.68 377.35 375.00 375.00 352.80 375.30 0.00 325.37 378.89 330.12 375.95 377.05 257.82 379.70 381.84 377.36 330.11
81.78 94.74 92.66 134.34-9999.00-9999.00-9999.00-9999.00-9999.00-9999.00-9999.00-9999.00-9999.00-9999.00-9999.00-9999.00-9999.00-9999.00-9999.00-9999.00-9999.00-9999.00-9999.00-9999.00-9999.00-9999.00 -9999.00-9999.00-9999.00-9999.00-9999.00-9999.00-9999.00-9999.00-9999.00-9999.00-9999.00-9999.00-9999.00-9999.00-9999.00-9999.00-9999.00-9999.00-9999.00-9999.00-9999.00-9999.00-9999.00-9999.00-9999.00-9999.00-9999.00-9999.00-9999.00-9999.00-9999.00-9999.00-9999.00-9999.00-9999.00-9999.00-9999.00-9999.00-9999.00-9999.00-9999.00-9999.00-9999.00-9999.00-9999.00 375.28 374.07 375.12 0.00 296.24 375.34 325.34 375.84 227.13 0.00 376.28 375.00 296.24 375.34 330.12 296.24 377.14 375.00 0.00 289.13 317.88 375.65 378.11 252.78 380.48 322.94 375.98 231.85 388.68 375.32 375.09 299.53 382.68 257.82 0.00 0.00 0.00 379.18 231.85 277.50 0.00 375.31 372.98 375.10 287.62 195.77 0.00 0.00 0.00 0.00 0.00 0.00 0.00 124.60 85.86 83.71
100.83 376.82 290.02 83.20 380.39 146.74 79.17 384.52 165.43 82.82 378.85 378.99 254.56 85.86 87.04 385.92 93.49 201.72 380.62 367.16 81.83-9999.00-9999.00-9999.00-9999.00-9999.00-9999.00-9999.00-9999.00-9999.00-9999.00-9999.00-9999.00-9999.00-9999.00-9999.00-9999.00-9999.00-9999.00 -9999.00-9999.00-9999.00-9999.00-9999.00-9999.00-9999.00-9999.00-9999.00-9999.00-9999.00-9999.00-9999.00-9999.00-9999.00-9999.00-9999.00-9999.00-9999.00-9999.00-9999.00-9999.00-9999.00-9999.00-9999.00-9999.00-9999.00-9999.00-9999.00-9999.00-9999.00-9999.00-9999.00-9999.00-9999.00-9999.00-9999.00-9999.00-9999.00-9999.00-9999.00-9999.00-9999.00-9999.00-9999.00-9999.00-9999.00-9999.00-9999.00-9999.00-9999.00 272.32 252.78 0.00 296.24 375.66 325.34 378.28 366.05 231.85 0.00 257.82 380.92 330.24 0.00 376.21 375.24 0.00 296.24 0.00 375.00 296.24 296.24 375.47 330.12 375.31 296.24 0.00 296.24 375.00 325.37 0.00 252.78 374.07 378.34 377.40 377.09 384.42 376.80 226.74
