蒙特卡罗+CDRMV3/输出数据/2D水深分布/WaterDepthGIS_0162.ASC
ncols         539            
nrows         744            
xllcorner     602630.84259341
yllcorner     3914823.670891 
cellsize      50             
NODATA_value  -9999.00       
[rows 0 to 26 of 32, columns 244 to 304 of 539]
0.00 78.16 80.78 87.21 75.49 74.98 77.28-9999.00-9999.00-9999.00-9999.00-9999.00-9999.00-9999.00-9999.00-9999.00-9999.00-9999.00-9999.00-9999.00 -9999.00-9999.00-9999.00-9999.00-9999.00-9999.00-9999.00-9999.00-9999.00 92.10 85.25 375.46 326.71 80.00 381.26 431.41 78.67 85.22 325.28 138.82 83.03-9999.00-9999.00-9999.00-9999.00-9999.00-9999.00-9999.00-9999.00-9999.00-9999.00-9999.00-9999.00-9999.00-9999.00-9999.00-9999.00-9999.00-9999.00-9999.00-9999.00-9999.00-9999.00-9999.00-9999.00-9999.00-9999.00-9999.00-9999.00-9999.00-9999.00-9999.00-9999.00-9999.00-9999.00-9999.00-9999.00-9999.00-9999.00-9999.00-9999.00-9999.00-9999.00-9999.00-9999.00-9999.00-9999.00-9999.00-9999.00-9999.00-9999.00-9999.00-9999.00-9999.00-9999.00-9999.00-9999.00-9999.00-9999.00-9999.00-9999.00-9999.00-9999.00-9999.00-9999.00-9999.00-9999.00-9999.00-9999.00-9999.00-9999.00-9999.00-9999.00-9999.00-9999.00-9999.00-9999.00-9999.00-9999.00-9999.00-9999.00-9999.00-9999.00-9999.00-9999.00-9999.00-9999.00-9999.00-9999.00-9999.00-9999.00 73.93 80.91 89.52 75.14 175.17 73.93 73.63 293.68 83.88 74.15 82.19 72.56 109.78 376.53 0.00 162.48 72.55 73.54 75.49 113.98 137.55 82.31-9999.00-9999.00-9999.00-9999.00-9999.00-9999.00-9999.00-9999.00-9999.00-9999.00-9999.00-9999.00 -9999.00-9999.00-9999.00-9999.00-9999.00-9999.00-9999.00-9999.00-9999.00 86.72 376.10 95.20 117.42 375.53 95.20 378.93 0.00 76.52 376.03 210.00 83.83 73.54-9999.00-9999.00-9999.00-9999.00-9999.00-9999.00-9999.00-9999.00-9999.00-9999.00-9999.00-9999.00-9999.00-9999.00-9999.00-9999.00-9999.00-9999.00-9999.00-9999.00-9999.00-9999.00-9999.00-9999.00-9999.00-9999.00-9999.00-9999.00-9999.00-9999.00-9999.00-9999.00-9999.00-9999.00-9999.00-9999.00-9999.00-9999.00-9999.00-9999.00-9999.00-9999.00-9999.00-9999.00-9999.00-9999.00-9999.00-9999.00-9999.00-9999.00-9999.00-9999.00-9999.00-9999.00-9999.00-9999.00-9999.00-9999.00-9999.00-9999.00-9999.00-9999.00-9999.00-9999.00-9999.00-9999.00-9999.00-9999.00-9999.00-9999.00-9999.00-9999.00-9999.00-9999.00-9999.00-9999.00-9999.00-9999.00-9999.00-9999.00-9999.00-9999.00-9999.00-9999.00-9999.00-9999.00-9999.00-9999.00 76.53 167.93 111.50 81.66 104.54
376.93 392.49 301.55 78.16 87.73-9999.00-9999.00-9999.00-9999.00-9999.00-9999.00-9999.00 76.53 81.76 74.68 80.98 80.34 378.54 157.77 378.37 75.31 133.89 377.21 86.48 90.63 367.95 87.46 380.67 72.88 76.77 360.86 74.04 72.62 73.30 72.76 73.30 264.60 0.00 375.82 132.70 73.72 112.11 72.93 345.71 142.40 187.02 76.09 81.30 113.77 375.84 367.67 376.67 0.00 75.31 83.26 0.00 96.93 94.00 79.54 77.28 86.48 356.04 86.32-9999.00-9999.00-9999.00 -9999.00-9999.00-9999.00-9999.00-9999.00-9999.00-9999.00-9999.00-9999.00-9999.00-9999.00-9999.00-9999.00-9999.00 79.97 78.87 118.47 83.91
82.19 167.03 74.68 149.43 81.70 355.71 77.56 178.35 381.55 74.54 382.13 74.98 380.29 165.39 73.16 89.19 83.25 74.04 74.04 382.12 88.87 78.81 0.00 120.01 83.26 84.22 75.31 84.05 73.23 379.99 73.72 140.41 80.65 89.19 81.47 81.97 76.53 72.69 378.05 112.92 73.93 80.78 83.55 113.89 127.48 79.96 72.69 271.00 74.68 74.27 73.37 0.00 359.21 79.93 119.20 114.08 114.94 74.40 169.91 111.94 115.91
0.00 0.00 0.00 0.00 142.55 137.62 72.93 83.10 92.43 74.68 85.17 72.79 377.58 0.00 376.66 0.00 92.18 90.10 173.42 106.31 92.34 377.64 74.68 221.81 331.94 84.42-9999.00-9999.00-9999.00-9999.00-9999.00-9999.00 -9999.00-9999.00-9999.00-9999.00-9999.00-9999.00-9999.00-9999.00-9999.00-9999.00-9999.00-9999.00 92.10 92.63 76.52 83.83 81.98 71.58 111.10 0.00 71.03 71.71 71.30 0.00 70.98 72.04 300.90 80.60 73.22 381.87 377.17 180.81 72.80-9999.00-9999.00-9999.00 76.52 79.54 268.87 84.27 75.93 140.62 387.47 93.38 86.02 135.69 104.54 377.05 377.15
79.97 74.47 82.31 80.60 72.94 79.45 92.10 80.49 90.35 380.22 77.17 308.61 379.87 80.49 378.88 75.40 150.19 72.04 378.32 72.04 307.44 111.18 0.00 378.56 77.56 92.94 146.08 94.63 133.27 114.94 256.72 88.00 72.79 276.80 0.00 74.15 90.63 120.66 0.00 379.39 110.87 75.68 74.04 375.84 76.30 79.54 111.43 377.37 379.03 90.10 0.00 72.98 87.21 83.10 141.32 120.45 72.88 115.09 0.00 359.14 270.46
84.05 80.49 79.10 371.20 282.88 75.66 77.89 151.97 78.27 0.00 357.30 127.12 74.27 86.25 125.23 72.58 374.56 366.37 72.98 74.15 379.18 0.00 72.88 72.50 363.31 0.00 110.17 83.83 83.71 135.61 83.10 72.72 377.29 114.98 74.40 181.16 124.10 0.00 110.97 75.68 73.16 111.35 0.00 73.45 84.05 86.48 285.93 74.27 85.37 74.98 77.56 133.03 193.06 384.70 172.94 154.24 78.81 85.37 81.86 79.93 82.19
75.15 80.72 75.93 81.24 131.21 308.18 81.52 76.84 0.00 108.70 125.56 74.47 75.93 382.67 74.27 86.28 73.54 114.97 381.45 143.32 123.57 73.10 168.70 0.00 0.00 116.21 72.55 72.88 72.69 137.01 378.46 73.30 72.72 109.80 356.93 376.19 79.17 0.00 72.63 84.78 73.10 0.00 246.25 72.84 74.15 371.66 133.13 74.27 78.48 138.94 210.18 378.17 186.39 0.00 384.82 378.53 377.75 382.62 129.52 84.42 74.98
372.97 378.23 72.13 81.67 72.33 0.00 83.91 73.08 381.29 381.65 186.92 72.56 82.31 93.73 75.93 71.46 152.69 74.98 115.37 83.25 86.71 79.93 111.21 0.00 381.46 73.45 84.59 131.71 84.05 81.66 80.91 73.30 110.15 149.10 165.25 0.00 72.88 77.85 0.00 170.02 110.67 74.40 76.30 85.66 87.73 85.58 129.44 72.72 114.08 168.63 361.38 0.00 72.76 114.52 81.66 82.08 81.30 83.83 157.94 83.40 79.92
78.47 78.67 75.68 378.91 379.46 0.00 376.95 370.51 379.60 375.69 73.23 79.93 324.35 72.79 249.53 74.27 168.14 75.14 0.00 345.98 73.82 163.92 82.43 377.72 73.23 86.25 74.68 136.07 320.05 377.27 74.04 115.38 82.08 75.14 115.39 0.00 73.37 76.77 177.22 72.76 88.28 374.74 116.80 74.83 237.90 93.38 0.00 110.51 72.93 84.78 72.98 117.40 0.00 122.33 86.71 72.69 74.98 239.53 0.00 86.32 82.82
84.97 115.58 73.37 119.95 186.34 89.52 75.14 115.71 0.00 124.39 114.19 83.55 84.59 144.55 124.85 0.00 289.50 115.09 76.77 198.42 80.84 81.97 72.84 188.45 376.86 379.50 147.41 75.68 137.99 0.00 0.00 0.00 315.75 228.02 73.93 145.57 73.04 128.18 376.33 0.00 390.53 386.70 134.71 79.62 196.51 113.60 72.93 81.38 81.21 118.96 349.42 202.35 74.27 326.82 350.14 375.60 74.68-9999.00-9999.00-9999.00-9999.00-9999.00-9999.00-9999.00-9999.00 -9999.00-9999.00-9999.00-9999.00-9999.00-9999.00-9999.00-9999.00-9999.00-9999.00 82.48 85.74 70.94
366.53 378.18 384.60 101.60 88.00 83.83 382.68 0.00 99.80 0.00 375.65 201.21 380.94 167.33 0.00 0.00 298.18 76.53 76.09 0.00 120.29 73.10 81.13 91.48 75.14 88.57 82.82 76.30 85.80-9999.00-9999.00-9999.00-9999.00-9999.00-9999.00-9999.00-9999.00-9999.00 -9999.00-9999.00-9999.00-9999.00-9999.00-9999.00-9999.00-9999.00-9999.00-9999.00 71.18 145.60 0.00 290.31 71.01 175.59 75.66 72.44 356.21 0.00 124.80 71.95 71.40 142.08 176.67 0.00 371.15 214.55 140.35 123.98 78.27 74.07 380.31 120.06 75.93 89.69 96.42 77.52 71.58 375.84 72.80
0.00 71.01 78.98 75.93 0.00 72.56 82.31 74.69 72.04 71.79 141.47 0.00 0.00 71.58 229.18 73.22 87.16 76.84 384.58 375.41 378.26 72.56 71.64 74.47 379.95 71.05 79.69 72.23 0.00 109.45 74.27 85.74 78.63 174.95 83.83 81.67 377.20 71.71 377.28 71.07 139.09 194.46 76.84 0.00 71.51 83.62 81.98 72.44 140.24 84.97 181.31 73.37 121.46 407.39 74.15 0.00 379.01 161.04 118.87 82.72 74.42
71.87 107.44 0.00 117.91 71.71 83.42 88.88 71.03 74.47 218.46 378.42 71.87 287.72 0.00 81.22 325.29 86.48 377.88 86.18 88.42 370.67 170.97 0.00 75.14 81.86 73.16 381.48 80.77 271.27 76.77 80.34 377.01 74.04 72.60 0.00 111.89 253.14 0.00 359.09 78.16 78.81 77.85 372.09 78.48 80.59 73.82 382.74 79.93 86.48 95.83 102.91 383.71 99.74 97.52 91.08 386.26 231.73 376.38 377.96 370.61 0.00
74.98 354.05 78.81 389.49 83.83 113.07 74.54 74.98 346.44 378.04 0.00 375.63 149.11 0.00 0.00 0.00 76.56 92.94 89.03 0.00 333.84 92.18 0.00 377.98 379.65 73.72 88.00 129.96 76.53 314.45 82.20-9999.00-9999.00-9999.00-9999.00-9999.00-9999.00-9999.00-9999.00-9999.00-9999.00-9999.00-9999.00-9999.00-9999.00 -9999.00-9999.00-9999.00-9999.00-9999.00-9999.00-9999.00-9999.00-9999.00-9999.00-9999.00 79.10 165.26 86.86 75.66 82.09 376.22 72.56 378.86 70.96 138.16 365.44 0.00 142.27 159.38 109.82 79.45 79.97 79.45 71.79 75.15 126.13 0.00 0.00 75.15 71.71 178.18 80.06 71.11 0.00
71.11 154.21 72.80 78.47 74.27 0.00 160.99 99.84 121.91 264.08 71.87 71.11 152.30 72.33 75.66 70.99 0.00 187.35 71.01 82.48 155.93 80.37 85.47 72.80 175.34 79.87 284.91 124.06 376.39 72.04 203.60 86.32 0.00 420.15 390.64 393.36 385.68 383.98 102.47 377.49 354.65 77.28 84.59 75.14 76.09 92.17 84.42 414.20 398.34 379.31 338.62 82.20 376.57 73.10 80.77 72.58 73.82 80.91 80.59 72.88 72.93
124.09 377.42 376.28 115.93 78.48 89.52-9999.00-9999.00-9999.00-9999.00-9999.00-9999.00-9999.00-9999.00-9999.00-9999.00-9999.00-9999.00-9999.00-9999.00-9999.00-9999.00-9999.00-9999.00 -9999.00-9999.00-9999.00-9999.00-9999.00-9999.00-9999.00-9999.00-9999.00-9999.00-9999.00-9999.00-9999.00-9999.00-9999.00-9999.00-9999.00 80.00 382.74 375.97 334.45 73.89 71.51 72.44 74.47 0.00 198.46 76.84 80.60 74.91 79.61 157.34 237.40 71.51 377.10 344.59 0.00 0.00 0.00 119.24 74.27 79.16 74.27 76.84 0.00 151.01 71.64 136.67 114.85 71.30 80.37 75.15 126.34 239.87 375.41 377.33 0.00 353.27 114.48 154.30 81.00 77.52 73.22 168.67 337.70 377.43 374.62 0.00 0.00 377.12 355.34
130.10 376.23 0.00 125.53 85.03 100.57 280.97 83.83 384.15 379.51 380.42 73.63 72.61 79.77 80.39 79.92 80.21 80.04 89.19-9999.00-9999.00-9999.00-9999.00-9999.00-9999.00-9999.00-9999.00-9999.00-9999.00-9999.00-9999.00-9999.00-9999.00-9999.00-9999.00-9999.00-9999.00-9999.00 -9999.00-9999.00-9999.00-9999.00-9999.00-9999.00-9999.00-9999.00-9999.00-9999.00-9999.00-9999.00-9999.00-9999.00-9999.00-9999.00-9999.00-9999.00 83.91 79.10 87.16 88.88 78.67 72.13 0.00 138.34 75.93 75.93 89.69 78.98 132.98 160.62 136.91 72.68 73.71 118.47 78.31 70.95 0.00 92.73 209.12 155.05 115.51 77.17 85.46 73.22 122.11 382.36 379.71 75.15 84.05 85.22 71.01 87.81 79.97 115.74 361.98 375.68 0.00
210.08 0.00 379.25 112.33 73.10 80.91 81.47 280.69 128.74 109.75 73.23 83.55 82.43 76.53-9999.00-9999.00-9999.00-9999.00-9999.00-9999.00-9999.00-9999.00-9999.00-9999.00-9999.00-9999.00-9999.00-9999.00-9999.00-9999.00-9999.00-9999.00-9999.00-9999.00-9999.00 -9999.00-9999.00-9999.00-9999.00-9999.00-9999.00-9999.00-9999.00-9999.00-9999.00-9999.00-9999.00-9999.00-9999.00-9999.00-9999.00-9999.00-9999.00-9999.00 79.54 127.53 380.24 413.15 309.55 137.84 87.48 317.42 88.15 338.24 107.84 78.55 72.80 107.52 349.20 379.15 0.00 210.01 72.13 78.35 82.84 74.07 114.15 0.00 118.50 72.33 71.95 185.82 121.97 191.11 141.60 89.27 378.33 72.33 73.89 365.58 137.84 92.73 370.61 117.13 0.00 341.80 72.68 72.31 83.22 97.47
380.61 379.64 345.93 72.69 175.07 77.56-9999.00-9999.00-9999.00-9999.00-9999.00-9999.00-9999.00-9999.00-9999.00-9999.00-9999.00-9999.00-9999.00-9999.00-9999.00-9999.00-9999.00 -9999.00-9999.00-9999.00-9999.00-9999.00-9999.00-9999.00-9999.00-9999.00-9999.00-9999.00-9999.00-9999.00-9999.00-9999.00-9999.00-9999.00-9999.00-9999.00-9999.00-9999.00-9999.00-9999.00-9999.00-9999.00 81.00 253.09 73.89 266.01 75.15 77.17 382.12 118.74 129.67 150.29 71.79 121.62 0.00 0.00 0.00 0.00 0.00 322.20 83.28 71.64 84.57 378.57 0.00 0.00 375.68 287.11 353.48 354.25 268.21 307.27 378.77 292.17 90.35 328.80 107.92 77.25 92.94 82.58 77.17 79.10 376.38 110.10 74.07 174.54 374.86 397.74 78.67 339.01 76.84 76.54 0.00 376.90 163.57 382.43
0.00 0.00 377.37 119.67 131.68 156.06 91.07 299.64 379.64 82.09 378.05 82.67 95.20 93.73 88.88 91.50 0.00 0.00 122.27 0.00 287.00 375.30 86.34 80.55 122.01 90.29 377.26 383.10 90.35 147.90 85.22 77.52 330.93 99.84 74.07 75.93 155.05 134.88 376.00 0.00 163.57 376.99 304.42 212.14 281.47 175.91 341.14 375.91 377.83 185.75 80.34 77.56 345.52 73.23 75.49 82.20 378.54 353.36 72.93 81.06 155.10
95.36 286.00 377.33 379.94 385.21 104.97 257.61 327.19 85.97 100.94 121.90 89.31 339.13 0.00 163.57 375.53 375.75 375.20 74.91 90.35 207.85 85.25 89.27 237.20 85.97 76.84 122.72 308.33 378.09 126.13 0.00 376.46 238.97 375.97 355.08 234.46 357.70 387.54 234.53 384.32 100.21 105.89 83.91 0.00 96.93 75.49 88.28 84.97 82.72 151.93 74.98 91.08 313.02 323.70 73.82 82.31 376.29 80.65 73.82 0.00 0.00
227.93 344.61 96.37 164.08 93.99 376.35 375.42 263.31 202.38 0.00 381.85 75.66 74.27 86.72 378.37 209.06 346.92 143.43 155.95 97.61 380.64 376.31 216.37 196.59 0.00 375.50 212.14 375.45 314.86 0.00 0.00 263.34 0.00 390.50 376.79 198.18 106.11 121.90 73.08 81.22 205.86 77.85 99.13 211.85 381.56 80.34 223.13 0.00 371.14 139.63 78.81 165.77 124.67 367.70 115.73 72.50 132.55 377.41 73.54 86.02 87.46
73.45 143.87 380.81 0.00 77.85 85.80 160.90 81.51 80.98 79.17 113.94 110.57 383.59 343.58 376.17 255.49 239.08 74.83 256.35 121.49 222.27 84.97 113.02 72.84 347.26 76.09-9999.00-9999.00-9999.00-9999.00-9999.00-9999.00-9999.00-9999.00-9999.00-9999.00-9999.00-9999.00-9999.00-9999.00-9999.00-9999.00-9999.00-9999.00-9999.00-9999.00-9999.00-9999.00 -9999.00-9999.00-9999.00-9999.00-9999.00-9999.00-9999.00-9999.00-9999.00-9999.00-9999.00-9999.00-9999.00-9999.00-9999.00-9999.00-9999.00-9999.00-9999.00-9999.00-9999.00-9999.00-9999.00-9999.00-9999.00-9999.00-9999.00-9999.00-9999.00 81.00 79.54 153.58 377.03 367.98 72.56 378.09 379.29 163.57 351.81 375.85 383.60 0.00 326.83 377.71 375.54 111.29 185.58 324.15 0.00 212.14 307.94 108.83 371.68 92.12 87.79 83.34 89.16 91.07 84.97 83.77 86.00 92.12 79.54
375.34 294.37 351.26 249.10 336.06 375.01 0.00 221.97 0.00 320.37 312.65 376.61 312.65 0.00 376.86 364.65 249.10 335.75 375.35 184.20 377.73 381.75 377.92 110.60 121.75 86.57 381.17 88.37 375.39 118.99 80.79 154.30 113.56 70.83 72.77 72.12 79.17 79.96 81.66 75.31 72.72 110.43 109.81 72.66 155.06 82.96 283.17 85.85 88.57 375.23 375.36 100.13-9999.00-9999.00-9999.00-9999.00-9999.00-9999.00-9999.00-9999.00-9999.00-9999.00-9999.00-9999.00-9999.00-9999.00-9999.00-9999.00-9999.00-9999.00-9999.00-9999.00-9999.00 -9999.00-9999.00-9999.00-9999.00-9999.00-9999.00-9999.00-9999.00-9999.00-9999.00-9999.00-9999.00-9999.00-9999.00-9999.00-9999.00-9999.00-9999.00-9999.00-9999.00-9999.00-9999.00-9999.00-9999.00-9999.00-9999.00-9999.00-9999.00-9999.00-9999.00-9999.00 126.13 85.97 86.72 220.13 375.94 380.84 240.15 370.06
381.88 254.06 297.68 385.35 397.80 375.08 99.95 254.27 394.27 292.09 100.89 92.85 376.49 379.84 92.69 377.67 381.26 79.26 127.88 115.13 375.31 90.28 375.15 107.81 375.41 0.00 375.53 375.39 378.46 77.04 98.18 187.95 375.88 375.42 101.39 99.76 114.14 85.92 87.02 381.64 400.50 113.47 81.84 73.78 115.12 378.27 71.11 376.06 139.19 98.18 90.02 81.27 385.70 378.93 312.95 72.49 76.56 232.05 378.48 77.99 81.84
79.99 72.77 81.56 96.16 83.70 378.20 78.39 354.97 77.61 114.58 227.06 92.69 75.38 87.02 290.07 345.70 117.93 82.60 127.51 78.95 74.92 359.53 73.89 80.51-9999.00-9999.00-9999.00-9999.00-9999.00-9999.00-9999.00-9999.00-9999.00-9999.00-9999.00-9999.00-9999.00-9999.00-9999.00-9999.00-9999.00-9999.00-9999.00-9999.00 -9999.00-9999.00-9999.00-9999.00-9999.00-9999.00-9999.00-9999.00-9999.00-9999.00-9999.00-9999.00-9999.00-9999.00-9999.00-9999.00-9999.00-9999.00-9999.00-9999.00-9999.00-9999.00-9999.00-9999.00-9999.00-9999.00-9999.00-9999.00-9999.00-9999.00-9999.00-9999.00-9999.00-9999.00-9999.00-9999.00-9999.00-9999.00-9999.00-9999.00-9999.00-9999.00-9999.00-9999.00-9999.00-9999.00 375.28 375.12 0.00 294.37 375.91 314.83 304.17 375.11 249.10 0.00 375.00 294.37 375.41 294.37 375.00 375.00 377.05 375.00 0.00 249.10 294.37 376.97 294.37 376.10 377.51 377.05 377.05 379.12 254.06 297.68 377.74 0.00 0.00 375.21 375.21 375.58
76.68 103.74 89.57 90.98 89.58 376.16 302.28 77.82 81.11 137.79 81.27 91.42 0.00 75.94 176.92 81.27 87.34 378.90 75.66 136.35 70.91 83.40 133.27 383.44 86.57 381.12 340.31 387.80 191.67 89.20 379.16 93.15 123.38 75.70 377.26 212.29 77.47-9999.00-9999.00-9999.00-9999.00-9999.00-9999.00-9999.00-9999.00-9999.00-9999.00-9999.00-9999.00-9999.00-9999.00-9999.00-9999.00-9999.00-9999.00 -9999.00-9999.00-9999.00-9999.00-9999.00-9999.00-9999.00-9999.00-9999.00-9999.00-9999.00-9999.00-9999.00-9999.00-9999.00-9999.00-9999.00-9999.00-9999.00-9999.00-9999.00-9999.00-9999.00-9999.00-9999.00-9999.00-9999.00-9999.00-9999.00-9999.00-9999.00-9999.00-9999.00-9999.00-9999.00-9999.00-9999.00-9999.00-9999.00-9999.00-9999.00-9999.00-9999.00-9999.00-9999.00-9999.00-9999.00-9999.00-9999.00-9999.00-9999.00-9999.00 375.31 249.10 0.00 377.03 294.37 319.39 323.68 274.46 226.56 0.00 380.87 294.37 0.00 375.86 294.37 0.00 0.00 294.37 294.37 375.31 294.37 375.52 375.20
