蒙特卡罗+CDRMV3/输出数据/2D水深分布/WaterDepthGIS_0144.ASC
ncols         539            
nrows         744            
xllcorner     602630.84259341
yllcorner     3914823.670891 
cellsize      50             
NODATA_value  -9999.00       
[rows 0 to 26 of 32, columns 183 to 243 of 539]
89.12 78.11 255.75 0.00 381.45 377.69 378.73 337.13 280.05 82.71-9999.00-9999.00-9999.00-9999.00-9999.00-9999.00-9999.00-9999.00-9999.00-9999.00-9999.00-9999.00-9999.00 -9999.00-9999.00-9999.00-9999.00-9999.00-9999.00-9999.00-9999.00-9999.00-9999.00-9999.00 86.46 191.68 379.09 89.53 379.77 82.78 89.01 93.77 84.80-9999.00-9999.00-9999.00-9999.00-9999.00-9999.00-9999.00-9999.00-9999.00-9999.00-9999.00-9999.00-9999.00-9999.00-9999.00-9999.00-9999.00-9999.00-9999.00-9999.00-9999.00-9999.00-9999.00-9999.00-9999.00-9999.00-9999.00-9999.00-9999.00-9999.00-9999.00-9999.00-9999.00-9999.00-9999.00-9999.00-9999.00-9999.00-9999.00-9999.00-9999.00-9999.00-9999.00-9999.00-9999.00-9999.00-9999.00-9999.00-9999.00-9999.00-9999.00-9999.00-9999.00-9999.00-9999.00-9999.00-9999.00-9999.00-9999.00-9999.00-9999.00-9999.00-9999.00-9999.00-9999.00-9999.00-9999.00-9999.00-9999.00-9999.00-9999.00-9999.00-9999.00-9999.00-9999.00-9999.00-9999.00-9999.00-9999.00-9999.00-9999.00-9999.00-9999.00-9999.00-9999.00-9999.00-9999.00-9999.00-9999.00-9999.00-9999.00-9999.00-9999.00-9999.00 80.23 125.37 234.23 378.54 380.31 290.33 78.11 87.47 78.04 189.46 89.82 0.00 86.45 207.33 84.20 205.10 85.26 90.03-9999.00-9999.00-9999.00-9999.00-9999.00-9999.00-9999.00-9999.00-9999.00-9999.00-9999.00-9999.00-9999.00 -9999.00-9999.00-9999.00-9999.00-9999.00-9999.00-9999.00-9999.00-9999.00-9999.00 216.51 143.86 82.22 381.37 101.94 378.79 309.90 79.55 145.01 227.05 116.81-9999.00-9999.00-9999.00-9999.00-9999.00-9999.00-9999.00-9999.00-9999.00-9999.00-9999.00-9999.00-9999.00-9999.00-9999.00-9999.00-9999.00-9999.00-9999.00-9999.00-9999.00-9999.00-9999.00-9999.00-9999.00-9999.00-9999.00-9999.00-9999.00-9999.00-9999.00-9999.00-9999.00-9999.00-9999.00-9999.00-9999.00-9999.00-9999.00-9999.00-9999.00-9999.00-9999.00-9999.00-9999.00-9999.00-9999.00-9999.00-9999.00-9999.00-9999.00-9999.00-9999.00-9999.00-9999.00-9999.00-9999.00-9999.00-9999.00-9999.00-9999.00-9999.00-9999.00-9999.00-9999.00-9999.00-9999.00-9999.00-9999.00-9999.00-9999.00-9999.00-9999.00-9999.00-9999.00-9999.00-9999.00-9999.00-9999.00-9999.00-9999.00-9999.00-9999.00-9999.00-9999.00-9999.00-9999.00-9999.00-9999.00-9999.00-9999.00-9999.00-9999.00 79.13 124.80 376.15 80.73 81.10 162.85 87.65 78.04 138.60 231.45 363.02
201.42 377.31 156.66 93.56 379.39 78.36 87.56 117.13 88.86 88.04 88.99 78.41 156.17 0.00 237.39 78.06 161.43 87.23 78.20 129.34 137.98 79.23 78.06 89.56 88.37 86.76 80.09 78.09 0.00 221.53 79.94 84.20 377.29 0.00 271.78 252.65 378.37 371.02 78.20 90.20-9999.00-9999.00-9999.00 -9999.00-9999.00-9999.00-9999.00-9999.00-9999.00-9999.00-9999.00-9999.00-9999.00-9999.00-9999.00-9999.00-9999.00-9999.00 86.29 78.47 279.82 375.46 77.94 0.00 361.11 374.84 139.63 83.73-9999.00-9999.00-9999.00-9999.00-9999.00-9999.00-9999.00-9999.00-9999.00-9999.00-9999.00-9999.00-9999.00-9999.00-9999.00-9999.00-9999.00-9999.00-9999.00-9999.00-9999.00-9999.00-9999.00-9999.00-9999.00-9999.00-9999.00-9999.00-9999.00-9999.00-9999.00-9999.00-9999.00-9999.00-9999.00-9999.00-9999.00-9999.00-9999.00-9999.00 127.89 189.72 95.22 88.76-9999.00-9999.00-9999.00-9999.00 80.23 126.49 373.75 377.42 87.78 381.55
137.02 79.68 81.10 91.54 90.98 0.00 0.00 0.00 0.00 0.00 360.57 136.40 93.82 0.00 0.00 0.00 228.33 121.78 78.58 79.56 0.00 85.64 78.58 81.51 115.87 0.00 80.91 92.72 85.64 0.00 376.96 187.13 127.89 376.44 267.95 120.85 80.91 90.55 102.19-9999.00-9999.00-9999.00-9999.00-9999.00 -9999.00-9999.00-9999.00-9999.00-9999.00-9999.00-9999.00-9999.00-9999.00-9999.00-9999.00-9999.00 77.88 149.71 374.05 77.64 258.69 0.00 82.78 85.79 85.96 89.01 80.21 380.70 128.79 82.49 301.45 207.00 87.39 231.77 192.48-9999.00-9999.00-9999.00-9999.00-9999.00-9999.00-9999.00-9999.00-9999.00-9999.00-9999.00-9999.00-9999.00-9999.00-9999.00-9999.00-9999.00-9999.00-9999.00-9999.00-9999.00-9999.00 80.39 104.48
79.81 221.68 380.82 419.89 81.30 97.98 150.98 80.91 206.64 377.57 89.41 123.41 0.00 126.73 89.87 100.32 344.62 90.20 87.78 349.02 375.64 78.65 127.53 0.00 82.71 89.12 90.37 90.74 163.79 88.99 82.98 0.00 375.52 78.71 163.42 320.30 78.20 99.17 93.82 79.56 139.04 78.95 120.07 376.87 377.08 371.34 209.88 89.12 79.13 79.44 80.56 81.30 91.76 83.88 79.04 123.61 88.04 127.95 0.00 0.00 0.00
232.92 79.23 87.15 78.87 97.58 89.26 86.28 121.10 385.24 81.73 87.39 79.68 87.56 86.03 382.98 375.46 97.98 80.56 80.56 380.69 241.84 86.70 94.51 90.74 82.98 378.36 134.44 86.45 85.89 78.41 143.97 79.94 122.51 384.94 370.40 150.71 221.75 0.00 375.93 339.08 196.61 102.65 394.08 359.00 166.30 86.87-9999.00-9999.00-9999.00-9999.00-9999.00-9999.00-9999.00-9999.00-9999.00-9999.00 -9999.00-9999.00-9999.00-9999.00-9999.00-9999.00-9999.00-9999.00-9999.00 375.80 89.53 253.52 87.39 87.74 84.07 143.47 79.41 133.24 118.81 0.00 80.21 78.78 85.03
352.17 142.89 88.86 91.12 94.51 86.40 160.05 117.65 78.20 158.35 364.07 81.96 376.02 93.82 0.00 376.78 139.97 0.00 376.43 376.07 85.60 84.54 309.08 82.98 86.45 375.45 82.20 92.72-9999.00-9999.00-9999.00-9999.00-9999.00-9999.00-9999.00-9999.00-9999.00 -9999.00-9999.00-9999.00 87.89 358.44 389.62 377.51 80.21 86.37 79.01 405.11 126.95 135.63 88.41 88.41 378.42 80.39 77.71 123.97 161.78 0.00 380.81 378.61 352.47 78.89 83.73 88.70 84.07 380.37 88.41 86.15 377.01 87.99 88.55 381.28
169.52 119.35 87.47 89.12 79.56 78.11 162.86 361.10 376.81 78.58 78.09 117.47 387.95 382.91 0.00 92.29 112.33 121.25 112.33 191.08 124.39 378.18 377.55 355.17 81.51 382.42 407.46 82.71 87.78 235.24-9999.00-9999.00-9999.00-9999.00-9999.00-9999.00-9999.00 -9999.00-9999.00-9999.00-9999.00 190.94 375.85 95.00 87.28 381.23 80.39 381.08 91.44 78.14 119.35 93.28 77.72 130.14 389.40 77.40 0.00 123.66 91.44 376.59 121.34 80.39 332.76 78.89 86.02 83.73 117.18 136.84 0.00 144.13 96.65
116.27 260.07 86.03 386.26 82.98 88.37 80.56 144.67 310.36 78.87 119.66 391.94 0.00 239.10 87.32 284.27 104.41 95.63 115.43 378.99 274.65 253.90 382.20 380.35 385.74 144.55 80.91 96.37 83.57 78.95-9999.00-9999.00-9999.00-9999.00-9999.00-9999.00-9999.00 -9999.00-9999.00-9999.00-9999.00-9999.00-9999.00 96.65 245.98 85.79 79.01 0.00 77.50 87.28 85.40 77.56 378.93 86.78 121.44 0.00 77.77 85.07 77.82 139.36 77.46 85.64 92.40 78.47 133.28 324.16 86.61 116.50 0.00 121.05 82.78 87.39 79.87
285.33 100.39 381.21 108.16 221.10 90.86 102.73 89.82 372.88 79.44 90.03 380.39 284.07 123.59 84.89 87.78-9999.00-9999.00-9999.00-9999.00-9999.00-9999.00-9999.00-9999.00 -9999.00-9999.00-9999.00-9999.00-9999.00-9999.00-9999.00-9999.00-9999.00 86.78 78.30 0.00 79.55 77.77 155.01 0.00 149.35 116.65 189.15 118.93 80.39 78.22 376.25 215.60 89.53 77.56 163.52 176.13 81.70 93.28 378.68 0.00 376.58 234.67 85.30 88.26 79.41 233.16 78.07 0.00 123.85 0.00 97.47 384.96 117.38 87.39 78.00 378.96 376.10 86.91 91.14 87.62 86.02
136.44 387.10 79.14 86.44 81.22 206.85 88.26 77.77 0.00 158.63 136.22 77.40 379.10 251.61 375.94 117.71 82.22 88.26 89.70 123.36 87.86 90.13 96.20 85.19 83.73 90.77 263.11 92.16 378.92 81.70 99.20 91.44 151.06 192.44 228.16 193.39 78.00 85.51 81.10 0.00 78.01 79.23 378.74 375.75 78.41 95.22 86.54 134.70 117.89 318.38 379.26 0.00 282.54 374.19 147.08 95.63 89.87 86.03 89.28 120.63 98.78
100.07 393.07 87.89 96.20 83.08 184.75 86.61 77.38 339.76 376.50 0.00 93.77 89.34 143.18 78.79 258.16 341.94 87.78 81.73 78.46 120.04 142.14 321.67 0.00 78.65 94.51 143.62 91.62 79.23 377.95 391.74 377.95 376.68 276.89 83.57 346.77 86.87 89.71 78.24 87.65 92.22 86.40 78.24 235.31 80.09 0.00 201.57 80.56 82.20 89.41 378.55 230.53 132.73 78.36 87.84 218.77 90.20 87.39 78.79 143.83 239.17
80.73 176.21 141.57 98.38 86.64 78.24 362.90 382.24 119.78 88.26 79.81 125.87 379.59 0.00 299.22 178.52 128.84 78.00 87.65 80.91 173.47 264.94 87.15 89.56 89.26 378.98 90.93 350.55 86.03 342.99 86.87 373.51 87.32 158.16 380.29 377.35 0.00 0.00 375.09 118.98 201.13 383.54 82.76 102.65 97.92 93.24 93.93 119.47 369.27 90.41 378.06 78.11 93.27 119.85 347.33 284.16 84.89-9999.00-9999.00-9999.00-9999.00-9999.00-9999.00-9999.00-9999.00-9999.00-9999.00 -9999.00-9999.00-9999.00-9999.00-9999.00-9999.00-9999.00-9999.00-9999.00 77.77 120.58 387.35
109.71 365.83 131.56 379.56 188.71 79.46 89.59 99.55 235.46 79.44 78.02 78.05 78.02 88.15 360.95 196.40 80.91-9999.00-9999.00-9999.00-9999.00-9999.00-9999.00-9999.00-9999.00-9999.00-9999.00-9999.00-9999.00-9999.00 -9999.00-9999.00-9999.00-9999.00-9999.00-9999.00-9999.00-9999.00-9999.00 87.89 344.79 372.38 79.14 78.67 378.99 125.36 82.78 380.24 383.85 0.00 337.76 85.59 0.00 78.47 253.34 134.67 103.22 90.69 77.77 0.00 170.06 89.01 88.26 122.64 383.47 150.77 137.05 80.59 77.56 143.13 0.00 78.00 86.53 86.02 167.14 376.02 87.74 390.31 87.74 80.03 380.90 81.70
0.00 302.09 138.44 77.44 90.13 274.17 379.35 79.14 0.00 81.46 88.55 88.12 91.37 77.37 131.71 78.07 134.89 0.00 80.39 78.38 159.36 0.00 142.18 78.67 156.39 79.14 207.09 78.89 87.24 84.54 90.20 90.55 78.71 156.37 89.71 89.71 84.54 0.00 368.64 375.61 0.00 79.56 82.20 386.51 288.97 380.62 204.86 0.00 255.89 88.76 373.93 91.76 106.40 78.65 88.04 80.56 379.79 94.18 87.32 82.20 374.94
377.29 81.10 78.58 356.11 371.96 84.89 381.74 78.95 88.49 91.12 79.33 377.93 378.44 380.87 0.00 376.21 379.67 225.58 146.54 89.96 138.18 81.10 89.26 175.25 92.29 78.05 383.16 79.13 376.42 78.58 78.36 376.18 280.51 88.76-9999.00-9999.00-9999.00-9999.00-9999.00-9999.00-9999.00-9999.00-9999.00-9999.00-9999.00-9999.00-9999.00-9999.00 -9999.00-9999.00-9999.00-9999.00-9999.00-9999.00-9999.00-9999.00-9999.00-9999.00-9999.00-9999.00-9999.00-9999.00-9999.00 358.14 93.28 94.67 100.07 84.80 377.38 89.70 86.97 77.37 0.00 88.13 119.05 124.43 372.86 380.92 116.95 83.73 85.03 78.07 378.91 0.00 80.59 85.06 77.50 239.59 0.00
92.40 83.08 146.07 377.51 377.41 77.88 384.06 81.22 98.70 0.00 77.77 85.69 86.53 87.07 172.11 155.24 107.92 227.84 131.72 354.87 103.38 246.43 380.86 377.76 140.43 88.76 247.70 79.44 83.27 335.00 86.03 203.65 88.49 87.78 394.78 84.20 204.51 97.58 377.31 80.91 82.45 81.96 91.54 78.58 152.17 254.39 209.57 0.00 140.23 91.12 81.30 325.38 221.75 0.00 383.04 375.33 322.88 144.79 80.91 78.00 85.95
93.60 133.67 83.73 379.64 81.70 159.95 78.22 124.51 166.83 396.62 81.70 137.76 0.00 90.56 375.66 88.55 78.38 99.71 376.70 0.00 138.58 87.06 80.21 92.38 226.82 78.89 153.49 147.34 79.70 83.40 134.16 244.51 381.52 95.59 81.10 391.42 212.15 89.82 90.39 376.27 347.99 379.42 0.00 84.89 87.39 93.86 94.86 80.73 91.54 254.05 295.41 88.26 89.82 82.20 376.69 380.97 126.98 88.86 86.45 80.56 120.37
78.78 96.61 378.38 79.14 78.38 285.23 80.21 164.67 95.64 142.85 0.00 278.01 78.00 84.34 328.17 81.95 88.41 81.46 175.79 381.47 133.37 384.41 85.59 378.98 104.46 138.09 81.46 375.73 82.22 0.00 125.17 145.98 87.32 89.28 394.10 398.55 90.39 125.97 89.59 295.30 82.20 379.97 79.56 112.33 91.54 81.73 379.22 399.76 266.45 144.07 78.36 250.70 78.79 143.07 376.08 94.18 82.71 127.98 377.54 87.32 88.76
92.69 81.97 83.24 371.13 243.92 104.46 89.88 92.97 99.71 208.01 109.96 84.07 375.34 377.06 0.00 207.81 216.51 394.85 379.70 163.07 389.65 378.15 377.94 240.63 375.53 93.82 262.84 187.30 318.85 0.00 0.00 89.28 0.00 133.57 230.94 86.03 224.67 78.32 83.57 79.04 374.93 376.85 417.90 387.10 78.24 183.19 379.41 0.00 89.28 377.11 88.26 0.00 375.61 90.86 78.32 78.00 87.31 0.00 0.00 377.98 83.57
0.00 0.00 253.36 102.41 265.29 92.92 96.99 100.32 105.57 84.20 92.99 90.39 84.20 78.14 81.73 133.73 85.64 98.78 92.99 79.68 87.01 171.93 79.81 78.65 117.92 232.70 0.00 377.27 368.20 145.86 90.36 201.92 85.64 79.33 192.11 0.00 224.53 179.10 119.55 86.45 90.93 84.89 125.41 360.63 90.93-9999.00-9999.00-9999.00-9999.00-9999.00-9999.00-9999.00-9999.00-9999.00-9999.00-9999.00-9999.00-9999.00-9999.00-9999.00-9999.00-9999.00-9999.00-9999.00 -9999.00-9999.00-9999.00-9999.00-9999.00-9999.00-9999.00-9999.00-9999.00-9999.00-9999.00-9999.00-9999.00-9999.00-9999.00-9999.00-9999.00-9999.00-9999.00-9999.00-9999.00-9999.00-9999.00 89.19 105.96 169.96 376.58 380.85 84.80 92.97 87.28 78.57 166.25 139.56 315.34 238.89 90.77 356.25
138.32 81.10 373.74 84.89 86.87 95.59 80.39 208.77 85.64 378.78 79.81 88.37 85.88 122.50 376.91 0.00 156.96 78.00 86.09 375.23 77.64 87.23 86.40 94.86 0.00 123.37 232.18 130.38 79.13 375.37 191.33 120.03 97.61-9999.00-9999.00-9999.00-9999.00-9999.00-9999.00-9999.00-9999.00-9999.00-9999.00-9999.00-9999.00-9999.00-9999.00-9999.00-9999.00-9999.00-9999.00-9999.00-9999.00 -9999.00-9999.00-9999.00-9999.00-9999.00-9999.00-9999.00-9999.00-9999.00-9999.00-9999.00-9999.00-9999.00-9999.00-9999.00-9999.00-9999.00-9999.00 112.86-9999.00 93.93 87.39 302.00 81.46 79.55 385.16 390.92 96.61 81.46 376.32 0.00 378.90 95.79 79.01 81.95 123.28 370.00 0.00 380.28 376.82 95.64 110.60 333.52 320.71 378.38 87.89
84.54 378.59 382.36 354.86 0.00 0.00 383.50 377.37 319.80 91.12 96.71 255.47 378.38 191.25 121.94 287.26 81.10 89.71 0.00 86.15 282.25 231.41 85.64-9999.00-9999.00-9999.00-9999.00-9999.00-9999.00-9999.00-9999.00-9999.00-9999.00-9999.00-9999.00-9999.00-9999.00-9999.00-9999.00-9999.00-9999.00-9999.00-9999.00-9999.00-9999.00-9999.00-9999.00 -9999.00-9999.00-9999.00-9999.00-9999.00-9999.00-9999.00-9999.00-9999.00-9999.00-9999.00-9999.00-9999.00-9999.00-9999.00-9999.00-9999.00 91.14 93.28 83.40 388.40 384.82 92.16 390.11 386.60 388.70 99.71 100.53 92.97 175.50 95.39 78.57 387.39 138.27 95.00 87.89 0.00 377.21 0.00 241.40 375.04 376.65 289.01 289.03 375.76 126.04 375.25 162.34 375.06 375.93 118.33 98.70 379.84 98.70
256.03 382.06 245.94 0.00 0.00 379.00 313.55 141.98 267.07 231.85 321.06 359.13 0.00 221.29 337.23 92.86 98.33 109.14 92.30 93.41 375.27 92.16 93.77 375.35 375.66 208.33 111.13 384.10 165.23 214.68 190.31 141.98 381.73 267.88 373.04 375.39 0.00 327.90 327.90 378.22 380.57 327.93 376.39 313.37 377.07 0.00 0.00 376.04 378.94 383.74 375.91 375.42 90.56 242.23 87.89 95.79 87.39 377.67 86.91 92.40 78.00
120.36 177.51 377.03 339.87 171.62 139.44 81.10 89.28 78.71 88.86 118.66 141.76 137.35 93.76 375.75 79.44 142.42 142.99-9999.00-9999.00-9999.00-9999.00-9999.00-9999.00-9999.00-9999.00-9999.00-9999.00-9999.00-9999.00-9999.00-9999.00-9999.00-9999.00-9999.00-9999.00-9999.00-9999.00-9999.00 -9999.00-9999.00-9999.00-9999.00-9999.00-9999.00-9999.00-9999.00-9999.00-9999.00-9999.00-9999.00-9999.00-9999.00-9999.00-9999.00-9999.00-9999.00-9999.00-9999.00-9999.00-9999.00-9999.00-9999.00-9999.00-9999.00-9999.00-9999.00-9999.00-9999.00 80.79 380.01 379.93 92.93 378.43 108.69 373.17 376.00 360.54 377.38 377.38 376.68 376.71 0.00 267.88 0.00 327.90 377.43 188.56 0.00 418.65 415.94 385.11 389.85 389.54 388.22 80.14 97.47 83.39 89.43 95.82 86.55 89.99 86.98 123.69 194.77 229.08 119.05 117.82 375.86 181.03 181.03
317.84 166.88 130.16 158.30 343.58 101.67 90.93 271.86 274.52 87.43 83.11 81.67 136.64 87.43 85.74 79.65 376.81 120.38 361.55 93.26 100.27 99.31 379.76 101.76 379.46 81.67 91.98 80.74 94.74 383.97 101.34 379.01 90.39 383.71 82.66-9999.00-9999.00-9999.00-9999.00-9999.00-9999.00-9999.00-9999.00-9999.00-9999.00-9999.00-9999.00-9999.00-9999.00-9999.00-9999.00-9999.00-9999.00-9999.00-9999.00-9999.00-9999.00 -9999.00-9999.00-9999.00-9999.00-9999.00-9999.00-9999.00-9999.00-9999.00-9999.00-9999.00-9999.00-9999.00-9999.00-9999.00-9999.00-9999.00-9999.00-9999.00-9999.00-9999.00-9999.00-9999.00-9999.00-9999.00-9999.00-9999.00-9999.00-9999.00-9999.00-9999.00-9999.00-9999.00 262.54 246.48 206.32 362.84 376.93 377.31 376.72 375.66 376.70 377.38 375.00 375.00 353.39 375.30 0.00 326.05 378.92 330.68 376.03 377.11 259.24 379.99 382.06 377.40 330.68
84.31 97.47 94.87 139.82-9999.00-9999.00-9999.00-9999.00-9999.00-9999.00-9999.00-9999.00-9999.00-9999.00-9999.00-9999.00-9999.00-9999.00-9999.00-9999.00-9999.00-9999.00-9999.00-9999.00-9999.00-9999.00 -9999.00-9999.00-9999.00-9999.00-9999.00-9999.00-9999.00-9999.00-9999.00-9999.00-9999.00-9999.00-9999.00-9999.00-9999.00-9999.00-9999.00-9999.00-9999.00-9999.00-9999.00-9999.00-9999.00-9999.00-9999.00-9999.00-9999.00-9999.00-9999.00-9999.00-9999.00-9999.00-9999.00-9999.00-9999.00-9999.00-9999.00-9999.00-9999.00-9999.00-9999.00-9999.00-9999.00-9999.00-9999.00 375.28 374.15 375.12 0.00 296.95 375.34 326.01 375.85 229.08 0.00 376.33 375.00 296.95 375.34 330.68 296.95 377.18 375.00 0.00 291.56 318.92 375.66 378.25 254.17 380.63 323.90 375.98 233.86 389.27 375.59 375.16 300.23 382.68 259.24 0.00 0.00 0.00 379.34 233.86 278.65 0.00 375.31 373.21 375.10 288.82 198.86 0.00 0.00 0.00 0.00 0.00 0.00 0.00 127.89 88.38 86.25
103.44 376.77 298.89 85.74 380.77 151.25 81.67 384.78 169.20 85.36 379.20 379.31 260.05 88.39 89.25 386.52 95.67 204.11 380.72 369.41 83.97-9999.00-9999.00-9999.00-9999.00-9999.00-9999.00-9999.00-9999.00-9999.00-9999.00-9999.00-9999.00-9999.00-9999.00-9999.00-9999.00-9999.00-9999.00 -9999.00-9999.00-9999.00-9999.00-9999.00-9999.00-9999.00-9999.00-9999.00-9999.00-9999.00-9999.00-9999.00-9999.00-9999.00-9999.00-9999.00-9999.00-9999.00-9999.00-9999.00-9999.00-9999.00-9999.00-9999.00-9999.00-9999.00-9999.00-9999.00-9999.00-9999.00-9999.00-9999.00-9999.00-9999.00-9999.00-9999.00-9999.00-9999.00-9999.00-9999.00-9999.00-9999.00-9999.00-9999.00-9999.00-9999.00-9999.00-9999.00-9999.00-9999.00 273.45 254.17 0.00 296.95 375.67 326.01 379.00 376.93 233.86 0.00 259.24 381.05 330.83 0.00 376.24 375.24 0.00 296.95 0.00 375.00 296.95 296.95 375.48 330.68 375.31 296.95 0.00 296.95 375.00 326.05 0.00 254.17 374.15 378.39 377.44 377.13 384.58 376.83 234.86
