蒙特卡罗+CDRMV3/输出数据/2D水深分布/WaterDepthGIS_0160.ASC
ncols         539            
nrows         744            
xllcorner     602630.84259341
yllcorner     3914823.670891 
cellsize      50             
NODATA_value  -9999.00       
[rows 0 to 26 of 32, columns 122 to 182 of 539]
78.81 380.68 131.71 74.14 156.74 83.94-9999.00-9999.00-9999.00-9999.00-9999.00-9999.00-9999.00-9999.00-9999.00-9999.00-9999.00-9999.00-9999.00-9999.00 -9999.00-9999.00-9999.00-9999.00-9999.00-9999.00-9999.00-9999.00-9999.00-9999.00-9999.00-9999.00-9999.00-9999.00-9999.00-9999.00-9999.00-9999.00-9999.00-9999.00-9999.00-9999.00-9999.00-9999.00-9999.00-9999.00-9999.00-9999.00-9999.00-9999.00-9999.00-9999.00-9999.00-9999.00-9999.00-9999.00-9999.00-9999.00-9999.00-9999.00-9999.00-9999.00-9999.00-9999.00-9999.00-9999.00-9999.00-9999.00-9999.00-9999.00-9999.00-9999.00-9999.00-9999.00-9999.00-9999.00-9999.00-9999.00-9999.00-9999.00-9999.00-9999.00-9999.00-9999.00-9999.00-9999.00-9999.00-9999.00-9999.00-9999.00-9999.00-9999.00-9999.00-9999.00-9999.00-9999.00-9999.00-9999.00-9999.00-9999.00-9999.00-9999.00-9999.00-9999.00-9999.00-9999.00-9999.00-9999.00-9999.00-9999.00-9999.00-9999.00-9999.00-9999.00-9999.00-9999.00-9999.00-9999.00-9999.00-9999.00-9999.00-9999.00-9999.00-9999.00-9999.00-9999.00-9999.00-9999.00-9999.00-9999.00-9999.00-9999.00-9999.00-9999.00-9999.00-9999.00 73.32 166.53 74.53 126.07 73.15 369.82 386.17 73.16 180.76 0.00 129.35 73.98 348.50 73.98 75.59-9999.00-9999.00-9999.00-9999.00-9999.00-9999.00-9999.00-9999.00-9999.00-9999.00-9999.00-9999.00-9999.00-9999.00 -9999.00-9999.00-9999.00-9999.00-9999.00-9999.00-9999.00-9999.00-9999.00-9999.00-9999.00-9999.00 86.60 77.43 89.51 89.95 78.12 87.46-9999.00-9999.00-9999.00-9999.00-9999.00-9999.00-9999.00-9999.00-9999.00-9999.00-9999.00-9999.00-9999.00-9999.00-9999.00-9999.00-9999.00-9999.00-9999.00-9999.00-9999.00-9999.00-9999.00-9999.00-9999.00-9999.00-9999.00-9999.00-9999.00-9999.00-9999.00-9999.00-9999.00-9999.00-9999.00-9999.00-9999.00-9999.00-9999.00-9999.00-9999.00-9999.00-9999.00-9999.00-9999.00-9999.00-9999.00-9999.00-9999.00-9999.00-9999.00-9999.00-9999.00-9999.00-9999.00-9999.00-9999.00-9999.00-9999.00-9999.00-9999.00-9999.00-9999.00-9999.00-9999.00-9999.00-9999.00-9999.00-9999.00-9999.00-9999.00-9999.00-9999.00-9999.00-9999.00-9999.00-9999.00-9999.00-9999.00-9999.00-9999.00-9999.00-9999.00-9999.00-9999.00-9999.00-9999.00-9999.00-9999.00-9999.00-9999.00-9999.00-9999.00-9999.00-9999.00-9999.00-9999.00 73.83 110.69 151.62 376.16 74.64 280.91 384.49 79.47 80.45 73.98 0.00 77.16 323.84 75.15 80.85 131.50 81.81-9999.00-9999.00-9999.00-9999.00-9999.00-9999.00-9999.00-9999.00-9999.00-9999.00-9999.00-9999.00-9999.00 -9999.00-9999.00-9999.00-9999.00-9999.00-9999.00-9999.00-9999.00-9999.00-9999.00-9999.00 77.43 140.33 176.80 90.78 175.94 291.39 75.49-9999.00-9999.00-9999.00-9999.00-9999.00-9999.00-9999.00-9999.00-9999.00-9999.00-9999.00-9999.00-9999.00-9999.00-9999.00-9999.00-9999.00-9999.00-9999.00-9999.00-9999.00-9999.00-9999.00-9999.00-9999.00-9999.00-9999.00-9999.00-9999.00-9999.00-9999.00-9999.00-9999.00-9999.00-9999.00-9999.00-9999.00-9999.00-9999.00-9999.00-9999.00-9999.00-9999.00-9999.00-9999.00-9999.00-9999.00-9999.00-9999.00-9999.00-9999.00-9999.00-9999.00-9999.00-9999.00-9999.00-9999.00-9999.00-9999.00-9999.00-9999.00-9999.00-9999.00-9999.00-9999.00-9999.00-9999.00-9999.00-9999.00-9999.00-9999.00-9999.00-9999.00-9999.00-9999.00-9999.00-9999.00-9999.00-9999.00-9999.00-9999.00-9999.00-9999.00-9999.00-9999.00-9999.00-9999.00-9999.00-9999.00-9999.00-9999.00-9999.00-9999.00-9999.00-9999.00-9999.00-9999.00 80.97 81.59 84.72 74.43 378.76 384.52 78.50
112.79 82.87 213.10 74.23 81.27 84.07 81.66 74.53 86.46 85.64 73.83 86.32 127.48 77.66 81.01 0.00 172.22 73.76 76.30 231.66 378.97 383.91 381.96 74.53 73.48 196.78 121.69 83.94-9999.00-9999.00 -9999.00-9999.00-9999.00-9999.00-9999.00-9999.00-9999.00-9999.00-9999.00-9999.00-9999.00-9999.00-9999.00-9999.00-9999.00 72.19 123.11 343.72 72.88 71.62 0.00 86.07 88.77 133.18 81.61-9999.00-9999.00-9999.00-9999.00-9999.00-9999.00-9999.00-9999.00-9999.00-9999.00-9999.00-9999.00-9999.00-9999.00-9999.00-9999.00-9999.00-9999.00-9999.00-9999.00-9999.00-9999.00-9999.00-9999.00-9999.00-9999.00-9999.00-9999.00-9999.00-9999.00-9999.00-9999.00-9999.00-9999.00-9999.00-9999.00-9999.00-9999.00-9999.00-9999.00-9999.00 80.60 96.26-9999.00-9999.00-9999.00-9999.00-9999.00-9999.00 83.78 82.88 117.42 83.11 80.20 380.49 76.93 84.55 324.30 166.30-9999.00-9999.00-9999.00-9999.00-9999.00-9999.00-9999.00-9999.00 74.33 114.46 136.63 384.68 281.44 83.92 368.49 84.55 77.66 377.94
73.11 170.41 131.48 370.15 0.00 132.44 116.36 73.11 72.12 399.15 231.61 85.82 168.68 92.76 90.78 96.95-9999.00-9999.00-9999.00-9999.00-9999.00-9999.00-9999.00-9999.00-9999.00-9999.00-9999.00-9999.00-9999.00-9999.00-9999.00-9999.00-9999.00-9999.00-9999.00-9999.00-9999.00-9999.00-9999.00-9999.00-9999.00-9999.00 76.93 98.60 85.09 96.26 79.13 86.46 86.90 202.41 87.86 377.93 82.15 376.91 83.78 81.39 87.37 86.90 74.76 131.23 377.62 86.46 75.76 0.00 0.00 362.42 77.16 76.50 117.31 380.94 76.50 82.15 78.50 84.07 82.15 74.14 163.40 74.53 81.39 73.39 379.39 116.45 82.34 79.83 74.23 75.15 74.43
129.57 168.61 0.00 0.00 284.47 75.93 77.16 81.45 91.76 81.52 76.93 0.00 147.07 0.00 147.07 378.48 176.31 81.01 87.86 417.62 377.88 376.58 81.90 89.86-9999.00-9999.00-9999.00-9999.00-9999.00-9999.00 -9999.00-9999.00-9999.00-9999.00-9999.00-9999.00-9999.00-9999.00-9999.00-9999.00-9999.00-9999.00 206.59 85.85 77.11 75.04 108.43 166.45 337.54 0.00 142.81 72.88 71.80 0.00 377.55 73.11 71.62 227.51 73.36 377.72 82.14 132.68 81.21-9999.00-9999.00-9999.00-9999.00 89.13 90.33 72.99 167.82 378.70 76.71 381.13 75.76 81.90 190.97 85.70 180.10 80.20 357.16 86.25
122.95 135.36 76.81 90.78 312.93 85.33 79.70 377.93 85.17 379.16 133.69 92.16 84.65 76.81 79.84 73.49 387.29 378.08 88.12 382.29 150.99 86.32 98.60 95.24 83.50 78.81 86.04 77.66 362.56 0.00 88.12 380.64 73.44 0.00 75.44 125.32 80.20 86.46 89.09 103.95 73.98 295.54 133.45 74.88 79.47 0.00 73.53 83.11 82.54 77.66 78.81 83.78 296.64 78.50 0.00 117.88 74.06 146.45 82.65 113.40 298.93
86.32 92.21 77.16 128.66 111.45 75.93 78.20 380.80 73.18 0.00 80.60 82.34 73.12 0.00 73.35 88.12 85.44 375.81 80.60 82.87 376.45 74.23 135.86 82.06 74.14 0.00 112.21 74.14 74.43 156.26 0.00 183.23 122.37 297.50 95.24 185.39 125.72 74.53 82.65 148.34 94.72 380.06 334.49 74.53 86.68 75.15 132.44 395.78 380.15 73.58 381.20 130.10 77.92 73.98 376.50 173.19 86.68 345.02 73.70 218.55 86.25
79.70 90.78 88.12 110.66 377.82 75.44 379.04 378.58 0.00 0.00 73.90 122.99 0.00 110.60 73.70 86.90 80.60 381.62 73.44 73.83 151.22 82.99 74.64 74.43 0.00 111.96 74.33 80.63 120.66 0.00 78.20 254.65 75.59 124.98 83.78 88.65 115.59 236.68 98.12 378.93 385.33 304.65 232.84 89.23 328.00 204.50 74.23 90.20 80.85 73.39 0.00 81.45 84.89 125.23 82.44 82.54 83.64 74.33 195.94 75.76 82.65
290.93 269.85 91.01 330.76 85.10 88.38 78.81 81.45 74.53 122.36 128.33 80.20 0.00 78.50 385.28 375.96 304.79 197.09 74.88 74.64 122.11 81.21 82.15 75.93 0.00 73.64 84.23 123.18 0.00 73.83 73.70 115.39 82.06 81.39 86.25 79.13 73.58 115.17 176.94 94.11 0.00 110.77 73.70 82.65 74.33 84.39 81.97 76.50 255.48 111.02 0.00 84.50 84.55 82.76 81.66 77.92 111.26 380.48 111.81 82.15 76.11
74.24 73.12 84.55 263.11 76.93 82.88 139.95 74.76 113.22 376.09 377.58 82.38 0.00 76.71 383.56 379.23 382.38 75.76 75.93 82.54 90.56 148.59 376.19 76.30 81.90 94.72 81.89 81.45 0.00 330.60 133.04 73.83 81.89 213.59 116.63 75.93 89.54 213.82 365.96 0.00 162.92 74.06 92.91 128.08 385.04 374.38 84.07 90.56 73.16 250.41 87.61 78.81 0.00 111.85 79.47 81.81 82.54 80.66 76.50 378.28 0.00
148.86 0.00 0.00 83.92 86.90 92.21 141.86 88.12 136.34 122.11 0.00 84.50 347.18 130.76 124.41 81.16 82.44 81.97 74.76 143.27 378.51 0.00 0.00 135.93 79.47 0.00 83.94 133.39 132.39 75.29 81.45 122.45 80.20 378.34 0.00 99.81 381.25 380.91 116.96 76.71 84.23 83.36 81.81 76.50 76.30 94.19 89.54 173.80 77.92 140.70 91.34-9999.00-9999.00-9999.00-9999.00-9999.00-9999.00-9999.00-9999.00 -9999.00-9999.00-9999.00-9999.00-9999.00-9999.00-9999.00-9999.00-9999.00-9999.00 79.42 112.32 113.91 0.00 377.48 72.33 75.73 81.45 82.43
0.00 375.54 76.20 0.00 387.86 381.47 313.82 0.00 375.68 368.77 238.97 85.93 84.89 81.45 386.47 75.44 76.50 74.76 74.64 87.37 88.12 351.54 133.67 82.38-9999.00-9999.00-9999.00-9999.00-9999.00-9999.00-9999.00-9999.00 -9999.00-9999.00-9999.00-9999.00-9999.00-9999.00-9999.00-9999.00-9999.00-9999.00 82.91 122.04 110.61 0.00 180.44 83.09 90.30 78.93 71.65 82.14 392.89 71.72 80.06 80.39 71.79 0.00 141.76 72.26 89.91 77.43 125.06 72.00 175.82 380.06 200.99 114.68 76.52 72.68 213.07 382.44 85.33 81.10 387.36 73.23 84.87 82.70
0.00 75.73 86.07 78.87 126.61 119.80 74.45 0.00 274.59 255.14 111.25 82.14 85.57 378.88 86.88 126.93 337.76 75.98 83.63 376.52 80.48 72.00 160.57 0.00 82.13 88.09 82.43 79.23 71.49 80.88 84.23 376.04 79.19 262.31 78.71 80.39 71.47 301.81 0.00 149.32 124.00 71.59 79.01 78.12 294.57 75.76 142.40 375.59 375.15 73.35 144.11 0.00 127.85 73.83 83.36 85.07 74.64 135.76 0.00 117.53 81.90
0.00 118.33 74.27 170.69 88.99 71.50 138.58 318.35 378.46 148.71 84.44 77.16 0.00 379.92 77.66 397.31 75.59 102.98 83.40 126.20 0.00 137.92 76.11 74.53 381.02 79.83 78.50 162.26 87.86 375.86 87.13 73.12 386.68 96.48 74.88 85.09 0.00 376.40 319.09 80.20 77.92 376.38 73.15 82.76 75.15 379.98 76.30 315.26 376.94 384.32 86.32 91.80 161.69 382.12 232.95 376.37 256.69 256.69 0.00 375.41 376.00
84.50 75.93 81.01 265.41 0.00 0.00 256.31 376.71 378.93 256.76 0.00 0.00 0.00 102.04 168.03 212.28 0.00 0.00 0.00 78.08 0.00 0.00 380.78 92.21 76.11 341.30 377.01 111.82 74.14 75.29 86.46-9999.00-9999.00-9999.00-9999.00-9999.00-9999.00-9999.00-9999.00-9999.00-9999.00-9999.00-9999.00-9999.00-9999.00 -9999.00-9999.00-9999.00-9999.00-9999.00-9999.00-9999.00-9999.00-9999.00-9999.00 88.12 164.95 198.48 82.59 151.29 140.48 355.06 81.98 82.59 316.67 374.28 0.00 77.11 71.52 71.84 80.22 81.21 81.10 183.79 75.26 115.32 0.00 294.13 0.00 128.33 111.11 109.97 79.84 72.59
0.00 110.79 71.94 86.15 0.00 143.73 109.84 80.57 79.19 75.98 0.00 72.41 171.62 73.49 85.57 142.18 81.45 79.15 72.26 80.77 71.76 0.00 0.00 113.33 71.76 304.11 121.29 79.91 86.07 74.84 359.49 82.28 123.14 336.88 139.40 114.27 73.70 379.30 0.00 377.16 376.16 368.83 82.88 98.93 85.13 85.38 74.43 76.71 333.71 290.34 82.09 381.55 113.66 75.59 75.15 166.20 81.97 115.60 75.93 367.30 196.50
230.82 202.21 0.00 129.47 72.39 75.03 82.76 384.49 377.13 376.47 73.32 83.92 73.18 114.14 82.87 83.92 74.88-9999.00-9999.00-9999.00-9999.00-9999.00-9999.00-9999.00-9999.00-9999.00-9999.00-9999.00-9999.00-9999.00-9999.00-9999.00-9999.00 -9999.00-9999.00-9999.00-9999.00-9999.00-9999.00-9999.00-9999.00-9999.00-9999.00-9999.00-9999.00-9999.00-9999.00-9999.00-9999.00-9999.00 96.99 84.51 78.12 75.49 82.59 73.36 71.57 116.23 0.00 71.84 83.45 73.23 209.82 71.53 160.24 378.87 71.84 386.42 0.00 111.47 74.27 72.41 0.00 78.87 79.59 72.06 163.04 376.22 0.00 382.43 381.56 377.79 299.33 156.83 73.63 78.82 111.37 162.90 361.70 0.00 78.49 80.48 81.10
90.56 378.93 75.59 131.50 82.54 74.76 73.98 381.37 76.11 81.66 75.01 73.10 110.82 0.00 115.66 85.09 87.86 94.72 215.39 78.41 89.00 76.11 87.86 164.80 115.21 74.14 86.46 278.52 152.86 122.53 86.32-9999.00-9999.00-9999.00-9999.00-9999.00-9999.00-9999.00-9999.00-9999.00-9999.00-9999.00-9999.00-9999.00-9999.00-9999.00-9999.00-9999.00-9999.00-9999.00 -9999.00-9999.00-9999.00-9999.00-9999.00-9999.00-9999.00-9999.00-9999.00-9999.00-9999.00-9999.00-9999.00-9999.00-9999.00-9999.00-9999.00 76.24 252.20 135.14 77.11 166.51 359.35 72.59 0.00 136.74 75.26 83.28 86.34 84.65 83.26 73.49 75.26 82.59 87.17 74.84 108.44 145.17 0.00 92.16 378.77 71.68 84.23 75.04 91.73 84.44
177.55 75.29 114.97 159.96 80.97 81.39 74.06 83.78 81.06 74.33 73.16 114.14 164.00 382.17 403.92 379.77 0.00 0.00 82.88 376.88 376.10 376.47 224.12 137.07 110.49 73.53 77.16 135.57 83.11 87.86-9999.00-9999.00-9999.00-9999.00-9999.00-9999.00-9999.00-9999.00-9999.00-9999.00-9999.00-9999.00-9999.00-9999.00-9999.00-9999.00-9999.00-9999.00-9999.00-9999.00-9999.00 -9999.00-9999.00-9999.00-9999.00-9999.00-9999.00-9999.00-9999.00-9999.00-9999.00-9999.00-9999.00-9999.00-9999.00-9999.00-9999.00-9999.00-9999.00-9999.00 88.99 376.90 138.42 85.17 382.41 81.10 87.17 142.70 88.42 350.83 73.94 77.77 196.66 240.78 120.26 110.50 377.20 0.00 147.52 109.09 83.88 74.84 113.91 0.00 292.56 114.75 72.50 71.76 73.49 111.18
376.69 83.36 74.23 365.05 0.00 0.00 0.00 0.00 77.92 75.93 94.94 0.00 0.00 0.00 80.20 74.14 114.77 376.82 73.13 73.15 121.60 228.67 73.39 84.39-9999.00-9999.00-9999.00-9999.00-9999.00-9999.00-9999.00-9999.00-9999.00-9999.00-9999.00-9999.00-9999.00-9999.00-9999.00-9999.00-9999.00 -9999.00-9999.00-9999.00-9999.00-9999.00-9999.00-9999.00-9999.00-9999.00-9999.00-9999.00-9999.00-9999.00-9999.00-9999.00-9999.00-9999.00-9999.00-9999.00-9999.00-9999.00-9999.00-9999.00-9999.00-9999.00 172.17 255.62 377.69 375.29 379.68 389.36 379.90 0.00 0.00 0.00 0.00 0.00 362.83 75.49 76.52 157.95 85.85 0.00 0.00 0.00 0.00 0.00 325.69 102.38 0.00 0.00 377.24 279.18 372.93 379.35 268.62 376.15 87.32 88.36 81.72 88.04
381.43 111.74 74.53-9999.00-9999.00-9999.00-9999.00-9999.00-9999.00-9999.00-9999.00-9999.00-9999.00-9999.00-9999.00-9999.00-9999.00-9999.00-9999.00-9999.00-9999.00 -9999.00-9999.00-9999.00-9999.00-9999.00-9999.00-9999.00-9999.00-9999.00-9999.00-9999.00-9999.00-9999.00-9999.00-9999.00-9999.00-9999.00-9999.00-9999.00-9999.00-9999.00-9999.00-9999.00-9999.00 100.62 83.09 80.98 73.78 380.06 78.12 80.88 79.04 80.30 120.48 109.55 110.27 88.77 78.12 75.49 78.12 0.00 379.14 346.55 147.23 85.85 92.24 86.57 285.76 377.85 381.32 197.09 81.61 282.04 85.85 366.39 165.09 0.00 261.48 97.27 266.73 177.46 79.28 80.15 76.52 304.69 81.61 382.86 377.66 79.70 86.57 223.07 377.78 380.14 81.61 90.78 76.81 296.43 0.00 0.00 0.00 0.00
0.00 79.28 80.57 73.36 112.93 353.37 0.00 379.23 95.79 143.64 73.15 110.21 85.16 369.13 128.53 86.07 75.49 88.99 318.01 95.79 419.74 318.06 107.13 93.38 75.26 303.49 377.29 0.00 0.00 104.98 87.20 81.61 81.61 87.46 101.81 113.74 375.65 185.09 82.70 106.11 75.98 122.56 308.13 378.42 378.76 239.68 0.00 239.68 375.87 248.24 263.80 371.87 384.56 375.59 225.41 383.21 177.10 87.32 82.70 0.00 373.51
377.85 0.00 376.66 381.88 298.21 377.04 375.52 107.85 157.98 106.70 80.61 357.34 82.70 336.11 210.31 84.54 114.62 404.20 158.53 334.99 98.22 83.88 387.69 409.84 0.00 0.00 356.86 323.00 385.16 99.89 90.33 259.77 81.61 223.88 76.52 76.24 377.12 209.21 344.63 127.80 0.00 379.06 0.00 375.33 375.46 377.89 289.41 375.43 0.00 213.08 377.27 235.38 83.18 108.14 89.10 73.78 75.93 89.86 88.38 93.16 86.68
0.00 376.85 0.00 304.28 375.36 375.50 381.28 327.08 327.18 377.35 0.00 376.44 0.00 375.25 380.15 96.10 105.97 375.84 92.60 314.91 88.99 75.89 348.41 125.04 78.87 74.64 111.54 361.93 257.12 0.00 377.43 225.00 94.65 136.00 82.44 112.07 139.85 385.09 111.14 375.72 316.24 131.10 128.46 75.44 220.94 241.28 310.51 73.83 134.21 377.57 74.43 154.70-9999.00-9999.00-9999.00-9999.00-9999.00-9999.00-9999.00-9999.00-9999.00-9999.00-9999.00-9999.00-9999.00-9999.00-9999.00-9999.00-9999.00-9999.00-9999.00-9999.00-9999.00-9999.00 -9999.00-9999.00-9999.00-9999.00-9999.00-9999.00-9999.00-9999.00-9999.00-9999.00-9999.00-9999.00-9999.00-9999.00-9999.00-9999.00-9999.00-9999.00-9999.00-9999.00-9999.00-9999.00-9999.00-9999.00-9999.00-9999.00-9999.00-9999.00 87.32 127.10 94.90 90.78 85.85 74.27 376.57 83.88
377.08 375.71 117.13 346.32 0.00 162.18 94.69 232.62 307.91 323.93 377.61 379.93 244.93 96.95 85.85 374.93 316.77 249.57 376.90 379.73 381.46 0.00 0.00 0.00 0.00 0.00 376.69 185.19 294.66 110.71 185.19 336.08 0.00 294.66 375.36 0.00 378.07 375.18 294.66 377.03 294.66 0.00 0.00 0.00 0.00 0.00 0.00 0.00 377.03 159.72 92.28 87.36 376.65 390.54 378.84 78.58 87.82 338.34 108.43 72.18 74.93
380.44 81.01 92.91 383.04 85.12-9999.00-9999.00-9999.00-9999.00-9999.00-9999.00-9999.00-9999.00-9999.00-9999.00-9999.00-9999.00-9999.00-9999.00-9999.00-9999.00-9999.00-9999.00-9999.00-9999.00-9999.00 -9999.00-9999.00-9999.00-9999.00-9999.00-9999.00-9999.00-9999.00-9999.00-9999.00-9999.00-9999.00-9999.00-9999.00-9999.00-9999.00-9999.00-9999.00-9999.00-9999.00-9999.00-9999.00-9999.00-9999.00-9999.00-9999.00-9999.00-9999.00-9999.00-9999.00-9999.00-9999.00-9999.00 344.81 377.53 379.14 153.47 385.47 382.70 376.35 377.23 269.80 294.66 294.66 294.66 269.80 269.80 0.00 375.23 375.14 378.31 375.35 377.63 379.20 378.78 378.47 379.00 392.46 82.06 79.60 378.90 384.62 249.67 397.24 388.36 394.50 355.61 88.50 93.22 95.79 82.06 376.37 376.47 375.46 376.34 258.45 90.02 89.06 377.29 86.69 375.85 382.07 0.00 375.99 375.16 292.75 80.90 104.92
294.66 294.66 392.31 294.66 375.13 222.77 0.00 375.89 274.93 378.94 239.76 377.58 378.81 159.72 358.48 318.23 390.52 388.02 380.91 254.64 274.93 381.37 377.79 377.22 0.00 378.88 375.66 375.65 0.00 0.00 0.00 0.00 0.00 375.60 348.14 278.93 359.67 114.98 78.77 140.64 0.00 203.07 109.74 79.61 215.45 71.63 88.83 94.03 86.59 229.81 78.02 382.56 375.50 74.93 78.02 94.03 89.58 141.26 73.98 83.03 88.83
379.92 78.65 84.29 379.87 79.16-9999.00-9999.00-9999.00-9999.00-9999.00-9999.00-9999.00-9999.00-9999.00-9999.00-9999.00-9999.00-9999.00-9999.00-9999.00-9999.00-9999.00-9999.00 -9999.00-9999.00-9999.00-9999.00-9999.00-9999.00-9999.00-9999.00-9999.00-9999.00-9999.00-9999.00-9999.00-9999.00-9999.00-9999.00-9999.00-9999.00-9999.00-9999.00-9999.00-9999.00-9999.00-9999.00-9999.00-9999.00-9999.00-9999.00-9999.00-9999.00-9999.00-9999.00-9999.00-9999.00-9999.00-9999.00-9999.00-9999.00-9999.00-9999.00-9999.00-9999.00-9999.00-9999.00-9999.00-9999.00-9999.00-9999.00-9999.00-9999.00-9999.00 294.66 0.00 249.67 294.66 375.62 375.06 0.00 0.00 0.00 378.48 227.38 316.38 364.55 0.00 313.26 375.12 0.00 294.66 294.66 0.00 375.00 375.00 294.66 375.68 375.41 294.66 294.66 0.00 375.00 294.66 376.45 0.00 222.77 269.80 313.25 222.83 375.55 375.37 375.37 159.26 77.79 182.66 91.89 390.66 379.13 379.76 382.35 71.84 80.78 81.76 94.62 76.70 384.86 149.84 83.22
