蒙特卡罗+CDRMV3/输出数据/2D水深分布/WaterDepthGIS_0157.ASC
ncols         539            
nrows         744            
xllcorner     602630.84259341
yllcorner     3914823.670891 
cellsize      50             
NODATA_value  -9999.00       
[rows 0 to 26 of 32, columns 427 to 487 of 539]
75.87 73.95 157.89 0.00 77.23 379.93 74.49 81.69 82.52 78.83 375.84 90.27-9999.00-9999.00 96.77 92.65-9999.00-9999.00-9999.00-9999.00-9999.00 -9999.00-9999.00-9999.00-9999.00-9999.00-9999.00-9999.00-9999.00-9999.00-9999.00-9999.00-9999.00-9999.00-9999.00-9999.00 75.00 133.98 364.02 77.40 120.66 0.00 148.19 80.76 104.50-9999.00-9999.00-9999.00-9999.00-9999.00-9999.00-9999.00-9999.00-9999.00-9999.00-9999.00-9999.00-9999.00-9999.00-9999.00-9999.00-9999.00-9999.00-9999.00-9999.00-9999.00-9999.00-9999.00-9999.00-9999.00-9999.00-9999.00-9999.00-9999.00-9999.00-9999.00-9999.00-9999.00-9999.00-9999.00-9999.00-9999.00-9999.00-9999.00-9999.00-9999.00-9999.00-9999.00-9999.00-9999.00-9999.00-9999.00-9999.00-9999.00-9999.00-9999.00-9999.00-9999.00-9999.00-9999.00 85.98 76.59 352.76 75.15-9999.00-9999.00-9999.00-9999.00-9999.00-9999.00-9999.00-9999.00-9999.00-9999.00-9999.00 78.53-9999.00-9999.00-9999.00-9999.00-9999.00-9999.00-9999.00-9999.00-9999.00-9999.00-9999.00-9999.00-9999.00 89.90 74.49 366.27 74.01 380.46 84.74 211.11 125.36 75.56 81.37 143.21 285.48 85.07 210.72 185.82 82.61 76.59 81.29 83.60 84.86 0.00 87.97 373.80 139.26 74.40 73.60 74.90 377.89 79.82 87.30 378.10 192.30
73.73 0.00 0.00 158.00 171.09 78.24 0.00 245.53 383.31 244.10 73.60 95.61 197.92 79.82 375.89 74.68 74.68 236.37 378.11 394.41 379.16 0.00 74.79 73.35 327.50 85.42 75.28 376.65 298.68 374.17 73.89 75.02 85.60 83.76 82.27 0.00 84.86 0.00 230.42 80.96 378.37 282.53 74.68 84.00 96.77-9999.00-9999.00-9999.00-9999.00 -9999.00-9999.00-9999.00-9999.00-9999.00-9999.00-9999.00-9999.00-9999.00-9999.00-9999.00-9999.00-9999.00 86.42 85.70 72.58 110.23 377.19 0.00 143.16 72.46 82.60 104.50 115.64 146.69 79.09 88.08-9999.00-9999.00-9999.00-9999.00-9999.00-9999.00-9999.00-9999.00-9999.00-9999.00-9999.00-9999.00-9999.00-9999.00-9999.00-9999.00-9999.00-9999.00-9999.00-9999.00-9999.00-9999.00-9999.00-9999.00-9999.00-9999.00-9999.00-9999.00-9999.00-9999.00-9999.00-9999.00-9999.00-9999.00-9999.00 78.24
75.02 73.48 140.94 80.56 0.00 79.14 357.92 0.00 387.20 382.43 383.25 375.78 389.86 121.01 77.47 377.57 77.71-9999.00-9999.00-9999.00-9999.00-9999.00-9999.00 -9999.00-9999.00-9999.00-9999.00-9999.00-9999.00-9999.00-9999.00-9999.00-9999.00-9999.00 76.55 110.84 199.16 379.23 81.49 79.80 78.03 0.00 263.01 110.58 74.03 79.54 378.21 82.60 381.36 247.98 170.06 88.08 77.40 236.55 80.83 126.27-9999.00-9999.00-9999.00-9999.00-9999.00 85.47 74.65 140.40 90.59 186.88 87.97 379.19 201.17-9999.00-9999.00-9999.00-9999.00-9999.00 84.30 260.02 368.51 87.30 79.47 406.48 74.79 88.45 78.53 376.93 81.37 80.56 170.71
339.35 77.71 352.72 84.86 376.26 212.02 77.01 73.45 339.09 76.79 143.46 0.00 181.40 76.04 85.98 81.63 178.92 0.00 0.00 375.44 280.59 268.07 88.68 76.59 142.05 377.07 285.37 383.67 75.71 94.54 0.00 131.03 73.64 87.46 74.58 376.50 77.01 0.00 298.66 131.75 73.37 81.47 90.96 75.41 88.72 83.76 116.33 350.82 375.51 403.48 380.70 74.90 102.07 73.64 226.37 315.97 380.11 381.20 84.86 219.82 0.00
145.25 376.30 0.00 74.15 130.87 175.54 77.01 74.79 125.81 382.00 75.15 85.07 116.70 83.47 83.24 176.33 115.85 75.28 111.71 381.05 86.79 83.01 80.18 148.09 386.21 134.90 75.41 117.68 376.93 175.64 378.99 73.89 138.27 80.18 170.18 266.21 96.56 83.86 81.95 112.60 90.59 84.00 73.64 80.87 76.79 414.04 0.00 82.27 221.07 126.38 93.36 88.91 378.53 94.54 123.10 98.37 365.59 78.24-9999.00-9999.00-9999.00-9999.00-9999.00-9999.00-9999.00-9999.00-9999.00 -9999.00-9999.00-9999.00-9999.00-9999.00 182.61 74.65
81.52 138.17 116.91 82.74 386.25 238.85 74.49 90.24 91.35 73.35 83.86 81.81 128.91 257.94 0.00 74.23 85.24 85.98 79.14 331.70 75.87 73.60 80.90 74.31 86.38 78.53 82.61 163.85 74.23 226.09 379.10 376.38 75.02 73.95 77.97 378.51 74.68 75.56 290.98 0.00 347.46 375.50 221.53 98.83 0.00 385.03 385.75 381.78 381.43 232.06 76.40 80.18 96.09-9999.00-9999.00-9999.00-9999.00-9999.00-9999.00-9999.00-9999.00-9999.00 -9999.00-9999.00 73.21 375.56 375.79 74.48 376.76 340.66 165.14
75.41 162.63 204.35 373.84 381.78 0.00 122.15 92.20 377.77 378.37 200.24 86.04 238.02 376.07 89.59 106.95 0.00 78.53 133.45 75.28 85.24 80.18 77.97 377.21 74.40 76.79 111.79 377.98 73.53 73.45 178.38 81.52 76.40 81.24 83.60 81.24 84.14 128.63 0.00 105.76 0.00 0.00 0.00 390.00 245.25 253.89 119.47 112.29 119.93 182.34 93.80 91.29 145.91 129.22 77.23 376.10 75.15-9999.00-9999.00-9999.00-9999.00-9999.00-9999.00 -9999.00-9999.00-9999.00-9999.00-9999.00 85.93 81.19 72.86
0.00 76.04 214.57 114.36 155.08 75.15 75.02 83.76 129.50 75.15 111.56 0.00 357.67 111.80 77.23 80.18 133.34 380.83 74.90 251.67 88.99 76.40 124.31 77.71 388.10 81.81 159.00 73.60 73.57 133.68 77.71 375.46 0.00 117.58 388.07 383.43 383.67 385.40 381.63 383.41 387.31 380.04 241.31 243.74 88.39 93.56 75.41 75.41 376.59 78.83 92.20-9999.00-9999.00-9999.00-9999.00-9999.00-9999.00-9999.00 -9999.00-9999.00-9999.00-9999.00-9999.00-9999.00-9999.00-9999.00 72.24 110.73 0.00 271.91 132.68 73.02 72.53 384.88 0.00
116.56 85.42 77.47 0.00 378.29 246.54 115.25 83.76 81.75 81.47 76.59 121.50 0.00 382.55 377.97 371.19 155.49 120.71 73.64 83.73 81.82 82.27 375.74 121.93 75.02 73.35 89.28 97.90-9999.00-9999.00-9999.00-9999.00-9999.00-9999.00-9999.00-9999.00-9999.00 -9999.00-9999.00-9999.00-9999.00-9999.00-9999.00-9999.00-9999.00-9999.00 72.24 113.60 0.00 77.70 76.55 0.00 76.55 185.82 110.44 72.09 83.36 122.29 72.46 377.38 81.71 83.87 79.32 79.38 72.78 393.09 0.00 376.16 72.32 80.60 141.98 166.00 79.89 74.48 86.67 80.67 272.36 203.10
356.14 81.37-9999.00-9999.00-9999.00-9999.00-9999.00-9999.00-9999.00-9999.00 -9999.00-9999.00-9999.00-9999.00-9999.00-9999.00-9999.00-9999.00-9999.00-9999.00 73.41 126.36 128.95 0.00 159.93 72.94 77.10 85.70 73.11 150.59 379.65 82.32 85.93 81.39 79.47 130.65 0.00 138.14 354.16 74.17 123.58 75.39 76.30 78.72 395.81 150.38 75.82 80.31 76.55 75.19 173.20 271.93 84.43 332.91 91.46 181.29 85.93 89.41 83.31 96.01 129.16 257.30 82.46 79.49 72.85 375.43 378.82 0.00 72.71 90.59 376.27 348.48 74.49 151.40 103.38 80.79 81.24 75.56
76.82 148.89 83.52 72.41 378.59 0.00 74.03 363.95 186.37 88.75 75.60 375.45 352.78 80.83 188.76 80.67 74.03 300.73 376.08 75.82 0.00 378.43 217.12 167.87 116.66 87.97 83.12 75.02 210.91 74.01 127.24 74.31 241.07 0.00 308.19 146.58 75.56 80.56 134.88 385.58 262.24 375.73 114.04 78.53 93.61 75.28 359.08 378.39 301.26 82.52 80.18 73.43 114.19 376.81 83.24 0.00 375.12 271.42 123.19 74.49 73.83
158.72 371.15 137.71 75.35 86.79 74.31 375.71 0.00 73.83 75.56 376.15 302.04 132.45 82.74 84.43 117.64 73.50 73.35 395.42 75.28 84.28 74.31 0.00 151.96 115.64 73.38 82.80 116.23 83.35 78.83 381.03 80.18 73.35 198.41 322.37 411.39 77.71 379.63 97.90 339.66 377.72 379.27 378.14 376.71 380.98 0.00 378.96 377.63 306.12 385.11 377.43 325.17 78.14 82.73 137.91 134.28 74.68 376.59 391.62 202.16 74.68
378.98 0.00 376.09 382.10 376.29 379.08 98.23 195.53 80.67 100.14 178.79 109.30 352.11 95.61 381.50 383.66 366.53 118.81 73.50 87.70-9999.00-9999.00-9999.00-9999.00-9999.00-9999.00-9999.00-9999.00-9999.00-9999.00-9999.00-9999.00-9999.00-9999.00 -9999.00-9999.00-9999.00-9999.00-9999.00-9999.00-9999.00-9999.00-9999.00 74.48 180.52 81.71 83.69 350.36 375.74 96.01 377.60 94.52 82.58 84.83 87.17 0.00 79.09 84.98 376.97 73.89 82.46 72.20 138.91 97.03 0.00 82.32 82.89 380.36 82.19 81.09 90.58 76.30 109.53 0.00 76.55 127.77 72.24 72.58 79.65 74.48 0.00 76.82 403.37
131.91 72.52 76.06 120.60 74.82 0.00 376.98 376.60 293.45 117.30 74.82 80.14 79.98 72.52 251.56 0.00 83.31 73.52 0.00 159.22 72.00 71.98 79.38 81.49 72.90 357.95 79.09 177.84 113.80 90.59 166.96 376.86 85.07 136.75 376.74 0.00 380.20 226.96 83.42 94.53 99.45 379.56 91.20 378.18 90.60 107.54 388.56 370.52 125.18 83.61 94.65 82.70 83.35 73.89 379.33 102.40 91.35 84.91 81.37 87.94 74.31
84.00 89.90 95.69 0.00 98.83 0.00 378.08 181.94 376.09 376.15 368.28 187.02 111.16 74.08 89.28 85.07 77.23 378.35 79.14 223.00 82.70 167.54 135.73 91.76-9999.00-9999.00-9999.00-9999.00-9999.00-9999.00-9999.00-9999.00-9999.00-9999.00-9999.00-9999.00-9999.00-9999.00 -9999.00-9999.00-9999.00-9999.00-9999.00-9999.00-9999.00-9999.00-9999.00-9999.00-9999.00-9999.00-9999.00-9999.00-9999.00-9999.00-9999.00 96.37 369.98 380.34 378.98 72.36 135.47 230.95 375.43 0.00 73.89 81.09 76.30 377.44 81.70 73.21 112.43 182.75 0.00 103.53 306.24 72.94 72.24 128.50 0.00 115.59 73.41 83.87 111.65 0.00 74.82 81.94 376.42 85.47 171.51 75.82 72.71
383.18 375.99 133.88 80.56 83.35 118.40 86.17 79.14 0.00 0.00 0.00 0.00 381.53 381.53 189.40 82.27 84.43 88.72 87.01 75.15 130.64 372.25 408.31 383.08 144.32 81.21 73.83 73.95 0.00 102.40 263.58 137.85 381.05 375.48 81.16 86.14 81.29 81.37 82.26 77.71 82.10 85.60 115.51 180.36 78.83-9999.00-9999.00-9999.00-9999.00-9999.00-9999.00-9999.00-9999.00-9999.00-9999.00-9999.00-9999.00-9999.00-9999.00-9999.00-9999.00-9999.00-9999.00 -9999.00-9999.00-9999.00-9999.00-9999.00-9999.00-9999.00-9999.00-9999.00-9999.00-9999.00-9999.00-9999.00-9999.00-9999.00-9999.00-9999.00 353.34 97.57 83.31 88.39 77.40 377.46 378.52 0.00 132.35 328.32 140.71 72.71 80.31 317.89 121.58
194.98 89.78 74.65 119.22 387.13 80.18 0.00 97.77 117.58 333.63 381.78 252.24 0.00 78.83 88.19 74.08 81.95 97.46 367.39 116.65 74.68 75.15 73.89 88.45 82.27 118.92 147.66 76.59 73.73 115.95 295.90 376.62 73.60 84.43 75.56 124.15 0.00 179.23 247.28 384.76 75.02 190.37 114.78 81.37 76.21 362.05 243.31 84.00 128.66 128.87 86.17-9999.00-9999.00-9999.00-9999.00-9999.00-9999.00-9999.00-9999.00-9999.00-9999.00-9999.00-9999.00-9999.00-9999.00-9999.00-9999.00-9999.00-9999.00-9999.00-9999.00 -9999.00-9999.00-9999.00-9999.00-9999.00-9999.00-9999.00-9999.00-9999.00-9999.00-9999.00-9999.00-9999.00-9999.00-9999.00-9999.00-9999.00-9999.00-9999.00 215.23 124.17 80.76 163.71 332.13 389.04 92.86 98.15 174.88
356.69 112.54 93.40 113.44 90.60 117.36 213.34 82.27 208.70 74.15 85.07 83.76 403.92 73.43 81.82 74.79 124.82 75.71 87.30 226.39 312.02 75.56 86.17 74.90 111.36 379.29 74.31 73.83 345.54 0.00 225.19 87.97 0.00 314.47 239.62 285.85 73.53 125.54 233.36 111.78 74.58 112.24 219.48 76.21 80.18-9999.00-9999.00-9999.00-9999.00-9999.00-9999.00-9999.00-9999.00-9999.00-9999.00-9999.00-9999.00-9999.00-9999.00-9999.00-9999.00-9999.00-9999.00-9999.00 -9999.00-9999.00-9999.00-9999.00-9999.00-9999.00-9999.00-9999.00-9999.00-9999.00-9999.00-9999.00-9999.00-9999.00-9999.00-9999.00-9999.00-9999.00-9999.00-9999.00 100.75 215.63 77.70 91.46 83.31 85.47 76.30 83.04 80.92 72.36 385.62 124.94 80.08 79.65 82.60
136.61 74.49 102.40 168.89 377.72 166.38 75.15 74.40 111.06 0.00 376.39 349.41 140.64 77.01 97.02 236.19 190.50 0.00 112.25 125.99 166.56 114.35 74.49 74.08 376.41 380.43 73.43 74.90 161.32 77.01-9999.00-9999.00-9999.00-9999.00-9999.00-9999.00-9999.00-9999.00-9999.00-9999.00-9999.00-9999.00-9999.00-9999.00-9999.00-9999.00-9999.00-9999.00 -9999.00-9999.00-9999.00-9999.00-9999.00-9999.00-9999.00-9999.00-9999.00-9999.00-9999.00-9999.00-9999.00-9999.00-9999.00-9999.00-9999.00-9999.00-9999.00-9999.00-9999.00-9999.00-9999.00-9999.00-9999.00 89.64 204.57 377.22 71.98 382.71 119.14 83.52 87.49 131.05 75.19 141.02 84.63 80.76 339.89 73.64 0.00 183.55 75.39 182.27 227.40 173.98 83.89 377.91 253.80 85.11 80.31 78.36 383.66 382.15 377.41
0.00 376.72 378.05 349.47 121.24 73.48 134.86 78.53 124.01 125.44-9999.00-9999.00-9999.00-9999.00-9999.00-9999.00-9999.00-9999.00-9999.00-9999.00-9999.00-9999.00-9999.00-9999.00-9999.00-9999.00-9999.00-9999.00-9999.00 -9999.00-9999.00-9999.00-9999.00-9999.00-9999.00-9999.00-9999.00-9999.00-9999.00-9999.00-9999.00-9999.00-9999.00-9999.00-9999.00-9999.00-9999.00-9999.00-9999.00-9999.00 77.10 79.09 338.68 94.05 78.03 79.09 91.94 74.48 78.03 156.10 173.33 0.00 162.30 78.36 74.82 0.00 368.64 107.61 363.83 120.38 74.65 91.46 94.48 77.70 86.94 88.75 87.78 83.31 102.90 86.42 188.69 160.58 386.15 107.61 108.71 83.89 0.00 323.98 0.00 0.00 0.00 0.00 0.00 379.67 377.44 376.13 85.11 128.21 92.43 83.89
95.61-9999.00-9999.00-9999.00-9999.00-9999.00-9999.00-9999.00-9999.00-9999.00-9999.00-9999.00-9999.00-9999.00-9999.00-9999.00-9999.00-9999.00-9999.00-9999.00-9999.00-9999.00-9999.00 -9999.00-9999.00-9999.00-9999.00-9999.00-9999.00-9999.00-9999.00-9999.00-9999.00-9999.00-9999.00-9999.00-9999.00-9999.00-9999.00-9999.00 325.80 75.19 74.65 267.40 86.45 101.57 83.20 97.03 84.83 72.64 0.00 74.17 74.48 73.89 81.39 73.76 83.89 173.81 376.97 167.05 377.48 0.00 189.26 218.56 375.25 376.00 376.63 304.80 83.89 333.46 77.70 84.49 113.30 94.05 147.69 78.03 258.59 252.02 364.17 113.30 385.55 385.81 0.00 376.99 106.44 285.75 82.75 98.15 204.19 77.70 377.17 259.94 230.52 90.58 77.40 87.78 101.57 96.37 88.75
89.64 314.83 376.19 107.61 376.80 287.91 0.00 387.78 248.78 376.77 376.34 377.52 248.28 376.35 172.63 380.46 378.92 385.31 377.30 243.59 197.26 85.77 86.45 375.68 199.41 218.43 380.01 288.74 90.62 102.17 376.66 0.00 0.00 0.00 0.00 0.00 0.00 307.49 386.25 268.96 376.82 377.33 0.00 0.00 218.29 199.19 376.18 375.31 0.00 372.08 375.41 235.92 0.00 138.68 375.59 79.24 164.09 386.76 382.33 375.49 73.76
143.89 139.33 81.44 73.04 265.90 340.76 383.19 0.00 82.27 186.23 84.47 96.45 383.17 129.88 73.68 82.43 81.07 73.35 111.13 260.86 375.74 73.57 83.60 94.11 261.95 80.56 93.61 94.11 77.47 89.90 88.72-9999.00-9999.00-9999.00-9999.00-9999.00-9999.00-9999.00-9999.00-9999.00-9999.00-9999.00-9999.00-9999.00-9999.00-9999.00-9999.00-9999.00-9999.00-9999.00-9999.00-9999.00-9999.00 -9999.00-9999.00-9999.00-9999.00-9999.00-9999.00-9999.00-9999.00-9999.00-9999.00-9999.00-9999.00-9999.00-9999.00-9999.00-9999.00-9999.00-9999.00-9999.00-9999.00-9999.00-9999.00-9999.00-9999.00-9999.00-9999.00-9999.00-9999.00-9999.00-9999.00-9999.00 76.82 376.87 376.71 101.57 130.03 199.41 199.41 208.61 235.92 323.98 355.91 359.26 0.00 326.77 378.67 351.85 94.41 94.68 94.41 0.00 214.18 390.72 375.50 375.15 131.33 78.72 134.37 214.27 76.55
127.60 375.21 375.60 319.71 85.69 101.44 388.79 413.77 416.75 296.83 259.31 0.00 250.52 376.24 0.00 158.97 224.02 375.22 375.37 386.07 327.81 375.15 147.16 375.47 111.00 336.75 375.71 111.22 139.89 76.99 381.68 375.35 82.77 76.44 85.22 382.43 339.20 319.85 73.24 364.36 82.76 155.80 268.29 377.12 89.39 360.72 88.45 365.66 124.60 93.61 377.82 93.61 379.39 90.96 315.05-9999.00-9999.00-9999.00-9999.00-9999.00-9999.00-9999.00-9999.00-9999.00-9999.00-9999.00-9999.00-9999.00-9999.00-9999.00-9999.00-9999.00-9999.00-9999.00-9999.00-9999.00 -9999.00-9999.00-9999.00-9999.00-9999.00-9999.00-9999.00-9999.00-9999.00-9999.00-9999.00-9999.00-9999.00-9999.00-9999.00-9999.00-9999.00-9999.00-9999.00-9999.00-9999.00-9999.00-9999.00-9999.00-9999.00-9999.00-9999.00-9999.00-9999.00-9999.00-9999.00-9999.00-9999.00 87.64 224.29 377.92 186.76 376.43
108.16 135.98 154.02 87.31 130.22 110.14 138.94 297.35 84.22 73.89 84.26 84.82 85.72 80.34 375.18 0.00 375.55 378.00 104.13 82.10 378.36 0.00 378.41 375.13 338.19 194.65 121.09 375.64 371.10 185.24 126.99 74.24 76.80 74.66 73.58 80.45 241.56 76.33 95.94 0.00 0.00 109.11 250.50 160.20 79.23 79.99 0.00 0.00 0.00 81.28 83.30 88.60 90.47 143.87-9999.00-9999.00-9999.00-9999.00-9999.00-9999.00-9999.00-9999.00-9999.00-9999.00-9999.00-9999.00-9999.00-9999.00-9999.00-9999.00-9999.00-9999.00-9999.00-9999.00-9999.00-9999.00-9999.00 -9999.00-9999.00-9999.00-9999.00-9999.00-9999.00-9999.00-9999.00-9999.00-9999.00-9999.00-9999.00-9999.00-9999.00-9999.00-9999.00-9999.00-9999.00-9999.00-9999.00-9999.00-9999.00-9999.00-9999.00-9999.00-9999.00-9999.00-9999.00-9999.00-9999.00-9999.00-9999.00-9999.00-9999.00-9999.00-9999.00-9999.00-9999.00-9999.00 224.02 270.49 270.49 203.96 375.25 375.28
84.27 95.59-9999.00-9999.00-9999.00-9999.00-9999.00-9999.00-9999.00-9999.00-9999.00-9999.00-9999.00-9999.00-9999.00-9999.00-9999.00-9999.00-9999.00-9999.00 -9999.00-9999.00-9999.00-9999.00-9999.00-9999.00-9999.00-9999.00-9999.00-9999.00-9999.00-9999.00-9999.00-9999.00-9999.00-9999.00-9999.00-9999.00-9999.00-9999.00-9999.00-9999.00-9999.00-9999.00-9999.00-9999.00-9999.00-9999.00-9999.00-9999.00-9999.00-9999.00-9999.00-9999.00-9999.00-9999.00-9999.00-9999.00-9999.00-9999.00-9999.00-9999.00-9999.00-9999.00-9999.00-9999.00-9999.00-9999.00 375.47 375.00 0.00 295.09 375.11 375.64 329.20 0.00 375.01 270.49 351.83 378.88 324.44 375.36 295.09 377.64 0.00 295.09 375.00 295.09 0.00 295.09 375.00 295.09 0.00 295.09 375.06 375.00 295.09 329.21 375.51 314.12 359.92 0.00 329.20 376.43 278.39 375.63 375.27 0.00 0.00 0.00 0.00 375.24 104.13 132.58 378.72 375.06 342.86 345.43 78.53 377.16 378.00 118.71 85.02 77.90 361.85 382.56
378.77 80.23 84.37 97.13 98.09-9999.00-9999.00-9999.00-9999.00-9999.00-9999.00-9999.00-9999.00-9999.00-9999.00-9999.00-9999.00-9999.00-9999.00-9999.00-9999.00-9999.00-9999.00 -9999.00-9999.00-9999.00-9999.00-9999.00-9999.00-9999.00-9999.00-9999.00-9999.00-9999.00-9999.00-9999.00-9999.00-9999.00-9999.00-9999.00-9999.00-9999.00-9999.00-9999.00-9999.00-9999.00-9999.00-9999.00-9999.00-9999.00-9999.00-9999.00-9999.00-9999.00-9999.00-9999.00-9999.00-9999.00-9999.00-9999.00-9999.00-9999.00-9999.00-9999.00-9999.00-9999.00-9999.00-9999.00-9999.00-9999.00-9999.00-9999.00-9999.00-9999.00-9999.00-9999.00-9999.00 0.00 351.85 321.37 376.02 375.18 324.31 376.02 334.22 295.09 0.00 0.00 375.38 0.00 295.09 375.34 295.09 375.00 295.09 375.71 295.09 375.31 324.31 375.00 0.00 375.06 375.00 0.00 295.09 375.97 223.96 375.52 186.98 375.40 244.08 87.11 128.17 375.59 86.38 75.31 72.56 82.60 75.69 376.38 375.93 134.80 73.68 0.00 305.73 74.38 75.14 83.30 365.36 79.99 89.39 381.34
