蒙特卡罗+CDRMV3/输出数据/2D水深分布/WaterDepthGIS_0155.ASC
ncols         539            
nrows         744            
xllcorner     602630.84259341
yllcorner     3914823.670891 
cellsize      50             
NODATA_value  -9999.00       
[rows 0 to 26 of 32, columns 244 to 304 of 539]
0.00 79.66 82.35 88.70 76.88 76.35 78.75-9999.00-9999.00-9999.00-9999.00-9999.00-9999.00-9999.00-9999.00-9999.00-9999.00-9999.00-9999.00-9999.00 -9999.00-9999.00-9999.00-9999.00-9999.00-9999.00-9999.00-9999.00-9999.00 94.13 87.09 375.43 335.42 81.87 381.49 432.46 80.53 87.06 336.97 144.36 84.88-9999.00-9999.00-9999.00-9999.00-9999.00-9999.00-9999.00-9999.00-9999.00-9999.00-9999.00-9999.00-9999.00-9999.00-9999.00-9999.00-9999.00-9999.00-9999.00-9999.00-9999.00-9999.00-9999.00-9999.00-9999.00-9999.00-9999.00-9999.00-9999.00-9999.00-9999.00-9999.00-9999.00-9999.00-9999.00-9999.00-9999.00-9999.00-9999.00-9999.00-9999.00-9999.00-9999.00-9999.00-9999.00-9999.00-9999.00-9999.00-9999.00-9999.00-9999.00-9999.00-9999.00-9999.00-9999.00-9999.00-9999.00-9999.00-9999.00-9999.00-9999.00-9999.00-9999.00-9999.00-9999.00-9999.00-9999.00-9999.00-9999.00-9999.00-9999.00-9999.00-9999.00-9999.00-9999.00-9999.00-9999.00-9999.00-9999.00-9999.00-9999.00-9999.00-9999.00-9999.00-9999.00-9999.00-9999.00-9999.00-9999.00-9999.00 75.26 82.48 91.15 76.52 181.00 75.26 74.95 300.68 85.43 75.49 83.77 73.86 111.79 377.25 0.00 167.29 73.85 74.86 76.88 115.94 139.38 83.88-9999.00-9999.00-9999.00-9999.00-9999.00-9999.00-9999.00-9999.00-9999.00-9999.00-9999.00-9999.00 -9999.00-9999.00-9999.00-9999.00-9999.00-9999.00-9999.00-9999.00-9999.00 88.58 376.19 96.99 121.51 375.94 96.99 379.00 0.00 78.34 376.04 215.43 85.67 75.25-9999.00-9999.00-9999.00-9999.00-9999.00-9999.00-9999.00-9999.00-9999.00-9999.00-9999.00-9999.00-9999.00-9999.00-9999.00-9999.00-9999.00-9999.00-9999.00-9999.00-9999.00-9999.00-9999.00-9999.00-9999.00-9999.00-9999.00-9999.00-9999.00-9999.00-9999.00-9999.00-9999.00-9999.00-9999.00-9999.00-9999.00-9999.00-9999.00-9999.00-9999.00-9999.00-9999.00-9999.00-9999.00-9999.00-9999.00-9999.00-9999.00-9999.00-9999.00-9999.00-9999.00-9999.00-9999.00-9999.00-9999.00-9999.00-9999.00-9999.00-9999.00-9999.00-9999.00-9999.00-9999.00-9999.00-9999.00-9999.00-9999.00-9999.00-9999.00-9999.00-9999.00-9999.00-9999.00-9999.00-9999.00-9999.00-9999.00-9999.00-9999.00-9999.00-9999.00-9999.00-9999.00-9999.00-9999.00-9999.00 77.97 170.61 113.04 83.24 108.15
377.34 393.55 307.86 79.66 89.24-9999.00-9999.00-9999.00-9999.00-9999.00-9999.00-9999.00 77.97 83.34 76.03 82.56 81.91 378.99 157.98 378.58 76.70 136.82 377.77 87.97 92.34 375.52 88.96 381.65 74.19 78.22 365.77 75.37 73.93 74.61 74.06 74.61 283.51 0.00 376.37 136.15 75.05 114.06 74.24 354.78 144.60 196.34 77.50 82.87 115.62 376.20 373.87 376.95 0.00 76.70 84.82 0.00 98.22 95.66 81.09 78.75 87.97 363.70 87.81-9999.00-9999.00-9999.00 -9999.00-9999.00-9999.00-9999.00-9999.00-9999.00-9999.00-9999.00-9999.00-9999.00-9999.00-9999.00-9999.00-9999.00 81.83 80.73 121.18 85.75
83.77 178.65 76.03 157.77 83.28 359.99 79.04 186.25 382.31 75.89 382.60 76.35 380.62 169.25 74.47 90.79 84.81 75.37 75.37 382.94 90.45 80.34 0.00 121.84 84.82 85.76 76.70 85.59 74.54 380.61 75.05 144.67 82.22 90.79 83.05 83.54 77.97 73.99 378.58 114.48 75.26 82.35 85.11 115.84 131.65 81.52 73.99 287.15 76.03 75.62 74.69 0.00 360.79 81.49 121.45 116.04 116.95 75.75 171.41 113.90 117.98
0.00 0.00 0.00 0.00 143.37 140.82 74.24 84.66 94.20 76.03 86.69 74.10 377.97 0.00 377.03 0.00 93.95 91.77 182.57 108.31 93.09 377.91 76.03 232.26 338.55 85.95-9999.00-9999.00-9999.00-9999.00-9999.00-9999.00 -9999.00-9999.00-9999.00-9999.00-9999.00-9999.00-9999.00-9999.00-9999.00-9999.00-9999.00-9999.00 94.13 94.64 78.34 85.67 83.84 73.23 113.41 0.00 72.67 73.37 72.95 0.00 72.61 73.70 316.95 82.47 74.93 382.09 377.27 186.99 74.49-9999.00-9999.00-9999.00 78.34 81.41 276.06 86.11 77.73 145.19 388.31 95.10 87.52 137.73 108.15 377.41 377.52
81.83 76.22 84.16 82.47 74.63 81.32 94.13 82.36 92.40 380.37 79.00 314.11 380.26 82.36 378.98 77.18 155.62 73.70 378.51 73.70 315.06 116.01 0.00 378.90 79.04 94.68 152.11 96.21 140.20 117.43 270.15 89.52 74.10 284.81 0.00 75.49 92.34 121.53 0.00 379.70 112.74 77.08 75.37 376.35 77.73 81.09 113.29 377.55 379.37 91.77 0.00 74.29 88.70 84.66 142.20 123.02 74.19 116.93 0.00 369.25 267.60
85.89 82.36 80.96 372.63 294.07 77.45 79.73 156.29 80.12 0.00 366.28 131.96 75.62 87.74 128.82 73.89 375.89 373.58 74.29 75.49 379.64 0.00 74.19 73.80 366.00 0.00 111.92 85.38 85.27 144.40 84.66 74.02 377.93 117.00 75.75 198.62 126.77 0.00 112.84 77.08 74.47 113.31 0.00 74.77 85.59 87.97 296.83 75.62 86.89 76.35 79.04 135.05 205.14 385.41 192.28 158.73 80.34 86.89 83.44 81.49 83.77
76.92 82.59 77.73 83.10 134.83 313.91 83.38 78.66 0.00 110.88 129.56 76.22 77.73 383.01 76.01 88.13 74.86 116.99 382.07 143.48 126.91 74.41 181.82 0.00 0.00 118.30 73.85 74.19 73.99 142.32 378.91 74.61 74.02 111.81 361.80 376.47 80.71 0.00 73.93 86.30 74.41 0.00 256.34 74.14 75.49 375.12 136.64 75.62 79.99 142.39 231.71 378.68 197.06 0.00 385.56 379.14 378.23 383.18 131.62 85.95 76.35
375.51 378.34 73.80 83.53 74.01 0.00 85.75 74.77 381.47 381.85 193.62 74.24 84.16 95.64 77.73 73.10 157.33 76.35 117.30 84.81 88.21 81.49 113.05 0.00 381.86 74.77 86.12 134.16 85.59 83.24 82.48 74.61 112.13 152.24 181.69 0.00 74.19 79.34 0.00 176.26 112.59 75.75 77.73 87.17 89.24 87.09 132.53 74.02 116.04 179.40 371.22 0.00 74.06 116.39 83.24 83.65 82.87 85.38 168.87 84.96 81.47
80.33 80.53 77.08 379.37 379.98 0.00 377.13 372.36 379.82 375.84 74.54 81.49 329.67 74.10 257.97 75.62 178.99 76.52 0.00 349.21 75.15 166.01 84.00 378.30 74.54 87.74 76.03 139.38 329.55 377.75 75.37 117.29 83.65 76.52 117.44 0.00 74.69 78.22 181.08 74.06 89.81 376.05 118.91 76.19 252.38 95.10 0.00 112.50 74.24 86.30 74.29 119.56 0.00 124.84 88.21 73.99 76.35 244.18 0.00 87.81 84.39
86.49 117.61 74.69 125.22 186.22 91.15 76.52 117.78 0.00 126.31 115.65 85.11 86.12 160.42 127.15 0.00 303.76 116.94 78.22 210.99 82.41 83.54 74.14 202.22 377.42 380.17 154.90 77.08 140.19 0.00 0.00 0.00 331.00 242.59 75.26 151.80 74.35 131.26 376.70 0.00 391.80 387.80 136.62 81.22 213.06 115.54 74.24 82.96 82.79 121.20 359.76 215.82 75.62 342.05 357.34 375.66 76.03-9999.00-9999.00-9999.00-9999.00-9999.00-9999.00-9999.00-9999.00 -9999.00-9999.00-9999.00-9999.00-9999.00-9999.00-9999.00-9999.00-9999.00-9999.00 84.33 87.58 72.58
375.60 378.60 385.48 104.32 89.52 85.38 383.36 0.00 102.22 0.00 375.99 205.33 381.75 172.76 0.00 0.00 304.71 77.97 77.50 0.00 122.64 74.41 82.71 93.24 76.52 90.12 84.39 77.73 87.30-9999.00-9999.00-9999.00-9999.00-9999.00-9999.00-9999.00-9999.00-9999.00 -9999.00-9999.00-9999.00-9999.00-9999.00-9999.00-9999.00-9999.00-9999.00-9999.00 72.82 149.38 0.00 299.08 72.65 180.03 77.45 74.12 360.70 0.00 129.00 73.61 73.05 146.23 179.72 0.00 372.04 227.00 147.81 127.29 80.12 75.81 380.63 123.18 77.73 91.71 98.20 79.36 73.23 375.75 74.49
0.00 72.65 80.84 77.73 0.00 74.24 84.16 76.44 73.70 73.44 147.08 0.00 0.00 73.23 242.79 74.93 89.04 78.66 384.81 375.49 378.34 74.24 73.30 76.22 380.07 72.70 81.56 73.90 0.00 111.70 76.01 87.58 80.49 182.85 85.67 83.53 377.22 73.37 377.65 72.71 143.93 203.66 78.66 0.00 73.16 85.46 83.84 74.12 141.11 86.81 182.93 74.69 124.04 407.57 75.49 0.00 379.49 173.45 121.02 84.29 75.85
73.53 109.75 0.00 120.53 73.37 85.26 90.85 72.67 76.22 238.08 378.55 73.53 296.55 0.00 82.80 339.40 87.97 378.23 87.72 87.35 372.76 181.60 0.00 76.52 83.44 74.47 382.07 82.34 282.45 78.22 81.91 377.51 75.37 73.91 0.00 116.85 262.89 0.00 361.67 79.66 80.34 79.34 374.89 79.99 82.16 75.15 383.44 81.49 87.97 97.24 106.06 384.18 101.73 98.84 92.82 387.17 234.60 376.70 378.25 370.50 0.00
76.35 357.90 80.34 390.56 85.38 114.99 75.89 76.35 349.73 378.54 0.00 375.76 156.11 0.00 0.00 0.00 78.09 93.76 89.56 0.00 350.56 93.95 0.00 378.27 379.85 75.05 89.52 133.65 77.97 323.25 83.77-9999.00-9999.00-9999.00-9999.00-9999.00-9999.00-9999.00-9999.00-9999.00-9999.00-9999.00-9999.00-9999.00-9999.00 -9999.00-9999.00-9999.00-9999.00-9999.00-9999.00-9999.00-9999.00-9999.00-9999.00-9999.00 80.96 171.41 88.73 77.45 83.95 376.52 74.24 379.37 72.60 142.90 369.58 0.00 145.61 163.25 112.05 81.32 81.83 81.32 73.44 76.92 131.77 0.00 0.00 76.92 73.37 191.48 81.93 72.75 0.00
72.75 160.14 74.49 80.33 76.01 0.00 162.71 102.49 123.82 278.94 73.53 72.75 158.07 74.01 77.45 72.63 0.00 199.79 72.65 84.33 164.74 82.24 87.31 74.49 178.09 81.74 290.72 126.74 376.42 73.70 223.38 87.81 0.00 419.78 391.10 394.30 386.73 384.91 104.55 377.96 359.94 78.75 86.12 76.52 77.50 92.91 85.95 413.89 398.66 379.36 349.10 83.77 377.01 74.41 82.34 73.89 75.15 82.48 82.16 74.19 74.24
127.43 377.80 376.55 117.95 79.99 91.15-9999.00-9999.00-9999.00-9999.00-9999.00-9999.00-9999.00-9999.00-9999.00-9999.00-9999.00-9999.00-9999.00-9999.00-9999.00-9999.00-9999.00-9999.00 -9999.00-9999.00-9999.00-9999.00-9999.00-9999.00-9999.00-9999.00-9999.00-9999.00-9999.00-9999.00-9999.00-9999.00-9999.00-9999.00-9999.00 81.87 383.04 376.03 345.66 75.61 73.16 74.12 76.22 0.00 202.36 78.66 82.47 76.68 81.48 171.43 240.19 73.16 377.31 352.25 0.00 0.00 0.00 122.14 76.01 81.03 76.01 78.66 0.00 151.43 73.30 140.94 117.12 72.95 82.24 76.92 129.58 255.51 376.05 377.67 0.00 357.17 116.74 158.21 82.87 79.36 74.93 180.01 347.83 377.47 375.32 0.00 0.00 377.11 364.04
133.60 376.64 0.00 127.47 86.55 102.89 289.39 85.38 384.89 380.06 380.96 74.95 73.91 81.32 81.95 81.47 81.78 81.60 90.79-9999.00-9999.00-9999.00-9999.00-9999.00-9999.00-9999.00-9999.00-9999.00-9999.00-9999.00-9999.00-9999.00-9999.00-9999.00-9999.00-9999.00-9999.00-9999.00 -9999.00-9999.00-9999.00-9999.00-9999.00-9999.00-9999.00-9999.00-9999.00-9999.00-9999.00-9999.00-9999.00-9999.00-9999.00-9999.00-9999.00-9999.00 85.75 80.96 89.04 90.85 80.53 73.80 0.00 140.00 77.73 77.73 91.71 80.84 137.10 164.71 141.27 74.36 75.43 120.53 80.17 72.59 0.00 94.73 213.09 164.26 117.90 79.00 87.02 74.93 124.55 382.51 379.78 76.92 85.89 87.06 72.65 89.72 81.83 117.90 367.70 375.64 0.00
221.65 0.00 380.12 114.27 74.41 82.48 83.05 298.22 131.88 111.74 74.54 85.11 84.00 77.97-9999.00-9999.00-9999.00-9999.00-9999.00-9999.00-9999.00-9999.00-9999.00-9999.00-9999.00-9999.00-9999.00-9999.00-9999.00-9999.00-9999.00-9999.00-9999.00-9999.00-9999.00 -9999.00-9999.00-9999.00-9999.00-9999.00-9999.00-9999.00-9999.00-9999.00-9999.00-9999.00-9999.00-9999.00-9999.00-9999.00-9999.00-9999.00-9999.00-9999.00 81.41 130.32 380.30 413.40 319.14 143.51 89.37 334.01 90.08 344.08 110.10 80.41 74.49 109.80 358.82 379.26 0.00 222.12 73.80 80.21 84.69 75.81 116.55 0.00 121.19 74.01 73.61 193.19 125.44 202.93 143.53 91.27 378.37 74.01 75.61 371.33 139.70 94.73 375.55 122.45 0.00 345.40 74.36 74.01 85.07 100.21
380.97 379.85 356.85 73.99 180.45 79.04-9999.00-9999.00-9999.00-9999.00-9999.00-9999.00-9999.00-9999.00-9999.00-9999.00-9999.00-9999.00-9999.00-9999.00-9999.00-9999.00-9999.00 -9999.00-9999.00-9999.00-9999.00-9999.00-9999.00-9999.00-9999.00-9999.00-9999.00-9999.00-9999.00-9999.00-9999.00-9999.00-9999.00-9999.00-9999.00-9999.00-9999.00-9999.00-9999.00-9999.00-9999.00-9999.00 82.87 266.43 75.61 271.60 76.92 79.00 382.07 121.56 134.09 154.81 73.44 124.27 0.00 0.00 0.00 0.00 0.00 330.24 85.12 73.30 86.40 378.68 0.00 0.00 376.14 293.29 356.32 356.48 269.43 307.60 378.77 298.63 92.40 334.98 111.30 79.09 94.81 84.41 79.00 80.96 376.62 114.82 75.81 182.11 375.91 398.43 80.53 346.56 78.66 78.37 0.00 376.84 168.58 382.23
0.00 0.00 377.70 120.43 137.18 157.96 93.13 306.26 379.86 83.95 378.23 84.52 96.99 95.64 90.85 93.55 0.00 0.00 127.57 0.00 288.14 375.37 87.33 82.21 124.66 92.14 377.26 383.54 92.40 156.21 87.06 79.36 335.60 102.49 75.81 77.73 166.19 141.52 376.37 0.00 168.58 376.97 305.14 215.12 283.37 180.27 345.39 375.95 378.17 192.75 81.91 79.04 351.73 74.54 76.88 83.77 378.82 358.95 74.24 82.63 159.34
97.13 295.99 377.36 379.99 385.21 108.91 266.26 331.91 87.81 103.92 125.13 91.31 343.57 0.00 168.58 375.54 375.94 375.23 76.68 92.40 219.48 87.09 91.27 247.42 87.81 78.66 126.20 319.39 378.08 131.77 0.00 376.39 241.12 375.90 355.34 236.62 357.61 387.27 236.69 384.49 103.26 108.54 85.75 0.00 98.22 76.88 89.81 86.49 84.29 161.54 76.35 92.82 323.44 341.72 75.15 83.88 377.09 82.22 75.15 0.00 0.00
238.89 347.92 98.16 169.07 95.87 376.38 375.43 264.57 205.74 0.00 381.88 77.45 76.01 88.58 378.44 220.49 353.99 146.19 162.83 99.59 380.60 376.16 219.38 200.36 0.00 375.41 215.12 375.14 315.79 0.00 0.00 264.60 0.00 390.84 376.83 208.13 109.53 125.13 74.77 82.80 220.41 79.34 100.88 233.14 382.66 81.91 233.16 0.00 375.88 145.47 80.34 168.52 126.65 375.11 115.34 73.80 136.27 377.71 74.86 87.52 88.96
74.77 143.57 381.06 0.00 79.34 87.30 161.15 81.98 82.56 80.71 115.90 112.53 383.96 357.85 376.89 271.62 251.46 76.19 251.81 124.13 239.63 86.49 114.96 74.14 356.14 77.50-9999.00-9999.00-9999.00-9999.00-9999.00-9999.00-9999.00-9999.00-9999.00-9999.00-9999.00-9999.00-9999.00-9999.00-9999.00-9999.00-9999.00-9999.00-9999.00-9999.00-9999.00-9999.00 -9999.00-9999.00-9999.00-9999.00-9999.00-9999.00-9999.00-9999.00-9999.00-9999.00-9999.00-9999.00-9999.00-9999.00-9999.00-9999.00-9999.00-9999.00-9999.00-9999.00-9999.00-9999.00-9999.00-9999.00-9999.00-9999.00-9999.00-9999.00-9999.00 82.87 81.41 161.12 377.19 370.94 74.24 378.08 379.17 168.58 350.93 375.85 383.29 0.00 326.55 377.90 375.54 113.91 192.23 321.62 0.00 215.12 307.92 113.41 375.43 93.45 89.72 85.17 90.09 93.13 86.81 84.68 86.99 93.45 81.41
375.36 295.38 352.12 251.09 336.13 375.01 0.00 224.76 0.00 321.76 314.71 376.68 314.71 0.00 376.90 365.05 251.09 336.62 375.36 188.37 377.80 381.91 378.12 115.96 127.73 89.46 381.49 93.11 375.42 125.59 84.80 160.25 117.18 73.48 75.47 74.80 82.05 81.52 83.24 76.70 74.02 112.21 111.80 73.96 159.62 84.52 300.92 84.54 90.12 375.30 375.39 100.17-9999.00-9999.00-9999.00-9999.00-9999.00-9999.00-9999.00-9999.00-9999.00-9999.00-9999.00-9999.00-9999.00-9999.00-9999.00-9999.00-9999.00-9999.00-9999.00-9999.00-9999.00 -9999.00-9999.00-9999.00-9999.00-9999.00-9999.00-9999.00-9999.00-9999.00-9999.00-9999.00-9999.00-9999.00-9999.00-9999.00-9999.00-9999.00-9999.00-9999.00-9999.00-9999.00-9999.00-9999.00-9999.00-9999.00-9999.00-9999.00-9999.00-9999.00-9999.00-9999.00 131.77 87.81 88.58 232.29 375.93 380.82 244.74 369.01
382.69 256.09 298.68 386.06 398.09 375.13 103.52 262.81 394.69 308.33 107.85 98.52 376.84 380.19 95.84 377.95 381.55 82.14 136.07 121.38 375.35 95.48 375.19 114.69 375.44 0.00 375.58 375.43 378.88 79.79 101.39 192.26 375.94 375.43 105.33 103.34 120.39 88.72 89.87 382.07 401.91 116.92 84.73 76.51 118.78 378.47 73.77 376.20 146.93 101.39 93.13 84.16 385.92 379.05 315.71 75.18 79.38 246.83 378.51 80.84 84.73
82.88 75.47 84.45 99.18 86.57 378.30 81.26 361.82 80.45 120.26 236.61 95.84 78.16 89.93 307.92 355.02 121.33 85.49 131.99 81.83 77.39 366.05 76.35 83.01-9999.00-9999.00-9999.00-9999.00-9999.00-9999.00-9999.00-9999.00-9999.00-9999.00-9999.00-9999.00-9999.00-9999.00-9999.00-9999.00-9999.00-9999.00-9999.00-9999.00 -9999.00-9999.00-9999.00-9999.00-9999.00-9999.00-9999.00-9999.00-9999.00-9999.00-9999.00-9999.00-9999.00-9999.00-9999.00-9999.00-9999.00-9999.00-9999.00-9999.00-9999.00-9999.00-9999.00-9999.00-9999.00-9999.00-9999.00-9999.00-9999.00-9999.00-9999.00-9999.00-9999.00-9999.00-9999.00-9999.00-9999.00-9999.00-9999.00-9999.00-9999.00-9999.00-9999.00-9999.00-9999.00-9999.00 375.28 375.12 0.00 295.38 375.91 316.31 306.30 375.11 251.09 0.00 375.00 295.38 375.41 295.38 375.00 375.00 377.10 375.00 0.00 251.09 295.38 377.06 295.38 376.16 377.68 377.21 377.21 379.43 256.09 298.68 377.75 0.00 0.00 375.21 375.21 375.58
79.42 108.14 92.56 94.13 94.62 376.20 307.68 80.59 84.00 142.71 84.16 94.58 0.00 78.74 189.67 84.16 90.26 378.98 78.44 148.50 73.57 86.28 135.39 383.71 89.46 381.44 349.97 388.14 202.97 92.25 379.50 95.73 125.04 78.17 377.37 223.08 79.95-9999.00-9999.00-9999.00-9999.00-9999.00-9999.00-9999.00-9999.00-9999.00-9999.00-9999.00-9999.00-9999.00-9999.00-9999.00-9999.00-9999.00-9999.00 -9999.00-9999.00-9999.00-9999.00-9999.00-9999.00-9999.00-9999.00-9999.00-9999.00-9999.00-9999.00-9999.00-9999.00-9999.00-9999.00-9999.00-9999.00-9999.00-9999.00-9999.00-9999.00-9999.00-9999.00-9999.00-9999.00-9999.00-9999.00-9999.00-9999.00-9999.00-9999.00-9999.00-9999.00-9999.00-9999.00-9999.00-9999.00-9999.00-9999.00-9999.00-9999.00-9999.00-9999.00-9999.00-9999.00-9999.00-9999.00-9999.00-9999.00-9999.00-9999.00 375.31 251.09 0.00 377.03 295.38 319.84 324.57 276.10 229.42 0.00 380.90 295.38 0.00 375.86 295.38 0.00 0.00 295.38 295.38 375.31 295.38 375.52 375.20
