蒙特卡罗+CDRMV3/输出数据/2D水深分布/WaterDepthGIS_0146.ASC
ncols         539            
nrows         744            
xllcorner     602630.84259341
yllcorner     3914823.670891 
cellsize      50             
NODATA_value  -9999.00       
[rows 0 to 26 of 32, columns 305 to 365 of 539]
91.96 83.49 85.91 85.08 77.51 138.98 77.86 77.02 140.90 82.52 0.00 80.91 85.32 201.02 126.38 258.95 174.40 78.42-9999.00-9999.00-9999.00-9999.00-9999.00-9999.00-9999.00-9999.00-9999.00-9999.00-9999.00-9999.00 -9999.00-9999.00-9999.00-9999.00-9999.00-9999.00-9999.00-9999.00-9999.00-9999.00-9999.00-9999.00 91.12 78.42 298.67 89.78 150.39 0.00 82.40 366.26 93.96 182.83 106.80-9999.00-9999.00-9999.00-9999.00-9999.00-9999.00-9999.00-9999.00-9999.00-9999.00-9999.00-9999.00-9999.00-9999.00-9999.00-9999.00-9999.00-9999.00-9999.00-9999.00-9999.00-9999.00-9999.00-9999.00-9999.00-9999.00-9999.00-9999.00-9999.00-9999.00-9999.00-9999.00-9999.00-9999.00-9999.00-9999.00-9999.00-9999.00-9999.00-9999.00-9999.00-9999.00-9999.00-9999.00-9999.00-9999.00-9999.00-9999.00-9999.00-9999.00-9999.00-9999.00-9999.00-9999.00-9999.00-9999.00-9999.00-9999.00-9999.00-9999.00-9999.00-9999.00-9999.00-9999.00-9999.00-9999.00-9999.00-9999.00-9999.00-9999.00-9999.00-9999.00-9999.00-9999.00-9999.00-9999.00-9999.00-9999.00-9999.00-9999.00-9999.00-9999.00-9999.00-9999.00-9999.00-9999.00-9999.00 132.48 330.22 193.39 160.24 87.01 85.41 381.05 144.18 245.68 376.78 276.81 134.07 79.36 88.25 79.36 0.00 377.66 178.20 88.10 169.84 378.83 77.41 85.36 80.26-9999.00-9999.00-9999.00-9999.00-9999.00-9999.00-9999.00-9999.00-9999.00-9999.00-9999.00 -9999.00-9999.00-9999.00-9999.00-9999.00-9999.00-9999.00-9999.00-9999.00-9999.00-9999.00-9999.00-9999.00 95.16 122.04 87.42 138.71 129.36 0.00
366.09 347.48 0.00 116.72 191.39 76.85 91.66-9999.00-9999.00-9999.00-9999.00-9999.00-9999.00-9999.00-9999.00-9999.00-9999.00-9999.00-9999.00-9999.00-9999.00-9999.00-9999.00-9999.00-9999.00-9999.00-9999.00-9999.00-9999.00-9999.00-9999.00-9999.00-9999.00-9999.00-9999.00-9999.00-9999.00-9999.00-9999.00-9999.00-9999.00-9999.00-9999.00-9999.00-9999.00-9999.00-9999.00 105.55 380.48 87.23 295.32 109.04-9999.00-9999.00 84.99 81.40 88.53 81.66 80.68 376.10 426.75 82.22 98.58 78.42 216.23 81.66 89.18 79.36 88.10-9999.00-9999.00-9999.00 79.36 172.21 77.57 149.98 78.12 81.15 77.13 383.09 86.75 0.00 0.00 0.00 82.22 78.02 376.31 378.50 149.77 78.79 78.66 92.78 371.65 380.40 142.39 136.13 77.41 77.51 83.15 0.00 81.15 86.71 164.44 80.91 376.40 206.94
152.31 77.41 77.03 85.91 80.26 0.00 129.02 77.51 77.71 378.36 0.00 89.96 97.56 0.00 372.50 89.96 94.87 100.19 84.99 159.16 81.15 85.84 186.92-9999.00-9999.00-9999.00-9999.00-9999.00-9999.00 -9999.00-9999.00-9999.00-9999.00-9999.00-9999.00-9999.00-9999.00-9999.00-9999.00-9999.00 77.91 136.05 87.87 77.80 379.64 379.26 0.00 309.44 117.18 155.62 77.50 84.97 81.78 380.91 132.17 378.66 79.60 378.19 95.58 81.50 174.45-9999.00-9999.00-9999.00-9999.00-9999.00-9999.00-9999.00 89.49 81.40 93.09 83.15 92.78 81.15 84.21-9999.00-9999.00-9999.00-9999.00-9999.00-9999.00 82.52 200.35 99.37 90.72 339.17 376.20 88.25 89.01 219.89
85.84 376.37 80.47 124.05 377.30 88.25 386.32 118.47 88.10 373.13 79.21 170.50 378.77 82.52 0.00 81.66 87.46 101.73 383.91 92.48 86.81 139.35 89.90 377.74 87.34 83.49 0.00 162.82 77.64 96.55 141.86 334.16 78.42 0.00 92.78 88.84 183.53 77.02 94.12 85.98 77.71 375.34 297.54 79.88 281.12 77.64 80.06 79.70 92.48 175.97 80.06 247.05 78.21 122.28 137.86 87.58 79.06 121.16 248.50 91.96 0.00
246.29 78.32 87.23 360.90 339.79 77.23 79.21 78.02 376.67 84.99 80.26 85.98 77.00 381.84 96.10 77.41 370.03 235.65 387.70 88.80 96.94 400.25 77.86 88.69 378.96 79.06 336.96 78.66 77.94 380.11 84.59 86.44 87.58 77.00 157.58 281.68 376.64 376.83 84.99 388.18 381.38 0.00 84.59 93.42 365.66 79.52 160.62 220.48 378.54 337.87 137.59-9999.00-9999.00-9999.00-9999.00-9999.00-9999.00-9999.00-9999.00-9999.00-9999.00 -9999.00-9999.00-9999.00-9999.00-9999.00-9999.00-9999.00-9999.00 375.93 96.90 79.22 91.95 376.27 377.50 81.22 85.47 98.24
376.45 0.00 117.39 86.28 79.52 382.49 97.56 272.21 173.00 86.62 122.58 93.42 203.79 87.96 86.62 85.98 77.23 146.47 197.29 380.27 379.90 381.24 380.60 0.00 0.00 0.00 0.00 98.53 369.84 120.24 0.00 95.53 292.96 86.75 96.52 118.48 345.97 85.41 369.48 83.49-9999.00-9999.00-9999.00-9999.00-9999.00-9999.00-9999.00-9999.00-9999.00 -9999.00-9999.00 87.01 80.95 84.60 95.58 293.16 372.36 79.40 86.52 85.47 380.19 117.41 83.81 130.83 358.01 84.91 84.37 76.60 121.41 0.00 81.78
119.17 77.09 242.49 0.00 375.32 207.88 147.48 77.86 83.84 377.33 77.78 85.55 77.04 165.75 267.20 87.70 86.12 139.32 86.12 138.20 78.92 125.75 77.36 141.96 77.07 142.85 0.00 113.88 161.25 379.49 375.20 369.07 112.86 368.12 105.55 378.12 78.54 100.14 78.02 90.20 379.70 396.44 79.06 96.94-9999.00-9999.00-9999.00-9999.00-9999.00-9999.00 -9999.00-9999.00-9999.00-9999.00-9999.00 89.78 154.78 291.35 388.82 378.72 79.05 143.04 376.32 295.67 86.75 81.78 83.81 379.84 78.03 0.00 77.70
78.66 0.00 123.42 169.62 77.41 87.23 77.17 380.12 120.75 80.06 136.20 77.17 116.47 386.18 97.56 197.49 77.94 86.12 78.12 117.02 377.84 81.40 0.00 0.00 252.68 88.80 378.09 376.89 264.55 122.27 97.08 122.37 105.30 102.94 99.23 88.73 379.43 378.53 351.96 174.70 83.15-9999.00-9999.00-9999.00-9999.00-9999.00-9999.00-9999.00 -9999.00-9999.00-9999.00-9999.00-9999.00-9999.00-9999.00 84.20 129.07 171.73 0.00 120.06 84.40 76.41 154.55 76.46 335.54 0.00 159.27 376.28 203.88 159.58 79.40 190.93 375.39 89.78
139.22 84.59 77.03 141.91 334.21 87.23 0.00 99.44 379.36 377.77 370.34 329.13 201.81 193.76 88.32 364.96 91.67 88.84 77.57 166.63 244.22 82.83-9999.00-9999.00-9999.00-9999.00-9999.00-9999.00-9999.00-9999.00-9999.00 -9999.00-9999.00-9999.00-9999.00-9999.00-9999.00-9999.00-9999.00-9999.00 78.03 142.64 0.00 91.12 84.52 79.60 0.00 118.26 76.45 86.75 86.63 79.05 77.80 396.22 136.73 91.15 77.33 114.83 376.49 125.95 78.03 0.00 118.66 77.70 375.99 162.31 77.10 138.24 77.80 126.04 115.88 0.00 0.00 169.46 77.17 381.65 411.66 387.75
0.00 88.55 352.80 376.11 77.70 78.88 334.02 381.56 120.84 84.20 80.46 133.33 284.95 122.87 0.00 277.25 242.21 76.41 76.76 135.47 81.50 86.63 337.02 117.91 94.59 89.15 88.71 96.45 81.78 213.53 152.75 376.64 88.55 102.45 91.15 99.13 96.45 88.71 79.80 219.42 210.99 376.28 317.89 76.76 0.00 380.60 382.54 380.62 77.00 91.93 86.36 91.93 77.09 135.29 376.90 80.47 0.00 161.78 78.54 79.36 87.23
122.48 382.73 79.05 88.90 141.80 82.40 226.05 377.26 91.66 138.96 80.01 318.96 132.14 76.49 136.54 94.59 0.00 229.89 121.56 78.92 94.53 82.52 86.36 134.69 87.83 78.02 117.70 246.87 0.00 78.79 88.84 90.50 105.41 85.41 379.84 93.09 91.96 88.39 92.78 96.55 375.98 86.81 77.04 176.73 86.05 79.88 141.45 308.08 80.68 193.06 0.00 302.97 238.35 144.97 80.26 143.84 85.78 168.83 84.21 119.53 378.37
135.28 84.59 0.00 90.30 87.83 270.90 82.22 346.77 86.28 89.71 85.36 79.70 79.70 410.58 87.23 78.79 124.97 0.00 344.13 116.78 77.71 85.50 77.09 79.36 191.13 328.63 87.83 86.27 138.64 124.63 380.10 82.52 378.15 238.69 91.25 379.16 378.62 330.36 220.48 203.14 0.00 387.71 383.87 383.03 360.30 367.76 113.83 376.07 380.24 381.00 375.36 375.48 90.03 93.84 99.12 88.01 278.53 125.86 77.78 169.30 88.84
375.81 378.27 235.03 135.82 376.84 144.88 376.20 376.22 379.90 285.92 92.74 367.43 173.11 219.67 379.65 377.23 176.18 142.40 78.02-9999.00-9999.00-9999.00-9999.00-9999.00-9999.00-9999.00-9999.00-9999.00-9999.00-9999.00-9999.00-9999.00 -9999.00-9999.00-9999.00-9999.00-9999.00-9999.00-9999.00-9999.00-9999.00 87.14 85.38 347.43 78.42 380.40 377.49 80.95 379.57 76.42 147.37 80.01 0.00 378.85 0.00 281.32 132.26 79.05 91.59 139.31 171.56 0.00 171.90 77.70 86.88 198.67 383.79 177.60 144.10 78.72 76.40 0.00 376.63 179.69 117.41 83.81 77.60 379.69 377.54 88.53 76.41 382.21
81.78 84.28 85.16 102.02 98.10 86.08 0.00 126.76 83.81 92.57 141.75 83.07 77.10 138.21 177.67 314.38 0.00 85.47 77.70 136.10 0.00 76.71 84.48 76.60 85.16 87.78 81.62 90.14 76.47 77.41 143.72 85.28 78.12 87.23 89.90 91.96 0.00 0.00 0.00 300.42 87.99 84.60 376.05 375.91 145.83 360.48 376.73 90.40 88.53 130.99 378.80 177.74 77.09 81.40 205.47 377.43 361.97 88.80 79.06 375.72 90.72
385.16 159.56 87.83 80.26 207.36 375.81 88.25 376.04 0.00 0.00 234.56 376.59 88.99 110.61 80.17 87.85 134.54 132.77 78.54 92.78 86.27 366.44 87.46 376.55 83.84 79.88 379.56 126.63 89.53-9999.00-9999.00-9999.00-9999.00-9999.00-9999.00-9999.00-9999.00-9999.00-9999.00-9999.00-9999.00-9999.00-9999.00 -9999.00-9999.00-9999.00-9999.00-9999.00-9999.00-9999.00-9999.00-9999.00-9999.00-9999.00-9999.00-9999.00-9999.00-9999.00 94.59 91.15 363.71 105.42 96.90 92.74 312.23 376.87 379.39 0.00 124.47 77.03 76.44 114.85 364.67 85.71 78.88 115.67 190.44 0.00 140.78 85.93 84.40 76.54 169.45 0.00 219.58 76.63 88.71 76.80 0.00
215.78 88.55 85.80 117.63 79.52 299.94 99.77 95.68 97.56 96.94 78.54 383.51 84.59 376.74 279.50 79.88 84.59 79.88 358.81 289.62 123.85 78.92 120.74 377.44 91.93 382.77 370.88 139.03 148.89 82.52 91.67 85.32 77.01 78.66 190.42 389.95 85.41 78.21 77.04 163.41 0.00 0.00 387.50 86.75 84.91 96.30 380.05 162.36 115.97 77.31 77.64 117.16 77.71 374.73 135.92 80.26-9999.00-9999.00-9999.00-9999.00-9999.00-9999.00-9999.00-9999.00-9999.00-9999.00-9999.00-9999.00-9999.00-9999.00-9999.00-9999.00-9999.00-9999.00 -9999.00-9999.00-9999.00-9999.00-9999.00-9999.00-9999.00-9999.00-9999.00-9999.00-9999.00-9999.00-9999.00-9999.00-9999.00-9999.00-9999.00 86.91 87.43 99.79 121.13
377.65 104.26 88.00 0.00 0.00 0.00 106.81 332.42 94.69 171.93 81.94 379.25 376.63 376.41 79.40 122.84 95.58 76.57 326.92 379.04 96.94 205.46 392.27 85.84 93.60 376.64 84.59 87.23 0.00 95.53 381.66 332.57 322.51 142.34 79.70 86.81 87.23 170.80 86.53 249.38 376.31 346.60 126.40 78.21 93.76 162.97 78.12 77.23 134.99 81.15 0.00 86.75 184.50 279.20 104.22 382.62 79.70 86.53 97.36 384.44 379.06
82.40 131.08 377.08 83.81 379.14 378.98 0.00 380.53 90.45 367.57 376.19 86.41 389.54 0.00 84.20 82.40 89.96 149.50 373.59 94.53 390.13 383.82 391.72 385.24 379.96 120.20 85.60 87.58 83.15 381.83 79.88 365.89 77.71 84.89 90.72 259.65 80.68 78.79 134.86 331.18 377.31 112.82 89.96 85.66 78.02 120.24 0.00 0.00 370.08 300.04 354.22 232.02 131.19 77.51 85.17 127.83 89.18 77.05 117.42 93.09-9999.00-9999.00-9999.00-9999.00-9999.00-9999.00-9999.00-9999.00-9999.00-9999.00-9999.00-9999.00-9999.00-9999.00-9999.00-9999.00-9999.00-9999.00-9999.00-9999.00 -9999.00-9999.00-9999.00-9999.00-9999.00-9999.00-9999.00-9999.00-9999.00-9999.00-9999.00-9999.00-9999.00-9999.00-9999.00-9999.00-9999.00-9999.00-9999.00-9999.00
206.45 383.23 378.34 143.03 189.64 375.50 130.15 203.49 0.00 0.00 0.00 378.16 85.41 0.00 88.25 385.07 80.26 376.40 133.34 77.20 134.15 78.32 133.55 379.67 376.82 82.83 380.89 382.51 0.00 372.97 85.84 334.92 88.25 120.42 0.00 78.66 85.41 89.90 90.50 91.25 133.54 0.00 383.44 79.21 89.53 379.83 259.66 134.86 78.79-9999.00-9999.00-9999.00-9999.00-9999.00-9999.00-9999.00-9999.00-9999.00-9999.00-9999.00-9999.00-9999.00-9999.00-9999.00-9999.00-9999.00 -9999.00-9999.00-9999.00-9999.00-9999.00-9999.00-9999.00-9999.00-9999.00-9999.00-9999.00-9999.00-9999.00-9999.00-9999.00-9999.00-9999.00-9999.00-9999.00-9999.00-9999.00-9999.00-9999.00-9999.00-9999.00 94.34 77.33 206.21 366.14 82.73 424.66 126.70 81.22 78.29 134.39 93.23
86.28 78.54 117.05 368.83 142.95 78.79 77.20 134.71 377.31 0.00 375.47 136.44 85.54 89.90 86.81 86.27 93.09 0.00 121.20 78.54 87.70 376.75 221.12 78.54 79.70 199.64 368.65-9999.00-9999.00-9999.00-9999.00-9999.00-9999.00-9999.00-9999.00-9999.00-9999.00-9999.00-9999.00-9999.00-9999.00-9999.00-9999.00-9999.00-9999.00-9999.00 -9999.00-9999.00-9999.00-9999.00-9999.00-9999.00-9999.00-9999.00-9999.00-9999.00-9999.00-9999.00-9999.00-9999.00-9999.00-9999.00-9999.00-9999.00-9999.00-9999.00-9999.00-9999.00 91.12 91.15 173.30 378.22 97.35 79.05 97.35 87.42 87.87 129.24 79.22 0.00 0.00 0.00 315.71 0.00 163.34 116.46 99.36 133.91 92.25 94.34 163.98 94.59 191.26 93.59 262.34 98.68 93.59 85.03 82.40 394.22 377.23
381.13 378.15 365.95 307.25 91.92 370.42 127.54 78.32 87.23 0.00 78.92 89.35 133.37 90.30 126.10 89.01-9999.00-9999.00-9999.00-9999.00-9999.00-9999.00-9999.00-9999.00-9999.00-9999.00-9999.00-9999.00-9999.00-9999.00-9999.00-9999.00-9999.00-9999.00-9999.00-9999.00-9999.00-9999.00 -9999.00-9999.00-9999.00-9999.00-9999.00-9999.00-9999.00-9999.00-9999.00-9999.00-9999.00-9999.00-9999.00-9999.00-9999.00-9999.00-9999.00 81.22 187.04 86.40 79.60 92.89 85.93 78.16 186.14 136.95 141.33 382.57 0.00 0.00 134.72 76.91 77.80 375.53 80.01 140.10 368.55 377.00 0.00 364.38 101.35 366.54 375.81 116.46 381.22 167.35 92.74 98.76 355.83 378.91 364.70 141.80 89.15 84.20 83.07 111.26 104.26 123.16 376.61 0.00 383.09
386.96 0.00 77.05 83.15 145.45 90.50-9999.00-9999.00-9999.00-9999.00-9999.00-9999.00-9999.00-9999.00-9999.00-9999.00-9999.00-9999.00-9999.00-9999.00-9999.00-9999.00-9999.00-9999.00-9999.00-9999.00-9999.00-9999.00-9999.00-9999.00 -9999.00-9999.00-9999.00-9999.00-9999.00-9999.00-9999.00-9999.00-9999.00-9999.00-9999.00-9999.00-9999.00-9999.00-9999.00-9999.00-9999.00-9999.00-9999.00 88.90 91.15 93.63 382.33 186.40 96.67 93.96 80.70 80.70 134.87 367.67 83.81 385.10 77.41 79.22 81.50 120.52 380.14 0.00 0.00 276.38 375.21 396.29 368.65 375.44 267.21 376.65 220.09 122.34 379.28 376.19 357.89 382.08 86.41 97.35 81.50 85.47 97.73 375.17 375.68 376.37 376.67 151.49 148.66 0.00 376.56 371.70 375.86 368.25 190.60 375.83 378.29 387.95 190.60
313.92 404.72 103.28 211.18 148.66 377.73 375.58 267.29 327.64 377.47 0.00 0.00 381.75 375.39 327.67 376.49 377.81 0.00 320.64 380.39 205.17 387.34 276.38 148.91 375.38 210.26 100.89 146.91 93.96 78.88 79.40 88.38 85.50 139.73 78.16 379.59 0.00 105.41 383.13 380.74 381.60 77.86 85.41 86.12 79.06 78.02 117.79 379.41 370.74 77.11 133.10 135.20 178.51 78.42 145.31 90.30 84.59 359.68 123.45 87.46-9999.00-9999.00-9999.00-9999.00-9999.00-9999.00-9999.00-9999.00-9999.00-9999.00-9999.00-9999.00-9999.00-9999.00-9999.00-9999.00-9999.00-9999.00-9999.00-9999.00-9999.00-9999.00 -9999.00-9999.00-9999.00-9999.00-9999.00-9999.00-9999.00-9999.00-9999.00-9999.00-9999.00-9999.00-9999.00-9999.00-9999.00-9999.00-9999.00-9999.00-9999.00-9999.00-9999.00-9999.00-9999.00-9999.00-9999.00-9999.00-9999.00-9999.00-9999.00-9999.00-9999.00
375.38 375.58 240.49 375.17 240.49 0.00 325.73 375.17 376.19 0.00 268.92 103.49 258.45 114.21 128.00 163.56 376.32 123.97 85.50 367.69 364.85 103.49 81.81 90.94 90.16 101.90 128.84 104.18 125.91 141.23 379.61 376.24 376.57 167.27 296.66 283.98 376.15 376.15 376.15 0.00 0.00 0.00 330.46 376.66 317.27 0.00 364.79 273.00 377.12 360.74 193.57 228.36 375.68 146.00 375.42 381.79 375.13 90.80 373.82 380.79 100.64
379.93 384.06 83.56-9999.00-9999.00-9999.00-9999.00-9999.00-9999.00-9999.00-9999.00-9999.00-9999.00-9999.00-9999.00-9999.00-9999.00-9999.00-9999.00-9999.00-9999.00-9999.00-9999.00-9999.00-9999.00-9999.00 -9999.00-9999.00-9999.00-9999.00-9999.00-9999.00-9999.00-9999.00-9999.00-9999.00-9999.00-9999.00-9999.00-9999.00-9999.00-9999.00-9999.00-9999.00-9999.00-9999.00-9999.00-9999.00-9999.00-9999.00-9999.00-9999.00-9999.00-9999.00-9999.00-9999.00-9999.00-9999.00-9999.00-9999.00-9999.00-9999.00 145.30 377.17 375.20 375.92 377.45 375.95 375.99 377.64 377.66 377.97 296.66 296.66 0.00 0.00 317.28 375.00 384.38 375.92 299.95 299.95 375.01 377.45 299.96 376.35 299.96 0.00 357.83 94.80 94.96 88.67 92.41 99.08 102.98 83.87 197.63 224.11 121.80 85.09 388.11 85.09 111.39 115.62 88.40 96.91 375.85 123.83 98.65 0.00 384.97 290.09 376.06 87.54 383.84 183.36 0.00 376.66 376.42
375.21 233.06 0.00 382.57 375.22 235.39 375.37 375.33 324.11 167.27 372.17 312.95 372.43 134.05 93.83 88.24 89.18 87.23 78.43 86.92 105.32 101.78 87.35 376.22 90.80 380.15 85.94 92.72 103.68 90.30 79.26 129.57 100.20 378.41 82.07 78.75 81.08 380.04 78.43 122.35 101.73 374.13 107.08-9999.00-9999.00-9999.00-9999.00-9999.00-9999.00-9999.00-9999.00-9999.00-9999.00-9999.00-9999.00-9999.00-9999.00-9999.00-9999.00-9999.00-9999.00-9999.00-9999.00 -9999.00-9999.00-9999.00-9999.00-9999.00-9999.00-9999.00-9999.00-9999.00-9999.00-9999.00-9999.00-9999.00-9999.00-9999.00-9999.00-9999.00-9999.00-9999.00-9999.00-9999.00-9999.00-9999.00-9999.00-9999.00-9999.00-9999.00-9999.00-9999.00-9999.00-9999.00-9999.00-9999.00-9999.00-9999.00-9999.00-9999.00-9999.00-9999.00-9999.00-9999.00-9999.00-9999.00-9999.00-9999.00-9999.00-9999.00 375.62 296.67 0.00 375.27 273.00 375.35 317.28 380.02 0.00 375.01 296.67 375.52 353.17 273.00 375.01 375.00 379.01
296.67 296.66 0.00 296.67 0.00 0.00 296.66 375.13 377.99 375.43 375.25 252.19 324.88 201.38 376.51 375.53 195.46 141.23 209.60 190.51 102.54 398.52 366.99 335.91 88.39 85.94 0.00 85.50 94.34 81.31 99.12 132.99 382.10 85.94 200.97 216.49 90.16 375.58 388.97 384.56 196.18 92.20 92.20 97.97 99.12 381.72 83.09 355.16 409.44 375.32 143.34 91.75-9999.00-9999.00-9999.00-9999.00-9999.00-9999.00-9999.00-9999.00-9999.00-9999.00-9999.00-9999.00-9999.00-9999.00-9999.00-9999.00-9999.00-9999.00 -9999.00-9999.00-9999.00-9999.00-9999.00-9999.00-9999.00-9999.00-9999.00-9999.00-9999.00-9999.00-9999.00-9999.00-9999.00-9999.00-9999.00-9999.00-9999.00-9999.00-9999.00-9999.00-9999.00-9999.00-9999.00-9999.00-9999.00-9999.00-9999.00-9999.00-9999.00-9999.00-9999.00-9999.00-9999.00-9999.00-9999.00-9999.00-9999.00-9999.00-9999.00-9999.00-9999.00-9999.00-9999.00-9999.00-9999.00-9999.00-9999.00-9999.00-9999.00-9999.00-9999.00 375.59 0.00 296.66 375.72 228.30 368.82 278.19 317.28
