蒙特卡罗+CDRMV3/输出数据/2D水深分布/WaterDepthGIS_0135.ASC
ncols         539            
nrows         744            
xllcorner     602630.84259341
yllcorner     3914823.670891 
cellsize      50             
NODATA_value  -9999.00       
[rows 0 to 26 of 32, columns 122 to 182 of 539]
89.45 381.59 149.16 84.37 193.82 94.46-9999.00-9999.00-9999.00-9999.00-9999.00-9999.00-9999.00-9999.00-9999.00-9999.00-9999.00-9999.00-9999.00-9999.00 -9999.00-9999.00-9999.00-9999.00-9999.00-9999.00-9999.00-9999.00-9999.00-9999.00-9999.00-9999.00-9999.00-9999.00-9999.00-9999.00-9999.00-9999.00-9999.00-9999.00-9999.00-9999.00-9999.00-9999.00-9999.00-9999.00-9999.00-9999.00-9999.00-9999.00-9999.00-9999.00-9999.00-9999.00-9999.00-9999.00-9999.00-9999.00-9999.00-9999.00-9999.00-9999.00-9999.00-9999.00-9999.00-9999.00-9999.00-9999.00-9999.00-9999.00-9999.00-9999.00-9999.00-9999.00-9999.00-9999.00-9999.00-9999.00-9999.00-9999.00-9999.00-9999.00-9999.00-9999.00-9999.00-9999.00-9999.00-9999.00-9999.00-9999.00-9999.00-9999.00-9999.00-9999.00-9999.00-9999.00-9999.00-9999.00-9999.00-9999.00-9999.00-9999.00-9999.00-9999.00-9999.00-9999.00-9999.00-9999.00-9999.00-9999.00-9999.00-9999.00-9999.00-9999.00-9999.00-9999.00-9999.00-9999.00-9999.00-9999.00-9999.00-9999.00-9999.00-9999.00-9999.00-9999.00-9999.00-9999.00-9999.00-9999.00-9999.00-9999.00-9999.00-9999.00-9999.00-9999.00 83.43 178.31 84.81 139.36 83.24 376.59 391.15 83.25 223.43 0.00 144.60 84.18 375.59 84.18 86.02-9999.00-9999.00-9999.00-9999.00-9999.00-9999.00-9999.00-9999.00-9999.00-9999.00-9999.00-9999.00-9999.00-9999.00 -9999.00-9999.00-9999.00-9999.00-9999.00-9999.00-9999.00-9999.00-9999.00-9999.00-9999.00-9999.00 98.10 88.71 101.16 101.56 89.39 99.06-9999.00-9999.00-9999.00-9999.00-9999.00-9999.00-9999.00-9999.00-9999.00-9999.00-9999.00-9999.00-9999.00-9999.00-9999.00-9999.00-9999.00-9999.00-9999.00-9999.00-9999.00-9999.00-9999.00-9999.00-9999.00-9999.00-9999.00-9999.00-9999.00-9999.00-9999.00-9999.00-9999.00-9999.00-9999.00-9999.00-9999.00-9999.00-9999.00-9999.00-9999.00-9999.00-9999.00-9999.00-9999.00-9999.00-9999.00-9999.00-9999.00-9999.00-9999.00-9999.00-9999.00-9999.00-9999.00-9999.00-9999.00-9999.00-9999.00-9999.00-9999.00-9999.00-9999.00-9999.00-9999.00-9999.00-9999.00-9999.00-9999.00-9999.00-9999.00-9999.00-9999.00-9999.00-9999.00-9999.00-9999.00-9999.00-9999.00-9999.00-9999.00-9999.00-9999.00-9999.00-9999.00-9999.00-9999.00-9999.00-9999.00-9999.00-9999.00-9999.00-9999.00-9999.00-9999.00-9999.00-9999.00 84.01 123.40 178.49 377.29 84.94 341.41 388.28 90.12 91.08 84.18 0.00 87.73 364.73 85.51 91.47 144.68 92.40-9999.00-9999.00-9999.00-9999.00-9999.00-9999.00-9999.00-9999.00-9999.00-9999.00-9999.00-9999.00-9999.00 -9999.00-9999.00-9999.00-9999.00-9999.00-9999.00-9999.00-9999.00-9999.00-9999.00-9999.00 88.71 167.75 218.29 102.27 230.69 331.67 86.71-9999.00-9999.00-9999.00-9999.00-9999.00-9999.00-9999.00-9999.00-9999.00-9999.00-9999.00-9999.00-9999.00-9999.00-9999.00-9999.00-9999.00-9999.00-9999.00-9999.00-9999.00-9999.00-9999.00-9999.00-9999.00-9999.00-9999.00-9999.00-9999.00-9999.00-9999.00-9999.00-9999.00-9999.00-9999.00-9999.00-9999.00-9999.00-9999.00-9999.00-9999.00-9999.00-9999.00-9999.00-9999.00-9999.00-9999.00-9999.00-9999.00-9999.00-9999.00-9999.00-9999.00-9999.00-9999.00-9999.00-9999.00-9999.00-9999.00-9999.00-9999.00-9999.00-9999.00-9999.00-9999.00-9999.00-9999.00-9999.00-9999.00-9999.00-9999.00-9999.00-9999.00-9999.00-9999.00-9999.00-9999.00-9999.00-9999.00-9999.00-9999.00-9999.00-9999.00-9999.00-9999.00-9999.00-9999.00-9999.00-9999.00-9999.00-9999.00-9999.00-9999.00-9999.00-9999.00-9999.00-9999.00 91.59 92.19 95.24 84.69 380.74 388.13 89.14
124.60 93.42 279.39 84.47 91.88 94.59 92.26 84.81 97.08 96.19 84.01 96.93 147.91 88.26 91.63 0.00 200.87 83.93 86.80 288.89 382.18 389.11 385.24 84.81 83.61 255.67 138.98 94.46-9999.00-9999.00 -9999.00-9999.00-9999.00-9999.00-9999.00-9999.00-9999.00-9999.00-9999.00-9999.00-9999.00-9999.00-9999.00-9999.00-9999.00 83.11 140.32 372.66 83.89 82.48 0.00 97.50 100.44 154.67 92.84-9999.00-9999.00-9999.00-9999.00-9999.00-9999.00-9999.00-9999.00-9999.00-9999.00-9999.00-9999.00-9999.00-9999.00-9999.00-9999.00-9999.00-9999.00-9999.00-9999.00-9999.00-9999.00-9999.00-9999.00-9999.00-9999.00-9999.00-9999.00-9999.00-9999.00-9999.00-9999.00-9999.00-9999.00-9999.00-9999.00-9999.00-9999.00-9999.00-9999.00-9999.00 91.23 106.31-9999.00-9999.00-9999.00-9999.00-9999.00-9999.00 94.30 93.43 131.03 93.65 90.85 383.44 87.49 95.07 350.96 219.36-9999.00-9999.00-9999.00-9999.00-9999.00-9999.00-9999.00-9999.00 84.58 127.61 154.01 386.18 314.10 94.44 375.77 95.07 88.26 378.28
84.13 215.51 168.39 377.77 0.00 149.56 131.05 84.13 83.04 403.89 261.19 97.22 209.74 103.84 102.27 109.43-9999.00-9999.00-9999.00-9999.00-9999.00-9999.00-9999.00-9999.00-9999.00-9999.00-9999.00-9999.00-9999.00-9999.00-9999.00-9999.00-9999.00-9999.00-9999.00-9999.00-9999.00-9999.00-9999.00-9999.00-9999.00-9999.00 87.49 111.43 95.61 106.31 89.78 97.08 97.57 225.53 98.68 380.06 92.73 378.97 94.30 92.00 98.11 97.57 85.07 144.88 379.21 97.08 86.20 0.00 0.00 375.57 87.73 87.02 131.23 382.53 87.02 92.73 89.14 94.59 92.73 84.37 178.77 84.81 92.00 83.51 381.82 130.26 92.91 90.48 84.47 85.51 84.69
144.40 217.29 0.00 0.00 321.84 86.39 87.73 92.06 102.53 92.12 87.49 0.00 172.86 0.00 172.86 379.82 215.44 91.63 102.42 437.29 379.15 377.31 92.49 100.89-9999.00-9999.00-9999.00-9999.00-9999.00-9999.00 -9999.00-9999.00-9999.00-9999.00-9999.00-9999.00-9999.00-9999.00-9999.00-9999.00-9999.00-9999.00 252.78 97.26 88.38 86.24 121.43 198.51 372.75 0.00 161.39 83.89 82.68 0.00 381.95 84.13 82.48 279.34 84.41 381.23 93.37 163.66 92.45-9999.00-9999.00-9999.00-9999.00 100.80 101.89 84.01 199.72 381.84 87.25 383.01 86.20 92.49 249.41 96.25 202.89 90.85 374.11 96.84
150.70 149.89 88.07 102.27 343.20 96.69 90.96 382.43 96.51 383.69 167.01 103.36 95.95 88.07 91.10 84.56 392.34 378.71 98.97 386.62 162.11 96.93 111.43 105.15 94.03 89.45 96.62 88.26 375.79 0.00 98.97 384.17 83.56 0.00 85.84 138.69 90.85 97.08 100.08 124.66 84.18 352.70 145.84 85.21 90.12 0.00 83.67 93.65 93.10 88.26 89.45 94.30 348.39 89.14 0.00 132.36 84.27 189.63 93.21 126.30 356.96
96.93 102.86 87.73 162.65 122.24 86.39 88.83 382.79 83.28 0.00 91.23 92.91 83.21 0.00 83.47 98.97 95.98 376.56 91.23 93.42 377.15 84.47 155.17 92.64 84.37 0.00 125.01 84.37 84.69 170.25 0.00 242.77 138.70 322.37 105.15 261.00 142.23 84.81 93.21 193.19 104.69 380.84 360.24 84.81 97.32 85.51 149.13 403.47 383.55 83.73 383.73 143.20 88.54 84.18 378.57 186.65 97.32 373.14 83.86 289.10 96.84
90.96 102.27 98.97 121.68 379.72 85.84 381.37 381.54 0.00 0.00 84.09 140.24 0.00 123.31 83.86 97.57 91.23 383.97 83.56 84.01 166.66 93.53 84.94 84.69 0.00 124.72 84.58 91.26 134.05 0.00 88.83 332.33 86.02 143.65 94.30 99.59 127.70 298.51 110.06 380.19 387.92 353.93 274.45 100.23 368.57 261.28 84.47 101.22 91.47 83.51 0.00 92.05 95.42 139.06 93.01 93.10 94.16 84.58 214.00 86.20 93.21
312.85 341.59 102.45 350.91 96.43 99.28 89.45 92.05 84.81 138.85 152.54 90.85 0.00 89.14 388.93 376.72 369.55 229.40 85.21 84.94 138.48 91.83 92.73 86.39 0.00 83.79 94.75 138.88 0.00 84.01 83.86 128.53 92.64 92.00 96.84 89.78 83.73 128.57 245.88 104.21 0.00 123.50 83.86 93.21 84.58 94.91 92.56 87.02 267.40 122.20 0.00 95.02 95.07 93.31 92.26 88.54 123.45 381.63 123.09 92.73 86.59
84.48 83.20 95.07 263.67 87.49 93.43 179.35 85.07 126.08 376.51 378.29 92.95 0.00 87.25 388.28 381.64 384.83 86.20 86.39 93.10 101.55 193.04 377.38 86.80 92.49 104.69 92.48 92.05 0.00 368.88 145.85 84.01 92.48 279.59 130.20 86.39 100.56 262.69 376.27 0.00 226.81 84.27 103.36 146.30 387.67 376.10 94.59 101.55 83.25 296.34 98.39 89.45 0.00 123.89 90.12 92.40 93.10 91.29 87.02 378.58 0.00
191.93 0.00 0.00 94.44 97.57 102.86 154.67 98.97 174.32 140.44 0.00 95.02 375.33 145.53 137.81 91.77 93.01 92.56 85.07 159.26 379.56 0.00 0.00 152.65 90.12 0.00 94.46 160.35 162.71 85.67 92.06 135.79 90.85 378.50 0.00 115.03 382.94 381.89 130.70 87.25 94.75 93.90 92.40 87.02 86.80 104.27 100.56 215.09 88.54 153.66 102.21-9999.00-9999.00-9999.00-9999.00-9999.00-9999.00-9999.00-9999.00 -9999.00-9999.00-9999.00-9999.00-9999.00-9999.00-9999.00-9999.00-9999.00-9999.00 90.68 124.82 126.86 0.00 380.12 83.27 86.96 92.68 93.66
0.00 375.63 86.47 0.00 395.40 384.74 318.87 0.00 375.76 373.69 285.73 100.28 95.42 92.05 392.72 85.84 87.02 85.07 84.94 98.11 98.97 375.74 152.86 92.95-9999.00-9999.00-9999.00-9999.00-9999.00-9999.00-9999.00-9999.00 -9999.00-9999.00-9999.00-9999.00-9999.00-9999.00-9999.00-9999.00-9999.00-9999.00 94.15 139.16 122.79 0.00 236.08 94.32 107.26 90.20 82.52 93.37 405.60 82.59 91.31 91.64 82.66 0.00 169.57 83.19 101.53 88.71 141.99 82.90 220.10 384.01 263.22 128.44 87.78 83.66 221.92 384.51 96.69 92.34 396.60 84.27 96.19 93.93
0.00 86.96 97.50 90.14 140.67 133.82 85.60 0.00 308.85 315.05 123.69 93.37 96.95 383.42 98.41 141.36 370.12 87.22 94.88 377.68 91.73 82.90 174.93 0.00 93.36 99.74 93.66 90.50 82.33 92.12 95.50 380.56 90.46 336.64 89.99 91.64 82.31 345.02 0.00 192.86 139.14 82.45 90.28 89.39 327.56 86.20 160.40 376.37 376.13 83.47 158.61 0.00 144.06 84.01 93.90 95.60 84.94 154.03 0.00 130.26 92.49
0.00 133.75 85.41 215.37 100.67 82.35 148.47 356.05 381.17 192.93 95.72 87.73 0.00 380.96 88.26 403.93 86.02 124.57 93.93 140.51 0.00 149.20 86.59 84.81 381.84 90.48 89.14 212.11 98.68 377.29 97.84 83.20 389.19 106.63 85.21 95.61 0.00 376.59 361.79 90.85 88.54 377.56 83.24 93.31 85.51 381.25 86.80 346.03 377.24 389.76 96.93 102.56 207.49 384.82 246.27 376.60 266.43 266.43 0.00 375.63 376.65
95.02 86.39 91.63 302.27 0.00 0.00 294.09 376.87 380.88 266.50 0.00 0.00 0.00 120.31 204.25 240.24 0.00 0.00 0.00 88.41 0.00 0.00 384.14 102.86 86.59 371.58 377.63 124.59 84.37 85.67 97.08-9999.00-9999.00-9999.00-9999.00-9999.00-9999.00-9999.00-9999.00-9999.00-9999.00-9999.00-9999.00-9999.00-9999.00 -9999.00-9999.00-9999.00-9999.00-9999.00-9999.00-9999.00-9999.00-9999.00-9999.00 99.77 198.28 256.65 93.81 175.99 173.88 380.35 93.21 93.81 362.19 377.35 0.00 88.38 82.36 82.73 91.05 92.45 92.34 233.63 86.47 129.44 0.00 337.48 0.00 162.97 123.36 121.89 91.10 83.56
0.00 124.14 82.84 102.30 0.00 177.70 121.85 91.82 90.46 87.22 0.00 83.36 214.00 84.56 96.95 176.04 92.68 90.42 83.19 92.01 82.63 0.00 0.00 126.01 82.63 341.97 138.47 91.16 97.50 86.02 374.19 93.50 139.15 376.68 171.19 127.30 83.86 380.07 0.00 380.69 378.18 376.03 93.43 117.20 99.45 99.71 84.69 87.25 357.38 320.57 96.45 384.15 131.58 86.02 85.51 181.52 92.56 128.97 86.39 376.00 241.36
255.06 232.30 0.00 145.94 82.23 85.20 93.31 389.16 379.11 378.22 83.43 94.44 83.28 127.40 93.42 94.44 85.21-9999.00-9999.00-9999.00-9999.00-9999.00-9999.00-9999.00-9999.00-9999.00-9999.00-9999.00-9999.00-9999.00-9999.00-9999.00-9999.00 -9999.00-9999.00-9999.00-9999.00-9999.00-9999.00-9999.00-9999.00-9999.00-9999.00-9999.00-9999.00-9999.00-9999.00-9999.00-9999.00-9999.00 109.53 95.80 89.39 86.71 93.81 84.41 82.43 130.87 0.00 82.73 94.69 84.27 252.22 82.38 183.39 380.97 82.73 394.78 0.00 134.81 85.41 83.36 0.00 90.14 90.85 82.97 177.83 378.64 0.00 389.34 387.88 380.37 357.59 171.02 84.71 90.09 124.05 208.90 377.14 0.00 89.76 91.73 92.33
101.55 379.70 86.02 153.10 93.10 85.07 84.18 383.99 86.59 92.26 85.36 83.18 123.60 0.00 141.62 95.61 98.68 104.69 260.04 88.73 104.36 86.59 98.68 223.93 128.59 84.37 97.08 311.06 203.88 137.81 96.93-9999.00-9999.00-9999.00-9999.00-9999.00-9999.00-9999.00-9999.00-9999.00-9999.00-9999.00-9999.00-9999.00-9999.00-9999.00-9999.00-9999.00-9999.00-9999.00 -9999.00-9999.00-9999.00-9999.00-9999.00-9999.00-9999.00-9999.00-9999.00-9999.00-9999.00-9999.00-9999.00-9999.00-9999.00-9999.00-9999.00 87.49 299.20 155.09 88.38 212.00 374.77 83.56 0.00 149.97 86.47 94.52 97.80 95.95 94.50 84.56 86.47 93.81 98.73 86.02 121.46 167.26 0.00 103.36 380.93 82.55 95.50 86.24 103.02 95.72
191.01 85.67 127.60 172.70 91.59 92.00 84.27 94.30 91.68 84.58 83.25 127.29 220.17 384.87 420.11 384.36 0.00 0.00 93.43 378.08 377.33 377.73 311.07 154.12 123.21 83.67 87.73 159.65 93.65 98.68-9999.00-9999.00-9999.00-9999.00-9999.00-9999.00-9999.00-9999.00-9999.00-9999.00-9999.00-9999.00-9999.00-9999.00-9999.00-9999.00-9999.00-9999.00-9999.00-9999.00-9999.00 -9999.00-9999.00-9999.00-9999.00-9999.00-9999.00-9999.00-9999.00-9999.00-9999.00-9999.00-9999.00-9999.00-9999.00-9999.00-9999.00-9999.00-9999.00-9999.00 100.67 380.53 161.00 96.51 385.18 92.34 98.73 178.31 100.09 373.21 85.04 89.04 228.87 319.75 134.40 123.09 380.26 0.00 188.56 121.01 95.14 86.02 127.61 0.00 334.39 128.84 83.46 82.63 84.56 123.84
377.43 93.90 84.47 375.41 0.00 0.00 0.00 0.00 88.54 86.39 110.94 0.00 0.00 0.00 90.85 84.37 127.90 377.95 83.22 83.24 137.50 302.10 83.51 94.91-9999.00-9999.00-9999.00-9999.00-9999.00-9999.00-9999.00-9999.00-9999.00-9999.00-9999.00-9999.00-9999.00-9999.00-9999.00-9999.00-9999.00 -9999.00-9999.00-9999.00-9999.00-9999.00-9999.00-9999.00-9999.00-9999.00-9999.00-9999.00-9999.00-9999.00-9999.00-9999.00-9999.00-9999.00-9999.00-9999.00-9999.00-9999.00-9999.00-9999.00-9999.00-9999.00 205.81 332.59 379.45 379.01 383.58 398.89 383.76 0.00 0.00 0.00 0.00 0.00 377.71 86.71 87.78 192.93 97.26 0.00 0.00 0.00 0.00 0.00 341.15 121.41 0.00 0.00 382.09 290.04 379.81 384.42 275.49 380.10 98.90 104.93 97.27 99.29
381.95 124.46 84.81-9999.00-9999.00-9999.00-9999.00-9999.00-9999.00-9999.00-9999.00-9999.00-9999.00-9999.00-9999.00-9999.00-9999.00-9999.00-9999.00-9999.00-9999.00 -9999.00-9999.00-9999.00-9999.00-9999.00-9999.00-9999.00-9999.00-9999.00-9999.00-9999.00-9999.00-9999.00-9999.00-9999.00-9999.00-9999.00-9999.00-9999.00-9999.00-9999.00-9999.00-9999.00-9999.00 117.96 94.32 92.22 84.87 386.15 89.39 92.12 90.31 91.55 135.10 121.35 129.81 100.44 89.39 86.71 89.39 0.00 382.70 376.93 178.70 97.26 103.42 98.06 317.76 380.10 387.65 235.70 92.84 314.83 97.26 378.84 185.92 0.00 306.80 110.85 289.91 238.94 90.54 91.40 87.78 339.09 92.84 390.57 380.12 90.96 98.06 266.57 380.52 385.19 92.84 102.27 88.07 323.99 0.00 0.00 0.00 0.00
0.00 90.54 91.82 84.41 126.50 371.49 0.00 384.26 107.22 186.38 83.87 122.03 104.67 377.62 155.57 97.50 86.71 100.67 341.92 107.22 431.59 324.69 129.06 104.37 86.47 342.16 380.79 0.00 0.00 125.65 104.57 92.84 92.84 99.06 120.34 135.86 376.24 246.86 93.93 127.56 87.22 137.84 345.43 383.24 384.10 249.82 0.00 249.82 376.66 256.58 270.58 371.83 398.14 376.64 250.17 390.79 230.82 98.90 93.93 0.00 376.90
381.84 0.00 380.19 399.03 309.40 380.01 376.38 126.32 190.24 131.07 91.86 375.66 93.93 359.29 261.91 100.39 140.05 414.43 180.24 356.03 112.43 95.14 406.87 438.67 0.00 0.00 375.46 344.45 389.12 116.39 101.89 304.32 92.84 276.41 87.78 87.49 380.47 243.03 361.11 152.44 0.00 388.94 0.00 376.67 381.85 383.30 302.16 377.20 0.00 226.10 379.33 263.29 94.08 131.93 109.96 84.87 86.39 100.89 99.28 103.53 97.32
0.00 378.14 0.00 307.45 376.65 377.04 386.08 333.13 333.42 382.21 0.00 380.24 0.00 375.96 392.67 108.11 127.10 376.73 103.18 347.77 100.67 86.74 376.29 139.12 90.14 84.94 124.23 375.71 294.64 0.00 376.94 311.88 112.18 157.69 93.01 124.09 161.06 387.44 122.78 376.25 373.35 167.51 143.24 85.84 265.66 303.80 352.02 84.01 160.41 378.68 84.69 179.60-9999.00-9999.00-9999.00-9999.00-9999.00-9999.00-9999.00-9999.00-9999.00-9999.00-9999.00-9999.00-9999.00-9999.00-9999.00-9999.00-9999.00-9999.00-9999.00-9999.00-9999.00-9999.00 -9999.00-9999.00-9999.00-9999.00-9999.00-9999.00-9999.00-9999.00-9999.00-9999.00-9999.00-9999.00-9999.00-9999.00-9999.00-9999.00-9999.00-9999.00-9999.00-9999.00-9999.00-9999.00-9999.00-9999.00-9999.00-9999.00-9999.00-9999.00 98.90 142.87 105.95 102.27 97.26 85.41 381.94 95.14
379.82 376.29 140.74 361.07 0.00 182.42 118.52 259.52 318.98 331.60 381.24 384.12 277.48 109.43 97.26 378.78 335.31 276.52 377.46 381.79 386.33 0.00 0.00 0.00 0.00 0.00 377.36 200.16 298.22 132.21 200.16 336.45 0.00 298.22 376.48 0.00 380.12 375.22 298.22 379.26 298.22 0.00 0.00 0.00 0.00 0.00 0.00 0.00 379.81 179.34 105.35 100.41 377.29 398.19 379.98 90.67 113.06 375.45 123.32 84.37 87.37
381.66 91.63 103.36 388.72 96.31-9999.00-9999.00-9999.00-9999.00-9999.00-9999.00-9999.00-9999.00-9999.00-9999.00-9999.00-9999.00-9999.00-9999.00-9999.00-9999.00-9999.00-9999.00-9999.00-9999.00-9999.00 -9999.00-9999.00-9999.00-9999.00-9999.00-9999.00-9999.00-9999.00-9999.00-9999.00-9999.00-9999.00-9999.00-9999.00-9999.00-9999.00-9999.00-9999.00-9999.00-9999.00-9999.00-9999.00-9999.00-9999.00-9999.00-9999.00-9999.00-9999.00-9999.00-9999.00-9999.00-9999.00-9999.00 369.80 378.56 382.01 194.00 393.78 390.40 377.68 379.41 275.48 298.22 298.22 298.22 275.48 275.48 0.00 375.23 375.17 381.54 375.57 380.89 385.71 382.04 379.22 381.92 399.29 94.65 92.20 383.76 389.71 256.66 405.49 391.83 400.13 375.75 114.14 121.06 108.93 94.65 377.20 377.68 375.78 376.74 273.39 103.30 102.32 377.93 99.21 376.26 386.06 0.00 376.09 375.21 309.83 93.00 124.64
298.22 298.22 408.95 298.22 375.63 232.57 0.00 377.04 280.71 384.41 248.33 380.00 380.79 179.34 371.99 337.36 401.33 395.70 382.54 261.78 280.71 383.55 378.23 377.57 0.00 384.38 378.83 378.43 0.00 0.00 0.00 0.00 0.00 375.79 348.12 280.18 375.06 142.63 91.36 156.51 0.00 251.06 124.07 92.20 255.51 83.77 102.07 106.94 99.52 256.72 90.60 385.04 375.80 87.37 90.60 106.94 102.86 165.69 86.34 95.62 102.07
384.41 89.36 95.45 380.55 89.90-9999.00-9999.00-9999.00-9999.00-9999.00-9999.00-9999.00-9999.00-9999.00-9999.00-9999.00-9999.00-9999.00-9999.00-9999.00-9999.00-9999.00-9999.00 -9999.00-9999.00-9999.00-9999.00-9999.00-9999.00-9999.00-9999.00-9999.00-9999.00-9999.00-9999.00-9999.00-9999.00-9999.00-9999.00-9999.00-9999.00-9999.00-9999.00-9999.00-9999.00-9999.00-9999.00-9999.00-9999.00-9999.00-9999.00-9999.00-9999.00-9999.00-9999.00-9999.00-9999.00-9999.00-9999.00-9999.00-9999.00-9999.00-9999.00-9999.00-9999.00-9999.00-9999.00-9999.00-9999.00-9999.00-9999.00-9999.00-9999.00-9999.00 298.22 0.00 256.66 298.22 376.51 381.91 0.00 0.00 0.00 380.42 237.43 323.98 377.64 0.00 321.16 375.68 0.00 298.22 298.22 0.00 375.18 375.06 298.22 378.76 377.61 298.22 298.22 0.00 375.07 298.22 379.43 0.00 232.57 275.48 320.33 232.62 375.71 375.50 375.50 204.92 89.88 219.51 114.13 400.22 382.01 381.11 383.27 84.00 93.37 94.35 107.53 89.25 388.18 187.55 95.82
