蒙特卡罗+CDRMV3/输出数据/2D水深分布/WaterDepthGIS_0154.ASC
ncols         539            
nrows         744            
xllcorner     602630.84259341
yllcorner     3914823.670891 
cellsize      50             
NODATA_value  -9999.00       
[rows 0 to 26 of 32, columns 244 to 304 of 539]
0.00 79.51 82.20 88.55 76.71 76.18 78.60-9999.00-9999.00-9999.00-9999.00-9999.00-9999.00-9999.00-9999.00-9999.00-9999.00-9999.00-9999.00-9999.00 -9999.00-9999.00-9999.00-9999.00-9999.00-9999.00-9999.00-9999.00-9999.00 94.57 87.51 375.47 337.08 82.30 381.55 432.84 80.96 87.47 338.69 145.34 85.29-9999.00-9999.00-9999.00-9999.00-9999.00-9999.00-9999.00-9999.00-9999.00-9999.00-9999.00-9999.00-9999.00-9999.00-9999.00-9999.00-9999.00-9999.00-9999.00-9999.00-9999.00-9999.00-9999.00-9999.00-9999.00-9999.00-9999.00-9999.00-9999.00-9999.00-9999.00-9999.00-9999.00-9999.00-9999.00-9999.00-9999.00-9999.00-9999.00-9999.00-9999.00-9999.00-9999.00-9999.00-9999.00-9999.00-9999.00-9999.00-9999.00-9999.00-9999.00-9999.00-9999.00-9999.00-9999.00-9999.00-9999.00-9999.00-9999.00-9999.00-9999.00-9999.00-9999.00-9999.00-9999.00-9999.00-9999.00-9999.00-9999.00-9999.00-9999.00-9999.00-9999.00-9999.00-9999.00-9999.00-9999.00-9999.00-9999.00-9999.00-9999.00-9999.00-9999.00-9999.00-9999.00-9999.00-9999.00-9999.00-9999.00-9999.00 75.08 82.34 91.01 76.35 181.62 75.08 74.77 301.20 85.27 75.31 83.62 73.67 111.67 377.16 0.00 167.34 73.66 74.68 76.71 115.83 139.15 83.73-9999.00-9999.00-9999.00-9999.00-9999.00-9999.00-9999.00-9999.00-9999.00-9999.00-9999.00-9999.00 -9999.00-9999.00-9999.00-9999.00-9999.00-9999.00-9999.00-9999.00-9999.00 89.01 376.22 97.39 122.35 376.01 97.39 379.02 0.00 78.76 376.04 216.12 86.09 75.66-9999.00-9999.00-9999.00-9999.00-9999.00-9999.00-9999.00-9999.00-9999.00-9999.00-9999.00-9999.00-9999.00-9999.00-9999.00-9999.00-9999.00-9999.00-9999.00-9999.00-9999.00-9999.00-9999.00-9999.00-9999.00-9999.00-9999.00-9999.00-9999.00-9999.00-9999.00-9999.00-9999.00-9999.00-9999.00-9999.00-9999.00-9999.00-9999.00-9999.00-9999.00-9999.00-9999.00-9999.00-9999.00-9999.00-9999.00-9999.00-9999.00-9999.00-9999.00-9999.00-9999.00-9999.00-9999.00-9999.00-9999.00-9999.00-9999.00-9999.00-9999.00-9999.00-9999.00-9999.00-9999.00-9999.00-9999.00-9999.00-9999.00-9999.00-9999.00-9999.00-9999.00-9999.00-9999.00-9999.00-9999.00-9999.00-9999.00-9999.00-9999.00-9999.00-9999.00-9999.00-9999.00-9999.00-9999.00-9999.00 77.80 170.38 112.83 83.09 108.36
377.09 393.24 308.50 79.51 89.08-9999.00-9999.00-9999.00-9999.00-9999.00-9999.00-9999.00 77.80 83.19 75.86 82.41 81.76 378.69 157.29 378.32 76.53 136.72 377.36 87.81 92.22 374.44 88.81 381.33 74.00 78.06 365.74 75.19 73.74 74.43 73.87 74.43 285.82 0.00 376.16 136.29 74.87 113.94 74.05 355.46 144.77 197.51 77.34 82.72 115.48 375.92 369.20 376.56 0.00 76.53 84.67 0.00 98.04 95.51 80.94 78.60 87.81 364.09 87.65-9999.00-9999.00-9999.00 -9999.00-9999.00-9999.00-9999.00-9999.00-9999.00-9999.00-9999.00-9999.00-9999.00-9999.00-9999.00-9999.00-9999.00 82.26 81.15 121.76 86.17
83.62 179.88 75.86 158.78 83.13 359.94 78.88 187.27 382.14 75.71 382.06 76.18 380.05 169.15 74.29 90.65 84.65 75.19 75.19 382.38 90.31 80.19 0.00 121.78 84.67 85.61 76.53 85.44 74.36 380.21 74.87 144.91 82.08 90.65 82.90 83.39 77.80 73.80 378.18 114.32 75.08 82.20 84.95 115.73 131.84 81.37 73.80 288.91 75.86 75.44 74.51 0.00 360.73 81.34 121.39 115.93 116.85 75.57 171.20 113.77 117.89
0.00 0.00 0.00 0.00 142.93 140.98 74.05 84.51 94.07 75.86 86.53 73.91 377.63 0.00 376.60 0.00 93.83 91.65 183.63 107.79 92.43 377.76 75.86 233.33 338.92 85.80-9999.00-9999.00-9999.00-9999.00-9999.00-9999.00 -9999.00-9999.00-9999.00-9999.00-9999.00-9999.00-9999.00-9999.00-9999.00-9999.00-9999.00-9999.00 94.57 95.07 78.76 86.09 84.26 73.62 113.91 0.00 73.06 73.76 73.34 0.00 73.01 74.10 319.11 82.89 75.33 382.14 377.29 187.83 74.89-9999.00-9999.00-9999.00 78.76 81.83 277.27 86.52 78.15 146.01 387.78 94.96 87.36 137.68 108.36 377.21 377.19
82.26 76.63 84.58 82.89 75.03 81.74 94.57 82.78 92.85 380.39 79.43 315.03 380.34 82.78 379.02 77.60 156.54 74.10 378.56 74.10 316.30 116.89 0.00 378.53 78.88 94.55 152.60 96.05 140.93 117.49 271.56 89.37 73.91 285.48 0.00 75.31 92.22 120.90 0.00 379.53 112.61 76.91 75.19 376.05 77.56 80.94 113.16 377.42 378.98 91.65 0.00 74.11 88.55 84.51 141.98 123.03 74.00 116.79 0.00 370.21 267.09
86.30 82.78 81.38 372.89 295.80 77.87 80.16 157.03 80.55 0.00 367.27 132.77 75.44 87.58 128.93 73.70 375.63 370.26 74.11 75.31 379.21 0.00 74.00 73.62 365.65 0.00 111.76 85.22 85.11 144.49 84.51 73.84 377.55 116.90 75.57 200.83 126.72 0.00 112.71 76.91 74.29 113.18 0.00 74.59 85.44 87.81 297.80 75.44 86.73 76.18 78.88 134.96 206.25 384.96 194.96 158.87 80.19 86.73 83.29 81.34 83.62
77.34 83.01 78.15 83.52 135.53 314.87 83.80 79.08 0.00 111.36 130.29 76.63 78.15 383.10 76.42 88.55 74.68 116.89 381.58 143.21 127.02 74.22 183.28 0.00 0.00 118.21 73.66 74.00 73.80 142.85 378.53 74.43 73.84 111.68 361.78 376.14 80.56 0.00 73.75 86.14 74.22 0.00 257.31 73.96 75.31 375.06 136.78 75.44 79.84 142.52 234.66 378.60 198.18 0.00 384.91 378.56 377.90 382.95 131.58 85.80 76.18
375.59 378.38 74.20 83.95 74.40 0.00 86.17 75.18 381.50 381.88 194.46 74.64 84.58 96.06 78.15 73.50 157.66 76.18 117.17 84.65 88.05 81.34 112.93 0.00 381.43 74.59 85.96 134.20 85.44 83.09 82.34 74.43 112.00 152.23 184.00 0.00 74.00 79.19 0.00 176.66 112.46 75.57 77.56 87.01 89.08 86.93 132.49 73.84 115.93 180.92 371.95 0.00 73.87 116.25 83.09 83.50 82.72 85.22 170.24 84.80 81.33
80.76 80.96 76.91 379.01 379.48 0.00 376.89 369.72 379.43 375.51 74.36 81.34 329.88 73.91 258.49 75.44 180.24 76.35 0.00 349.07 74.97 165.89 83.85 378.00 74.36 87.58 75.86 139.28 330.38 377.38 75.19 117.16 83.50 76.35 117.35 0.00 74.51 78.06 181.44 73.87 89.67 375.81 118.81 76.01 253.98 94.96 0.00 112.37 74.05 86.14 74.11 119.47 0.00 124.93 88.05 73.80 76.18 244.72 0.00 87.65 84.24
86.33 117.50 74.51 125.66 185.74 91.01 76.35 117.69 0.00 126.23 115.47 84.95 85.96 162.75 127.17 0.00 305.29 116.81 78.06 212.41 82.27 83.39 73.96 204.15 377.32 379.77 155.87 76.91 139.96 0.00 0.00 0.00 332.64 244.16 75.08 152.59 74.16 131.33 376.46 0.00 390.61 386.64 136.52 81.09 215.09 115.42 74.05 82.81 82.64 121.15 360.52 217.48 75.44 343.75 355.78 375.21 75.86-9999.00-9999.00-9999.00-9999.00-9999.00-9999.00-9999.00-9999.00 -9999.00-9999.00-9999.00-9999.00-9999.00-9999.00-9999.00-9999.00-9999.00-9999.00 84.75 88.00 72.97
375.50 378.33 384.85 104.40 89.37 85.22 382.96 0.00 102.26 0.00 375.43 205.53 380.80 173.16 0.00 0.00 304.77 77.80 77.34 0.00 122.61 74.22 82.56 93.12 76.35 89.98 84.24 77.56 87.14-9999.00-9999.00-9999.00-9999.00-9999.00-9999.00-9999.00-9999.00-9999.00 -9999.00-9999.00-9999.00-9999.00-9999.00-9999.00-9999.00-9999.00-9999.00-9999.00 73.21 150.13 0.00 300.49 73.04 181.12 77.87 74.52 361.48 0.00 129.81 74.01 73.44 146.98 180.75 0.00 372.25 228.68 149.29 127.90 80.55 76.21 380.69 123.83 78.15 92.16 98.63 79.78 73.62 375.74 74.89
0.00 73.04 81.27 78.15 0.00 74.64 84.58 76.86 74.10 73.84 148.31 0.00 0.00 73.62 245.06 75.33 89.47 79.08 384.88 375.52 378.36 74.64 73.69 76.63 380.09 73.09 81.98 74.30 0.00 112.20 76.42 88.00 80.91 183.96 86.09 83.95 377.25 73.76 377.73 73.10 144.79 205.69 79.08 0.00 73.56 85.88 84.26 74.52 141.38 87.23 183.54 74.51 124.07 406.94 75.31 0.00 379.23 174.98 120.93 84.14 75.70
73.92 110.25 0.00 121.10 73.76 85.68 91.30 73.06 76.63 240.93 378.57 73.92 297.74 0.00 82.65 339.83 87.81 378.08 87.59 86.28 372.16 181.46 0.00 76.35 83.29 74.29 381.66 82.20 283.45 78.06 81.76 377.11 75.19 73.72 0.00 117.24 263.81 0.00 361.34 79.51 80.19 79.19 372.46 79.84 82.02 74.97 382.84 81.34 87.81 97.05 106.20 383.72 101.70 98.67 92.70 386.50 234.62 376.22 377.78 369.99 0.00
76.18 357.80 80.19 389.84 85.22 114.87 75.71 76.18 349.59 377.68 0.00 375.55 156.36 0.00 0.00 0.00 77.95 93.11 88.83 0.00 352.06 93.83 0.00 377.90 379.63 74.87 89.37 133.70 77.80 323.93 83.62-9999.00-9999.00-9999.00-9999.00-9999.00-9999.00-9999.00-9999.00-9999.00-9999.00-9999.00-9999.00-9999.00-9999.00 -9999.00-9999.00-9999.00-9999.00-9999.00-9999.00-9999.00-9999.00-9999.00-9999.00-9999.00 81.38 172.65 89.15 77.87 84.37 376.59 74.64 379.48 72.99 143.76 370.13 0.00 146.56 163.96 112.54 81.74 82.26 81.74 73.84 77.34 132.74 0.00 0.00 77.34 73.76 193.47 82.35 73.14 0.00
73.14 161.00 74.89 80.76 76.42 0.00 162.92 103.07 124.50 280.80 73.92 73.14 159.01 74.40 77.87 73.02 0.00 201.68 73.04 84.75 166.21 82.67 87.73 74.89 178.86 82.16 292.01 127.27 376.43 74.10 225.71 87.65 0.00 419.60 390.60 393.19 385.42 383.74 104.08 377.22 359.91 78.60 85.96 76.35 77.34 92.24 85.80 413.18 397.75 379.16 348.84 83.62 376.64 74.22 82.20 73.70 74.97 82.34 82.02 74.00 74.05
127.58 377.36 376.26 117.84 79.84 91.01-9999.00-9999.00-9999.00-9999.00-9999.00-9999.00-9999.00-9999.00-9999.00-9999.00-9999.00-9999.00-9999.00-9999.00-9999.00-9999.00-9999.00-9999.00 -9999.00-9999.00-9999.00-9999.00-9999.00-9999.00-9999.00-9999.00-9999.00-9999.00-9999.00-9999.00-9999.00-9999.00-9999.00-9999.00-9999.00 82.30 383.13 376.08 347.57 76.02 73.56 74.52 76.63 0.00 202.97 79.08 82.89 77.09 81.90 173.92 241.34 73.56 377.35 353.29 0.00 0.00 0.00 122.76 76.42 81.45 76.42 79.08 0.00 151.44 73.69 141.79 117.62 73.34 82.67 77.34 130.26 258.17 376.12 377.72 0.00 357.85 117.24 158.97 83.29 79.78 75.33 181.82 349.38 377.48 375.40 0.00 0.00 377.12 365.64
133.66 376.40 0.00 127.36 86.39 102.91 290.12 85.22 384.27 379.62 380.56 74.77 73.72 81.18 81.80 81.33 81.63 81.45 90.65-9999.00-9999.00-9999.00-9999.00-9999.00-9999.00-9999.00-9999.00-9999.00-9999.00-9999.00-9999.00-9999.00-9999.00-9999.00-9999.00-9999.00-9999.00-9999.00 -9999.00-9999.00-9999.00-9999.00-9999.00-9999.00-9999.00-9999.00-9999.00-9999.00-9999.00-9999.00-9999.00-9999.00-9999.00-9999.00-9999.00-9999.00 86.17 81.38 89.47 91.30 80.96 74.20 0.00 140.44 78.15 78.15 92.16 81.27 137.98 165.24 142.09 74.76 75.83 121.02 80.59 72.98 0.00 95.16 213.53 165.96 118.42 79.43 87.59 75.33 125.08 382.55 379.81 77.34 86.30 87.47 73.04 90.15 82.26 118.38 368.65 375.64 0.00
222.80 0.00 379.68 114.14 74.22 82.34 82.90 300.23 131.99 111.61 74.36 84.95 83.85 77.80-9999.00-9999.00-9999.00-9999.00-9999.00-9999.00-9999.00-9999.00-9999.00-9999.00-9999.00-9999.00-9999.00-9999.00-9999.00-9999.00-9999.00-9999.00-9999.00-9999.00-9999.00 -9999.00-9999.00-9999.00-9999.00-9999.00-9999.00-9999.00-9999.00-9999.00-9999.00-9999.00-9999.00-9999.00-9999.00-9999.00-9999.00-9999.00-9999.00-9999.00 81.83 130.85 380.33 413.58 320.79 144.47 89.80 336.36 90.52 345.10 110.60 80.83 74.89 110.29 360.13 379.29 0.00 224.02 74.20 80.63 85.11 76.21 117.08 0.00 121.78 74.40 74.01 194.69 126.16 204.85 144.19 91.72 378.38 74.40 76.02 371.97 140.05 95.16 375.66 123.39 0.00 346.06 74.76 74.40 85.48 101.01
380.51 379.59 357.77 73.80 181.11 78.88-9999.00-9999.00-9999.00-9999.00-9999.00-9999.00-9999.00-9999.00-9999.00-9999.00-9999.00-9999.00-9999.00-9999.00-9999.00-9999.00-9999.00 -9999.00-9999.00-9999.00-9999.00-9999.00-9999.00-9999.00-9999.00-9999.00-9999.00-9999.00-9999.00-9999.00-9999.00-9999.00-9999.00-9999.00-9999.00-9999.00-9999.00-9999.00-9999.00-9999.00-9999.00-9999.00 83.29 268.48 76.02 272.57 77.34 79.43 382.14 122.17 134.82 155.61 73.84 124.90 0.00 0.00 0.00 0.00 0.00 331.53 85.54 73.69 86.82 378.71 0.00 0.00 376.21 294.33 356.84 356.89 269.74 307.74 378.77 299.69 92.85 336.14 112.31 79.50 95.21 84.81 79.43 81.38 376.66 115.69 76.21 183.63 376.00 398.69 80.96 347.71 79.08 78.77 0.00 376.84 169.43 382.27
0.00 0.00 377.79 121.14 138.26 158.42 93.58 307.36 379.89 84.37 378.25 84.94 97.39 96.06 91.30 94.00 0.00 0.00 128.76 0.00 288.46 375.38 88.01 82.81 125.49 92.80 377.26 383.66 92.85 157.60 87.47 79.78 336.39 103.07 76.21 78.15 168.20 142.75 376.43 0.00 169.43 376.97 305.38 215.67 283.77 181.02 346.10 375.96 378.23 193.07 81.76 78.88 351.98 74.36 76.71 83.62 378.45 359.04 74.05 82.48 159.47
97.54 297.57 377.37 380.01 385.23 109.68 267.67 332.71 88.23 104.55 126.19 91.76 344.31 0.00 169.43 375.55 375.99 375.24 77.09 92.85 221.28 87.51 91.72 249.08 88.23 79.08 126.86 320.99 378.08 132.74 0.00 376.39 241.56 375.91 355.46 237.05 357.76 387.34 237.12 384.53 104.07 109.26 86.17 0.00 98.04 76.71 89.67 86.33 84.14 162.76 76.18 92.70 324.37 343.78 74.97 83.73 376.75 82.08 74.97 0.00 0.00
240.63 348.52 98.58 169.92 96.29 376.39 375.43 264.88 206.34 0.00 381.90 77.87 76.42 89.01 378.45 222.30 355.12 147.00 164.15 100.06 380.61 376.16 219.94 201.04 0.00 375.41 215.67 375.14 316.07 0.00 0.00 264.90 0.00 390.93 376.84 209.78 110.56 126.19 75.18 82.65 222.17 79.19 100.80 235.14 382.36 81.76 234.18 0.00 375.59 146.09 80.19 168.32 126.55 375.07 114.52 73.62 136.28 377.57 74.68 87.36 88.81
74.59 143.21 380.70 0.00 79.19 87.14 160.45 81.45 82.41 80.56 115.79 112.41 383.62 356.85 376.81 274.23 252.44 76.01 250.80 124.16 241.99 86.33 114.84 73.96 355.87 77.34-9999.00-9999.00-9999.00-9999.00-9999.00-9999.00-9999.00-9999.00-9999.00-9999.00-9999.00-9999.00-9999.00-9999.00-9999.00-9999.00-9999.00-9999.00-9999.00-9999.00-9999.00-9999.00 -9999.00-9999.00-9999.00-9999.00-9999.00-9999.00-9999.00-9999.00-9999.00-9999.00-9999.00-9999.00-9999.00-9999.00-9999.00-9999.00-9999.00-9999.00-9999.00-9999.00-9999.00-9999.00-9999.00-9999.00-9999.00-9999.00-9999.00-9999.00-9999.00 83.29 81.83 162.39 377.22 371.44 74.64 378.09 379.19 169.43 350.96 375.85 383.29 0.00 326.67 377.95 375.54 114.69 193.53 322.20 0.00 215.67 308.05 114.24 375.60 94.23 90.15 85.57 90.78 93.58 87.23 85.36 87.67 94.23 81.83
375.36 295.52 352.25 251.37 336.14 375.01 0.00 225.15 0.00 321.96 315.00 376.69 315.00 0.00 376.90 365.11 251.37 336.75 375.36 188.97 377.81 381.94 378.17 116.77 128.62 89.90 381.55 93.92 375.42 126.64 85.43 161.30 117.75 73.89 75.88 75.22 82.49 81.37 83.09 76.53 73.84 112.06 111.68 73.77 159.94 84.37 302.89 83.43 89.98 375.17 375.27 99.32-9999.00-9999.00-9999.00-9999.00-9999.00-9999.00-9999.00-9999.00-9999.00-9999.00-9999.00-9999.00-9999.00-9999.00-9999.00-9999.00-9999.00-9999.00-9999.00-9999.00-9999.00 -9999.00-9999.00-9999.00-9999.00-9999.00-9999.00-9999.00-9999.00-9999.00-9999.00-9999.00-9999.00-9999.00-9999.00-9999.00-9999.00-9999.00-9999.00-9999.00-9999.00-9999.00-9999.00-9999.00-9999.00-9999.00-9999.00-9999.00-9999.00-9999.00-9999.00-9999.00 132.74 88.23 89.01 234.15 375.93 380.83 245.80 369.14
382.80 256.38 298.82 386.19 398.15 375.14 104.09 263.99 394.74 310.45 108.93 99.45 376.89 380.25 96.31 377.99 381.60 82.58 137.32 122.33 375.36 96.35 375.20 115.70 375.44 0.00 375.59 375.44 378.95 80.22 101.89 192.88 375.94 375.44 105.96 103.91 121.33 89.15 90.31 382.14 402.13 117.45 85.17 76.93 119.35 378.50 74.18 376.21 148.09 101.89 93.61 84.60 385.95 379.08 316.23 75.60 79.81 249.08 378.53 81.28 85.17
83.32 75.88 84.89 99.64 87.01 378.32 81.69 362.69 80.89 121.11 237.92 96.31 78.59 90.38 310.34 356.27 121.88 85.93 132.67 82.26 77.77 366.90 76.72 83.38-9999.00-9999.00-9999.00-9999.00-9999.00-9999.00-9999.00-9999.00-9999.00-9999.00-9999.00-9999.00-9999.00-9999.00-9999.00-9999.00-9999.00-9999.00-9999.00-9999.00 -9999.00-9999.00-9999.00-9999.00-9999.00-9999.00-9999.00-9999.00-9999.00-9999.00-9999.00-9999.00-9999.00-9999.00-9999.00-9999.00-9999.00-9999.00-9999.00-9999.00-9999.00-9999.00-9999.00-9999.00-9999.00-9999.00-9999.00-9999.00-9999.00-9999.00-9999.00-9999.00-9999.00-9999.00-9999.00-9999.00-9999.00-9999.00-9999.00-9999.00-9999.00-9999.00-9999.00-9999.00-9999.00-9999.00 375.28 375.12 0.00 295.52 375.91 316.52 306.60 375.11 251.37 0.00 375.00 295.53 375.41 295.52 375.00 375.00 377.10 375.00 0.00 251.37 295.52 377.07 295.52 376.17 377.70 377.23 377.23 379.48 256.38 298.82 377.75 0.00 0.00 375.21 375.21 375.58
79.84 108.82 93.02 94.61 95.47 376.21 308.44 81.01 84.44 143.51 84.60 95.06 0.00 79.17 191.54 84.60 90.72 378.98 78.87 150.21 73.98 86.72 135.73 383.75 89.90 381.49 351.25 388.18 204.59 92.72 379.56 96.14 125.36 78.55 377.39 224.56 80.33-9999.00-9999.00-9999.00-9999.00-9999.00-9999.00-9999.00-9999.00-9999.00-9999.00-9999.00-9999.00-9999.00-9999.00-9999.00-9999.00-9999.00-9999.00 -9999.00-9999.00-9999.00-9999.00-9999.00-9999.00-9999.00-9999.00-9999.00-9999.00-9999.00-9999.00-9999.00-9999.00-9999.00-9999.00-9999.00-9999.00-9999.00-9999.00-9999.00-9999.00-9999.00-9999.00-9999.00-9999.00-9999.00-9999.00-9999.00-9999.00-9999.00-9999.00-9999.00-9999.00-9999.00-9999.00-9999.00-9999.00-9999.00-9999.00-9999.00-9999.00-9999.00-9999.00-9999.00-9999.00-9999.00-9999.00-9999.00-9999.00-9999.00-9999.00 375.31 251.37 0.00 377.03 295.52 319.90 324.70 276.33 229.83 0.00 380.90 295.52 0.00 375.86 295.52 0.00 0.00 295.52 295.53 375.31 295.52 375.52 375.20
