蒙特卡罗+CDRMV3/输出数据/2D水深分布/WaterDepthGIS_0150.ASC
ncols         539            
nrows         744            
xllcorner     602630.84259341
yllcorner     3914823.670891 
cellsize      50             
NODATA_value  -9999.00       
[rows 0 to 26 of 32, columns 61 to 121 of 539]
75.31-9999.00-9999.00-9999.00-9999.00-9999.00-9999.00-9999.00-9999.00-9999.00-9999.00-9999.00-9999.00-9999.00-9999.00-9999.00-9999.00 -9999.00-9999.00-9999.00-9999.00-9999.00-9999.00-9999.00-9999.00-9999.00-9999.00-9999.00-9999.00-9999.00-9999.00-9999.00-9999.00-9999.00-9999.00-9999.00-9999.00-9999.00-9999.00-9999.00-9999.00-9999.00-9999.00-9999.00-9999.00-9999.00-9999.00-9999.00-9999.00-9999.00-9999.00-9999.00-9999.00-9999.00-9999.00-9999.00-9999.00-9999.00-9999.00-9999.00-9999.00-9999.00-9999.00-9999.00-9999.00-9999.00-9999.00-9999.00-9999.00-9999.00-9999.00-9999.00-9999.00-9999.00-9999.00-9999.00-9999.00-9999.00-9999.00-9999.00-9999.00-9999.00-9999.00-9999.00-9999.00-9999.00-9999.00-9999.00-9999.00-9999.00-9999.00-9999.00-9999.00-9999.00-9999.00-9999.00-9999.00-9999.00-9999.00-9999.00-9999.00-9999.00-9999.00-9999.00-9999.00-9999.00-9999.00-9999.00-9999.00-9999.00-9999.00-9999.00-9999.00-9999.00-9999.00-9999.00-9999.00-9999.00-9999.00-9999.00-9999.00-9999.00-9999.00-9999.00-9999.00-9999.00-9999.00-9999.00-9999.00-9999.00-9999.00-9999.00-9999.00-9999.00-9999.00-9999.00-9999.00 86.16 90.47 75.27 381.88 89.98 380.63 134.17 75.41 75.98 87.41-9999.00-9999.00-9999.00-9999.00-9999.00-9999.00-9999.00-9999.00-9999.00-9999.00-9999.00-9999.00-9999.00-9999.00-9999.00 -9999.00-9999.00-9999.00-9999.00-9999.00-9999.00-9999.00-9999.00-9999.00-9999.00-9999.00-9999.00-9999.00-9999.00-9999.00-9999.00-9999.00-9999.00-9999.00-9999.00-9999.00-9999.00-9999.00-9999.00-9999.00-9999.00-9999.00-9999.00-9999.00-9999.00-9999.00-9999.00-9999.00-9999.00-9999.00-9999.00-9999.00-9999.00-9999.00-9999.00-9999.00-9999.00-9999.00-9999.00-9999.00-9999.00-9999.00-9999.00-9999.00-9999.00-9999.00-9999.00-9999.00-9999.00-9999.00-9999.00-9999.00-9999.00-9999.00-9999.00-9999.00-9999.00-9999.00-9999.00-9999.00-9999.00-9999.00-9999.00-9999.00-9999.00-9999.00-9999.00-9999.00-9999.00-9999.00-9999.00-9999.00-9999.00-9999.00-9999.00-9999.00-9999.00-9999.00-9999.00-9999.00-9999.00-9999.00-9999.00-9999.00-9999.00-9999.00-9999.00-9999.00-9999.00-9999.00-9999.00-9999.00-9999.00-9999.00-9999.00-9999.00-9999.00-9999.00-9999.00-9999.00-9999.00-9999.00-9999.00-9999.00-9999.00-9999.00-9999.00-9999.00-9999.00-9999.00-9999.00-9999.00-9999.00-9999.00 82.85 75.54 87.24 75.68 385.33 379.79 86.91 98.80 79.19 161.28 158.96 97.62-9999.00-9999.00-9999.00-9999.00-9999.00-9999.00-9999.00-9999.00-9999.00-9999.00-9999.00-9999.00-9999.00-9999.00 -9999.00-9999.00-9999.00-9999.00-9999.00-9999.00-9999.00-9999.00-9999.00-9999.00-9999.00-9999.00-9999.00-9999.00-9999.00-9999.00-9999.00-9999.00-9999.00-9999.00-9999.00-9999.00-9999.00-9999.00-9999.00-9999.00-9999.00-9999.00-9999.00-9999.00-9999.00-9999.00-9999.00-9999.00-9999.00-9999.00-9999.00-9999.00-9999.00-9999.00-9999.00-9999.00-9999.00-9999.00-9999.00-9999.00-9999.00-9999.00-9999.00-9999.00-9999.00-9999.00-9999.00-9999.00-9999.00-9999.00-9999.00-9999.00-9999.00-9999.00-9999.00-9999.00-9999.00-9999.00-9999.00-9999.00-9999.00-9999.00-9999.00-9999.00-9999.00-9999.00-9999.00-9999.00-9999.00-9999.00-9999.00-9999.00-9999.00-9999.00-9999.00-9999.00-9999.00-9999.00-9999.00-9999.00-9999.00-9999.00-9999.00-9999.00-9999.00-9999.00-9999.00-9999.00-9999.00-9999.00-9999.00-9999.00-9999.00-9999.00-9999.00-9999.00-9999.00-9999.00-9999.00-9999.00-9999.00-9999.00-9999.00-9999.00-9999.00-9999.00-9999.00-9999.00-9999.00-9999.00-9999.00-9999.00-9999.00 75.14 192.45 76.42 129.38 76.32 0.00 75.54 77.77 379.54 268.15 114.76 93.43-9999.00-9999.00-9999.00-9999.00-9999.00-9999.00-9999.00-9999.00-9999.00-9999.00-9999.00-9999.00-9999.00-9999.00 -9999.00-9999.00-9999.00-9999.00-9999.00-9999.00-9999.00-9999.00-9999.00-9999.00-9999.00-9999.00-9999.00-9999.00-9999.00-9999.00-9999.00-9999.00-9999.00-9999.00-9999.00-9999.00-9999.00-9999.00-9999.00-9999.00-9999.00-9999.00-9999.00-9999.00-9999.00-9999.00-9999.00-9999.00-9999.00-9999.00-9999.00-9999.00-9999.00-9999.00-9999.00-9999.00-9999.00-9999.00-9999.00-9999.00-9999.00-9999.00-9999.00-9999.00-9999.00-9999.00-9999.00-9999.00-9999.00-9999.00-9999.00-9999.00-9999.00-9999.00-9999.00-9999.00-9999.00-9999.00-9999.00-9999.00-9999.00-9999.00-9999.00-9999.00-9999.00-9999.00-9999.00-9999.00-9999.00-9999.00-9999.00-9999.00-9999.00-9999.00-9999.00-9999.00-9999.00-9999.00-9999.00-9999.00-9999.00-9999.00-9999.00-9999.00-9999.00-9999.00-9999.00-9999.00-9999.00-9999.00-9999.00-9999.00-9999.00-9999.00-9999.00-9999.00-9999.00-9999.00-9999.00-9999.00-9999.00-9999.00-9999.00-9999.00-9999.00-9999.00-9999.00-9999.00-9999.00-9999.00-9999.00-9999.00 83.75 75.21 113.42 376.80 94.90 78.96 0.00 75.41 376.34 84.31 84.57 85.51 95.81-9999.00-9999.00-9999.00-9999.00-9999.00-9999.00-9999.00-9999.00-9999.00-9999.00-9999.00-9999.00-9999.00-9999.00 -9999.00-9999.00-9999.00-9999.00-9999.00-9999.00-9999.00-9999.00-9999.00-9999.00-9999.00-9999.00-9999.00-9999.00-9999.00-9999.00-9999.00-9999.00-9999.00-9999.00-9999.00-9999.00-9999.00-9999.00-9999.00-9999.00-9999.00-9999.00-9999.00-9999.00-9999.00-9999.00-9999.00-9999.00-9999.00-9999.00-9999.00-9999.00-9999.00-9999.00-9999.00-9999.00-9999.00-9999.00-9999.00-9999.00-9999.00-9999.00-9999.00-9999.00-9999.00-9999.00-9999.00-9999.00-9999.00-9999.00-9999.00-9999.00-9999.00-9999.00-9999.00-9999.00-9999.00-9999.00-9999.00-9999.00-9999.00-9999.00-9999.00-9999.00-9999.00-9999.00-9999.00-9999.00-9999.00-9999.00-9999.00-9999.00-9999.00-9999.00-9999.00-9999.00-9999.00-9999.00-9999.00-9999.00-9999.00-9999.00-9999.00-9999.00-9999.00-9999.00-9999.00-9999.00-9999.00-9999.00-9999.00-9999.00-9999.00-9999.00-9999.00-9999.00-9999.00-9999.00-9999.00-9999.00-9999.00-9999.00-9999.00-9999.00-9999.00-9999.00-9999.00-9999.00-9999.00-9999.00-9999.00 77.94 83.69 116.57 167.16 79.69 363.55 0.00 0.00
76.64 115.50 259.91 378.20 78.96 76.76 375.72 100.93 0.00 75.98 86.02 93.59 77.60 398.09 377.53 412.11 77.15 379.94 136.37 77.29-9999.00-9999.00-9999.00 -9999.00-9999.00-9999.00-9999.00-9999.00-9999.00-9999.00-9999.00-9999.00-9999.00-9999.00-9999.00-9999.00-9999.00-9999.00 76.87 253.90 85.04 78.58 112.78 0.00 320.51 170.47 77.36-9999.00-9999.00-9999.00-9999.00-9999.00-9999.00-9999.00-9999.00-9999.00-9999.00-9999.00-9999.00-9999.00-9999.00-9999.00-9999.00-9999.00-9999.00-9999.00-9999.00-9999.00-9999.00-9999.00-9999.00-9999.00-9999.00-9999.00-9999.00-9999.00-9999.00-9999.00-9999.00-9999.00-9999.00-9999.00-9999.00-9999.00-9999.00-9999.00-9999.00-9999.00-9999.00-9999.00-9999.00-9999.00-9999.00-9999.00-9999.00-9999.00-9999.00-9999.00-9999.00 80.54 80.54 377.10 378.35 90.76 87.77 89.29 78.96-9999.00-9999.00-9999.00-9999.00-9999.00-9999.00-9999.00-9999.00 75.70 129.89 375.76 294.63 82.23 350.70 122.27 78.96 378.67 283.42 77.29 213.87 117.82 85.89 195.09 273.19 76.76 80.54 75.98 128.71 118.45 116.62 0.00
109.23 88.16 79.69 379.38 145.50 79.96-9999.00 77.94 169.63 75.90 318.63 77.15 83.58 75.49 383.35 79.19 156.47 97.55 90.76 83.81 85.16 75.49 187.34 83.87 0.00 120.92 75.70 76.14 331.22 76.05 0.00 0.00 0.00 79.96 77.29 76.64 0.00 377.20 311.40 0.00 0.00 0.00 0.00 0.00 0.00 0.00 120.66 83.01 88.99 229.39 0.00 377.88 377.12 94.49 142.86 78.52 199.95 88.99 89.22-9999.00-9999.00-9999.00-9999.00-9999.00 -9999.00-9999.00-9999.00-9999.00-9999.00-9999.00-9999.00-9999.00-9999.00-9999.00-9999.00-9999.00 76.58 249.73
203.07 377.67 88.16 88.56 93.43 77.60 379.18 143.98 89.22 86.02 373.37 0.00 139.56 88.64 87.43 76.23 371.61 81.17 377.30 78.13 202.07 0.00 375.71 175.87 75.98 84.66 75.14 75.76 142.68 375.75 0.00 186.30 242.62 139.91 76.05 89.22 84.75 83.87 78.73 75.28 128.94 120.29 81.86 114.87 380.44 77.94 77.01 142.30 87.24 87.96 88.56 151.10 83.87 77.94 84.95 85.16 197.72 78.73 116.41 116.41 117.11
87.96 84.23 114.59 114.05 390.04 77.01 94.46 90.76 84.57 75.28 79.96 0.00 0.00 82.61 162.87 379.71 81.86 372.78 125.62 75.64 84.39 151.27 379.73 75.14 75.54 86.16 76.88 129.07 140.20 349.98 377.30 150.01 85.79 370.58 0.00 98.57 382.79 379.83 85.61 378.53 90.72 97.13-9999.00-9999.00-9999.00-9999.00-9999.00-9999.00-9999.00-9999.00-9999.00-9999.00-9999.00 -9999.00-9999.00-9999.00-9999.00-9999.00-9999.00-9999.00-9999.00-9999.00-9999.00 95.42 376.27 91.66 159.34 369.12 76.32 221.77 75.35 382.94 82.31 0.00 83.14 75.29 74.83 151.51 75.68 75.29 163.79
83.04 147.79 75.31 382.24 0.00 0.00 109.23 91.54 115.87 389.36 382.70 86.77 380.40 378.38 142.21 78.13 89.69-9999.00-9999.00-9999.00-9999.00-9999.00-9999.00-9999.00-9999.00-9999.00 -9999.00-9999.00-9999.00-9999.00 89.26 77.36 321.69 76.32 102.08 376.68 78.58 86.16 85.01 81.18 268.08 375.78 82.31 113.09 141.91 188.30 0.00 77.93 83.92 377.35 302.93 375.38 76.20 88.05 281.49 271.28 84.76 377.22 93.16 88.73 90.79 388.82 122.30 75.35 80.51 100.43 95.42 88.27 79.34 117.04 0.00 74.95 87.41
382.91 0.00 325.17 94.49 105.43 139.42 141.17 379.33 103.61 118.18 111.64 385.61 81.17 87.43 183.95 84.79-9999.00-9999.00-9999.00-9999.00-9999.00-9999.00-9999.00-9999.00 -9999.00-9999.00-9999.00 88.97 92.75 179.09 376.43 387.38 124.55 84.01 127.04 380.06 75.22 76.72 74.61 116.22 380.12 76.08 74.71 0.00 80.84 259.81 118.08 159.36 76.08 79.90 84.42 84.42 86.16 74.74 125.88 378.50 0.00 0.00 0.00 114.57 78.14 90.04 80.51 318.15 75.43 306.15 0.00 281.49 75.77 83.66 88.05
0.00 0.00 375.92 99.60 98.45 235.22 387.98 384.70 387.52 382.29 168.48 85.55 92.13 338.61 75.76 86.31 200.29 143.02 91.06-9999.00-9999.00-9999.00-9999.00-9999.00-9999.00 -9999.00-9999.00-9999.00-9999.00-9999.00-9999.00 142.88 74.91 252.07 0.00 84.54 137.08 75.77 78.58 125.63 179.59 86.33 75.68 0.00 168.22 74.67 170.38 85.85 167.57 170.18 81.18 75.68 378.37 78.14 84.53 74.69 0.00 142.43 75.00 87.22 75.05 376.89 80.84 378.54 75.51 75.43 0.00 151.25 74.80 77.73 271.94 382.46
380.21 379.98 378.45 76.64 83.43 86.16 75.83 189.76 78.73-9999.00-9999.00-9999.00-9999.00-9999.00-9999.00-9999.00 -9999.00-9999.00-9999.00-9999.00-9999.00-9999.00-9999.00-9999.00-9999.00 75.50 309.77 0.00 78.14 84.01 79.61 0.00 96.84 366.57 113.91 76.45 85.01 86.85 86.11 379.79 77.93 82.91 132.73 76.32 117.15 383.22 0.00 75.87 0.00 0.00 114.08 76.72 114.50 82.31 0.00 120.17 83.92 96.37 0.00 75.97 291.93 164.82 76.32 142.39 199.02 381.26 92.60 74.64 249.89 219.14 277.00 384.16 375.94 83.43 78.13 0.00
112.48 190.88 119.75 0.00 83.14 74.69 375.90 77.03 85.56 85.41 135.18 78.36 79.07 324.64 83.92 165.07 86.85 86.11 94.95 101.14 88.73 193.63 93.59 247.63 98.74 91.66 178.68 74.77 138.80 76.58 113.79 140.28 218.20 0.00 75.48 85.06 77.15 352.83 210.76 95.58 96.26 82.85 125.92 75.54 144.99 0.00 78.96 83.63 86.75 107.17 82.61 85.63 80.85 88.77 99.26 76.76 394.29 143.48 200.48 256.53 79.69
276.06 375.72 126.40 74.75 151.37 0.00 115.39 76.05 77.27 374.35 377.22 179.04 83.01 75.21 149.15 177.28 344.85 0.00 355.76 342.44 140.57 87.43 92.04 158.28 377.90 95.81 375.96 91.54 92.40 80.54 87.96 88.02 169.32 75.54 75.76 79.19 75.70 172.78 79.96 0.00 335.25 105.88 379.96 375.42 79.96 83.87 83.39 84.95 88.56 116.15 88.35 83.23 76.64 97.96 87.41 86.45 88.64 235.94 379.16 378.91 384.98
155.60 381.69 75.90 133.96 88.35 80.54 116.02 395.06 0.00 123.05 79.96 317.47 135.34 75.21 84.95 77.77 79.96 75.59 125.09 381.60 130.55 88.35 215.65 86.30 128.56 101.80 364.32 89.94 82.23 365.03 376.65 183.79 267.17 0.00 168.83 376.57 360.84 371.87 90.16 216.05 346.24 151.31 358.77 76.23 75.37 347.25 75.34 84.66 376.98 375.86 75.70 92.04-9999.00-9999.00-9999.00-9999.00-9999.00-9999.00-9999.00-9999.00-9999.00-9999.00 -9999.00-9999.00-9999.00-9999.00-9999.00-9999.00-9999.00-9999.00-9999.00 74.95 116.24 314.62 0.00 112.98 76.32 85.01 116.88
157.66 186.79 383.35 91.96 141.54 74.65 80.48 93.18 93.59 77.44 76.76 86.60 210.00 75.23 88.35 86.91-9999.00-9999.00-9999.00-9999.00-9999.00-9999.00-9999.00-9999.00-9999.00-9999.00-9999.00-9999.00-9999.00 -9999.00-9999.00-9999.00-9999.00-9999.00-9999.00-9999.00-9999.00-9999.00-9999.00 78.14 245.17 378.94 0.00 0.00 0.00 0.00 0.00 0.00 388.82 350.48 75.51 0.00 278.38 137.43 76.58 83.14 92.75 84.01 0.00 92.36 87.62 90.33 83.74 376.68 309.77 159.77 77.36 74.68 145.61 0.00 164.11 77.73 88.73 77.93 378.20 76.20 182.58 381.60 74.64 380.13 75.59 74.66 112.89
0.00 320.94 75.16 83.92 144.03 84.64 122.20 98.25 0.00 385.31 242.77 153.83 77.03 74.91 123.19 137.27 0.00 378.93 76.58 84.53 75.59 0.00 147.52 335.03 76.58 296.91 76.87 124.85 77.15 119.05 77.85 77.15 122.68 221.75 352.23 376.41 379.61 0.00 370.75 375.59 389.04 0.00 0.00 0.00 0.00 0.00 0.00 0.00 375.99 333.19 379.46 78.52 80.24 160.04 88.77 203.94 382.20 79.19 233.96 81.86 372.22
86.91 86.31 378.95 88.64 91.37 88.56 83.43 125.86 380.04 382.37 75.83 78.13 126.41 141.03 357.06 377.83 0.00 315.50 377.34 364.57 178.75 86.28 362.39 81.42 97.55 340.20 77.29 75.23 75.64 378.79 76.64 76.53 376.12 385.33 337.97 75.70 88.99-9999.00-9999.00-9999.00-9999.00-9999.00-9999.00-9999.00-9999.00-9999.00-9999.00-9999.00-9999.00-9999.00-9999.00 -9999.00-9999.00-9999.00-9999.00-9999.00-9999.00-9999.00-9999.00-9999.00-9999.00-9999.00-9999.00-9999.00 94.95 79.61 85.56 144.22 377.62 83.14 89.23 79.07 212.85 76.08 74.63 0.00 77.36 371.84 0.00 399.44 78.14 76.58 75.35 82.37 79.90 95.83 102.08
85.55 83.74 74.94 250.66 378.36 382.85 0.00 74.61 134.47 75.51 83.77 82.28 114.46 376.48 82.87 75.33 76.20 326.66 0.00 75.33 74.65 74.62 120.57 377.17 82.97 86.77 187.06 401.08 116.76 107.16 95.81 79.96 376.32 376.49 122.38 78.32 98.80 89.29 77.60 92.04 78.52 92.04 81.51 392.32 77.77 92.40 357.27 79.96 88.99 148.93 152.91 84.66 76.05 174.21 173.46 76.53 371.61 0.00 77.77 85.89 79.96
78.82 79.07 82.39 82.86 81.92 0.00 0.00 115.83 86.49 144.75 77.03 136.85 78.58 75.87 306.98 77.36 375.86 223.11 87.22 82.48 82.91 82.31 81.18 205.54 0.00 78.91 264.08 375.68 76.32 378.38 105.59 0.00 89.26 193.03 84.34 105.59 75.00 82.72 75.05 86.16 91.98 79.61 310.67 85.16 336.23 89.94 76.14 415.04 329.59 81.51 370.69 215.39 85.28 306.09 78.96 0.00 75.37 76.53 78.52 143.03 76.05
83.50 378.57 180.74 376.63 0.00 74.71 86.16 85.56 83.03 80.84 425.77 75.87 84.31 85.85 89.76 83.59 75.77 349.45 75.77 349.16 85.85 117.24 84.53 84.54 128.85 368.93 378.76 0.00 82.31 363.93 98.74 90.00 133.76 79.07 207.58 373.52 384.83 89.26 96.84 123.69 377.65 85.56 88.05 199.82 78.82 207.69 0.00 0.00 0.00 386.69 193.65 98.97 78.32 88.35 91.06 82.23 86.16 78.32 378.23 354.70 375.47
254.69 382.63 171.27 240.95 167.85 98.74 377.54 378.07 0.00 368.11 375.93 172.87 375.88 243.32 366.20 81.19 238.37 203.58 90.48 124.29 375.48 379.55 78.14 92.75 74.95 272.02 100.43 99.25 140.00 86.11 276.63 0.00 92.60 0.00 243.32 97.99 376.67 378.70 94.20 348.19 326.45 379.07 209.12 94.02 75.64 75.37 75.64 136.45 75.16 89.94 381.58 76.14 83.07 139.64 76.32 81.51 383.67 344.72 75.37 75.37 377.42
87.03 79.07 94.95 262.99 379.79 147.62 80.51 95.42 86.11 107.27 378.87 93.63 77.54 330.21 0.00 383.48 375.54 376.29 375.84 147.52 0.00 245.06 85.33 94.48 139.42 222.66 346.36 154.05 83.01 344.51 375.90 120.26 80.54 80.54 191.16 75.59 84.79 365.71 84.31 77.29 84.79 113.65 137.19 375.90 0.00 380.33 377.84 375.58 295.04 81.17 83.43 76.23 80.85 0.00 113.53 75.15 83.69 89.94 79.19 143.96 356.93
187.50 0.00 378.09 187.50 383.19 285.38 217.88 376.59 251.19 376.52 134.57 376.06 371.22 91.69 89.29 387.86 382.98 394.13 77.44 87.43 372.90 80.24 86.75 116.88 86.45 249.32 86.60 76.76 85.89 77.15 270.15 0.00 384.64 376.29 281.95 76.33 130.37 160.41 77.01 92.04 0.00 381.06 378.88 377.42 379.12 263.46 147.06 121.90 86.31-9999.00-9999.00-9999.00-9999.00-9999.00-9999.00-9999.00-9999.00-9999.00-9999.00-9999.00-9999.00-9999.00-9999.00-9999.00-9999.00-9999.00-9999.00-9999.00-9999.00 -9999.00-9999.00-9999.00-9999.00-9999.00-9999.00-9999.00-9999.00-9999.00-9999.00-9999.00-9999.00-9999.00-9999.00-9999.00-9999.00-9999.00-9999.00-9999.00-9999.00 85.04 190.60 360.19 378.68 382.65 347.15 77.03 89.49 368.51 123.29 80.51
319.82 377.03 375.00 375.22 0.00 253.97 384.20 84.05 85.56 381.69 386.77 378.30 357.63 164.05 78.32 85.79 282.69 85.06 88.02 116.09 381.38 247.80 0.00 378.42 375.98 376.64 263.43 375.86 244.35 358.77 201.57 86.16 89.45 76.14 0.00 378.09 259.77 83.43 230.68 80.24-9999.00-9999.00-9999.00-9999.00-9999.00-9999.00-9999.00-9999.00-9999.00-9999.00-9999.00-9999.00-9999.00-9999.00-9999.00-9999.00-9999.00-9999.00-9999.00-9999.00-9999.00-9999.00-9999.00 -9999.00-9999.00-9999.00-9999.00-9999.00-9999.00-9999.00-9999.00-9999.00-9999.00-9999.00-9999.00-9999.00-9999.00-9999.00-9999.00-9999.00 79.61 163.67 378.71 373.53 81.92 285.24 76.08 202.36 141.19 432.55 100.37 89.76 82.31 131.37 242.22 79.90 0.00 0.00 0.00 0.00
384.66 75.21 82.86 83.87 86.75 84.95 87.59 86.91 288.68 84.75 377.09 143.01 380.66 159.49 142.39-9999.00-9999.00-9999.00-9999.00-9999.00-9999.00-9999.00-9999.00-9999.00-9999.00-9999.00-9999.00-9999.00-9999.00-9999.00-9999.00-9999.00-9999.00-9999.00-9999.00-9999.00-9999.00-9999.00 -9999.00-9999.00-9999.00-9999.00-9999.00-9999.00-9999.00-9999.00-9999.00-9999.00-9999.00-9999.00-9999.00-9999.00-9999.00-9999.00-9999.00-9999.00-9999.00-9999.00-9999.00-9999.00-9999.00-9999.00-9999.00-9999.00 91.28 78.82 314.19 220.64 94.49 86.11 94.49 98.25 85.04 194.24 329.34 376.61 392.77 0.00 0.00 376.30 376.82 134.57 199.91 251.19 365.03 377.47 0.00 380.09 378.87 378.58 376.62 325.94 376.12 96.93 375.54 254.67 86.68 94.71 127.18 376.54 375.65 378.54 108.06 293.22 379.16 283.74 172.87 98.16 375.15
325.34 0.00 375.12 376.97 330.00 376.54 226.73 231.45 252.52 376.06 298.22 274.95 377.50 378.39 0.00 0.00 0.00 363.78 0.00 195.15 387.61 378.81 331.67 137.82 119.45 75.34 115.41 379.24 377.93 134.39 116.41 76.76 99.26 92.78 87.77 85.51 95.36 79.19 77.15 75.54 113.46 375.95 86.31 120.50 77.94-9999.00-9999.00-9999.00-9999.00-9999.00-9999.00-9999.00-9999.00-9999.00-9999.00-9999.00-9999.00-9999.00-9999.00-9999.00-9999.00-9999.00-9999.00-9999.00-9999.00-9999.00 -9999.00-9999.00-9999.00-9999.00-9999.00-9999.00-9999.00-9999.00-9999.00-9999.00-9999.00-9999.00-9999.00-9999.00-9999.00-9999.00-9999.00-9999.00-9999.00-9999.00-9999.00-9999.00-9999.00-9999.00-9999.00-9999.00-9999.00-9999.00-9999.00-9999.00 101.14 97.99 90.79 377.59 93.63 379.77 382.86 383.70 384.93 238.78 305.20 266.11 251.19 375.43 0.00
101.78 86.62 375.89 385.17 375.38 379.71 388.87 381.47 380.88 147.19 77.96 84.89 87.94 88.68 376.22 387.69 383.53 316.15 364.72 98.32 375.22 375.26 375.89 376.34 0.00 375.34 357.20 83.21 97.20 207.48 373.32 377.20 375.33 91.83 284.35 93.82 378.28 85.65 88.03 374.87 375.46 352.05 77.35 76.11 76.27 83.84 87.94 86.28 93.00 377.02 82.72 100.93 379.74 315.07 81.63 377.92 133.46 83.96 104.97 377.74 97.55
386.05 217.13 177.17 199.17 293.88 167.49 0.00 376.30 211.84 378.34 176.92 375.20 195.15 382.01 380.66 326.63 359.28 368.48 145.04 78.71 77.64 76.35 0.00 0.00 221.41 80.68 129.30 89.43 91.93 145.85 353.37 84.89 80.12 84.89 99.77 0.00 99.47 92.63 84.42 95.61 81.63 85.90 124.63 84.42 90.93-9999.00-9999.00-9999.00-9999.00-9999.00-9999.00-9999.00-9999.00-9999.00-9999.00-9999.00-9999.00-9999.00-9999.00-9999.00-9999.00-9999.00-9999.00-9999.00-9999.00-9999.00-9999.00-9999.00 -9999.00-9999.00-9999.00-9999.00-9999.00-9999.00-9999.00-9999.00-9999.00-9999.00-9999.00-9999.00-9999.00-9999.00-9999.00-9999.00-9999.00-9999.00-9999.00-9999.00-9999.00-9999.00-9999.00-9999.00-9999.00-9999.00-9999.00-9999.00-9999.00-9999.00-9999.00-9999.00-9999.00-9999.00-9999.00-9999.00-9999.00-9999.00-9999.00-9999.00-9999.00-9999.00-9999.00 226.73 375.36 272.09 272.09 375.52 0.00 375.41 296.09 320.16 296.09 0.00 252.50 376.26 296.09 375.42
375.49 296.09 299.38 0.00 320.16 375.00 375.00 0.00 296.09 296.09 0.00 375.36 375.05 375.21 296.10 375.60 375.00 316.14 0.00 296.10 376.41 272.09 0.00 0.00 0.00 375.20 375.23 300.70 142.53 170.75 83.65 369.37 0.00 378.90 378.53 86.79 81.60 375.52 318.55 142.05 85.38 85.74 382.02 244.07 79.13 80.99 380.13 304.20 89.92 90.97 100.75 358.91 382.71 85.38 128.28 90.97 84.42 399.22 82.34 376.88 160.04
