蒙特卡罗+CDRMV3/输出数据/2D水深分布/WaterDepthGIS_0141.ASC
ncols         539            
nrows         744            
xllcorner     602630.84259341
yllcorner     3914823.670891 
cellsize      50             
NODATA_value  -9999.00       
[rows 0 to 26 of 32, columns 183 to 243 of 539]
90.74 79.71 262.35 0.00 381.60 377.81 378.84 342.82 286.57 84.36-9999.00-9999.00-9999.00-9999.00-9999.00-9999.00-9999.00-9999.00-9999.00-9999.00-9999.00-9999.00-9999.00 -9999.00-9999.00-9999.00-9999.00-9999.00-9999.00-9999.00-9999.00-9999.00-9999.00-9999.00 88.01 193.69 379.36 91.09 379.89 84.35 90.56 95.40 86.36-9999.00-9999.00-9999.00-9999.00-9999.00-9999.00-9999.00-9999.00-9999.00-9999.00-9999.00-9999.00-9999.00-9999.00-9999.00-9999.00-9999.00-9999.00-9999.00-9999.00-9999.00-9999.00-9999.00-9999.00-9999.00-9999.00-9999.00-9999.00-9999.00-9999.00-9999.00-9999.00-9999.00-9999.00-9999.00-9999.00-9999.00-9999.00-9999.00-9999.00-9999.00-9999.00-9999.00-9999.00-9999.00-9999.00-9999.00-9999.00-9999.00-9999.00-9999.00-9999.00-9999.00-9999.00-9999.00-9999.00-9999.00-9999.00-9999.00-9999.00-9999.00-9999.00-9999.00-9999.00-9999.00-9999.00-9999.00-9999.00-9999.00-9999.00-9999.00-9999.00-9999.00-9999.00-9999.00-9999.00-9999.00-9999.00-9999.00-9999.00-9999.00-9999.00-9999.00-9999.00-9999.00-9999.00-9999.00-9999.00-9999.00-9999.00-9999.00-9999.00-9999.00-9999.00 81.87 127.61 243.93 378.79 380.61 291.76 79.71 89.09 79.63 195.18 91.44 0.00 88.08 215.38 85.85 212.25 86.90 91.65-9999.00-9999.00-9999.00-9999.00-9999.00-9999.00-9999.00-9999.00-9999.00-9999.00-9999.00-9999.00-9999.00 -9999.00-9999.00-9999.00-9999.00-9999.00-9999.00-9999.00-9999.00-9999.00-9999.00 218.37 147.01 83.79 381.62 103.54 378.90 314.28 81.11 149.05 231.09 119.69-9999.00-9999.00-9999.00-9999.00-9999.00-9999.00-9999.00-9999.00-9999.00-9999.00-9999.00-9999.00-9999.00-9999.00-9999.00-9999.00-9999.00-9999.00-9999.00-9999.00-9999.00-9999.00-9999.00-9999.00-9999.00-9999.00-9999.00-9999.00-9999.00-9999.00-9999.00-9999.00-9999.00-9999.00-9999.00-9999.00-9999.00-9999.00-9999.00-9999.00-9999.00-9999.00-9999.00-9999.00-9999.00-9999.00-9999.00-9999.00-9999.00-9999.00-9999.00-9999.00-9999.00-9999.00-9999.00-9999.00-9999.00-9999.00-9999.00-9999.00-9999.00-9999.00-9999.00-9999.00-9999.00-9999.00-9999.00-9999.00-9999.00-9999.00-9999.00-9999.00-9999.00-9999.00-9999.00-9999.00-9999.00-9999.00-9999.00-9999.00-9999.00-9999.00-9999.00-9999.00-9999.00-9999.00-9999.00-9999.00-9999.00-9999.00-9999.00-9999.00-9999.00 80.75 126.99 376.49 82.37 82.75 167.00 89.27 79.63 141.15 241.76 367.46
208.65 377.45 161.05 95.26 379.56 79.96 89.18 119.01 90.47 89.66 90.60 80.01 161.66 0.00 240.45 79.65 162.59 88.85 79.80 131.32 140.52 80.85 79.65 91.17 89.98 88.38 81.72 79.69 0.00 227.12 81.57 85.85 377.33 0.00 272.77 258.11 378.42 373.14 79.80 91.82-9999.00-9999.00-9999.00 -9999.00-9999.00-9999.00-9999.00-9999.00-9999.00-9999.00-9999.00-9999.00-9999.00-9999.00-9999.00-9999.00-9999.00-9999.00 87.84 80.02 287.97 375.51 79.48 0.00 366.54 375.52 141.73 85.29-9999.00-9999.00-9999.00-9999.00-9999.00-9999.00-9999.00-9999.00-9999.00-9999.00-9999.00-9999.00-9999.00-9999.00-9999.00-9999.00-9999.00-9999.00-9999.00-9999.00-9999.00-9999.00-9999.00-9999.00-9999.00-9999.00-9999.00-9999.00-9999.00-9999.00-9999.00-9999.00-9999.00-9999.00-9999.00-9999.00-9999.00-9999.00-9999.00-9999.00 131.45 195.03 96.94 90.37-9999.00-9999.00-9999.00-9999.00 81.87 128.81 375.30 377.54 89.40 381.75
139.19 81.31 82.75 93.18 92.62 0.00 0.00 0.00 0.00 0.00 362.83 138.51 95.53 0.00 0.00 0.00 234.13 123.81 80.19 81.18 0.00 87.28 80.19 83.16 119.02 0.00 82.56 94.40 87.28 0.00 377.01 192.79 131.45 376.44 275.76 122.81 82.56 92.17 103.88-9999.00-9999.00-9999.00-9999.00-9999.00 -9999.00-9999.00-9999.00-9999.00-9999.00-9999.00-9999.00-9999.00-9999.00-9999.00-9999.00-9999.00 79.42 153.67 375.60 79.17 262.33 0.00 84.35 87.34 87.51 90.56 81.78 380.75 131.20 84.06 309.16 214.47 88.94 236.22 194.81-9999.00-9999.00-9999.00-9999.00-9999.00-9999.00-9999.00-9999.00-9999.00-9999.00-9999.00-9999.00-9999.00-9999.00-9999.00-9999.00-9999.00-9999.00-9999.00-9999.00-9999.00-9999.00 82.03 106.55
81.44 227.27 380.93 420.76 82.95 99.57 156.03 82.56 213.80 377.71 91.02 125.35 0.00 130.46 91.48 101.81 347.04 91.82 89.40 353.59 376.06 80.25 129.95 0.00 84.36 90.74 91.99 92.36 165.14 90.60 84.64 0.00 375.96 80.32 169.03 324.34 79.80 100.68 95.53 81.18 140.87 80.56 122.07 377.00 377.23 373.39 211.66 90.74 80.75 81.07 82.20 82.95 93.41 85.53 80.65 125.70 89.66 129.80 0.00 0.00 0.00
239.34 80.85 88.78 80.48 99.20 90.88 87.91 122.96 385.45 83.38 89.01 81.31 89.18 87.67 383.04 375.58 99.57 82.20 82.20 380.82 250.37 88.33 96.23 92.36 84.64 378.44 136.24 88.08 87.53 80.01 144.82 81.57 124.54 385.00 374.73 154.27 223.99 0.00 375.95 340.70 199.47 105.64 394.11 362.91 172.79 88.50-9999.00-9999.00-9999.00-9999.00-9999.00-9999.00-9999.00-9999.00-9999.00-9999.00 -9999.00-9999.00-9999.00-9999.00-9999.00-9999.00-9999.00-9999.00-9999.00 375.91 91.09 254.38 88.94 89.29 85.63 146.42 80.97 137.06 120.53 0.00 81.78 80.33 86.59
359.11 146.12 90.47 92.76 96.23 88.03 161.84 119.61 79.80 164.96 367.58 83.61 376.11 95.53 0.00 376.83 143.60 0.00 376.48 376.11 87.16 86.19 314.05 84.64 88.08 375.56 83.85 94.40-9999.00-9999.00-9999.00-9999.00-9999.00-9999.00-9999.00-9999.00-9999.00 -9999.00-9999.00-9999.00 89.44 361.12 389.76 377.51 81.78 87.92 80.57 405.91 128.80 138.00 89.96 89.96 378.51 81.96 79.24 125.98 167.21 0.00 380.90 378.68 353.80 80.45 85.29 90.24 85.63 380.41 89.96 87.70 377.14 89.54 90.09 381.44
170.65 121.33 89.09 90.74 81.18 79.71 164.07 362.89 376.83 80.19 79.69 119.43 388.47 382.93 0.00 93.96 115.26 124.36 115.26 196.83 127.62 378.40 377.55 358.31 83.16 382.71 408.53 84.36 89.40 241.42-9999.00-9999.00-9999.00-9999.00-9999.00-9999.00-9999.00 -9999.00-9999.00-9999.00-9999.00 197.10 375.97 96.64 88.83 381.37 81.96 381.34 93.02 79.68 121.21 94.90 79.26 132.55 389.75 78.94 0.00 125.55 93.02 376.70 123.22 81.96 336.39 80.45 87.57 85.29 118.95 139.14 0.00 148.23 98.24
117.85 268.36 87.67 386.56 84.64 89.98 82.20 146.98 318.16 80.48 121.66 392.50 0.00 244.77 88.94 289.98 107.48 97.34 119.42 379.10 281.29 261.65 382.50 380.58 386.09 149.09 82.56 98.05 85.22 80.56-9999.00-9999.00-9999.00-9999.00-9999.00-9999.00-9999.00 -9999.00-9999.00-9999.00-9999.00-9999.00-9999.00 98.24 251.08 87.34 80.57 0.00 79.04 88.83 86.95 79.10 378.96 88.33 123.23 0.00 79.31 86.62 79.36 141.00 78.99 87.19 94.00 80.02 135.59 332.81 88.16 118.15 0.00 122.88 84.35 88.94 81.43
290.01 101.88 381.47 112.01 228.35 93.95 106.43 92.85 373.57 81.07 91.65 380.58 291.65 125.61 86.54 89.40-9999.00-9999.00-9999.00-9999.00-9999.00-9999.00-9999.00-9999.00 -9999.00-9999.00-9999.00-9999.00-9999.00-9999.00-9999.00-9999.00-9999.00 88.33 79.84 0.00 81.11 79.31 157.21 0.00 153.58 118.29 192.32 120.78 81.96 79.76 376.33 222.02 91.09 79.10 165.11 183.24 83.27 94.90 378.71 0.00 376.63 243.58 86.86 89.81 80.97 241.27 79.61 0.00 126.90 0.00 99.02 385.15 119.04 88.94 79.54 379.21 376.34 88.46 92.71 89.17 87.57
138.66 387.47 80.69 88.00 82.79 209.88 89.81 79.31 0.00 165.62 138.43 78.94 379.19 258.17 376.08 119.52 83.79 89.81 91.25 125.18 89.41 91.69 97.80 86.75 85.29 92.34 267.73 93.76 379.08 83.27 100.68 93.02 155.38 193.92 228.74 202.58 79.54 87.06 82.75 0.00 79.60 80.85 378.83 375.92 80.01 96.94 88.17 139.07 119.65 325.81 379.42 0.00 291.66 375.48 151.39 97.34 91.48 87.67 90.89 124.00 100.31
101.55 393.27 89.44 97.80 84.65 190.47 88.16 78.91 342.87 376.54 0.00 95.40 90.90 145.08 80.35 264.03 345.02 89.40 83.38 80.07 122.05 143.91 329.92 0.00 80.25 96.23 147.80 93.26 80.85 378.10 391.99 378.05 376.71 283.43 85.22 350.15 88.50 91.33 79.84 89.27 93.89 88.03 79.84 241.06 81.72 0.00 208.11 82.20 83.85 91.02 378.78 235.17 135.37 79.96 89.46 225.90 91.82 89.01 80.40 144.74 253.11
82.37 183.69 143.15 99.94 88.27 79.84 365.48 382.30 121.53 89.87 81.44 128.15 379.70 0.00 310.93 184.23 131.37 79.59 89.27 82.56 175.94 270.18 88.78 91.17 90.88 379.20 92.56 356.11 87.67 348.90 88.50 374.26 88.94 163.57 380.42 377.40 0.00 0.00 375.09 122.23 203.63 383.89 84.35 105.64 100.78 95.85 95.58 123.22 373.00 93.48 378.20 79.71 94.97 121.85 350.93 292.30 86.54-9999.00-9999.00-9999.00-9999.00-9999.00-9999.00-9999.00-9999.00-9999.00-9999.00 -9999.00-9999.00-9999.00-9999.00-9999.00-9999.00-9999.00-9999.00-9999.00 79.31 122.47 387.49
112.81 368.34 135.86 379.69 197.07 81.04 92.15 101.04 241.08 81.07 79.62 79.65 79.62 89.76 365.74 203.32 82.56-9999.00-9999.00-9999.00-9999.00-9999.00-9999.00-9999.00-9999.00-9999.00-9999.00-9999.00-9999.00-9999.00 -9999.00-9999.00-9999.00-9999.00-9999.00-9999.00-9999.00-9999.00-9999.00 89.44 348.19 372.96 80.69 80.22 379.07 127.45 84.35 380.51 383.77 0.00 338.13 87.15 0.00 80.02 259.55 136.35 105.87 92.26 79.31 0.00 175.68 90.56 89.81 124.64 383.71 157.29 138.71 82.16 79.10 144.14 0.00 79.54 88.08 87.57 170.35 376.11 89.29 391.42 89.29 81.60 381.04 83.27
0.00 308.24 140.77 78.97 91.69 281.87 379.45 80.69 0.00 83.03 90.09 89.67 92.95 78.90 134.18 79.61 137.14 0.00 81.96 79.93 162.00 0.00 144.72 80.22 159.04 80.69 207.54 80.45 88.73 86.19 91.82 92.17 80.32 161.92 91.33 91.33 86.19 0.00 369.87 375.62 0.00 81.18 83.85 386.74 289.91 380.65 207.44 0.00 261.48 90.37 375.47 93.41 109.53 80.25 89.66 82.20 379.98 95.90 88.94 83.85 375.47
377.45 82.75 80.19 359.60 372.43 86.54 382.05 80.56 90.10 92.76 80.95 378.22 378.74 381.27 0.00 376.27 379.96 235.46 150.46 92.51 139.88 82.75 90.88 181.26 93.96 79.65 383.24 80.75 376.57 80.19 79.96 376.73 287.37 90.37-9999.00-9999.00-9999.00-9999.00-9999.00-9999.00-9999.00-9999.00-9999.00-9999.00-9999.00-9999.00-9999.00-9999.00 -9999.00-9999.00-9999.00-9999.00-9999.00-9999.00-9999.00-9999.00-9999.00-9999.00-9999.00-9999.00-9999.00-9999.00-9999.00 359.70 94.90 96.30 101.55 86.36 377.49 91.25 88.52 78.90 0.00 89.62 120.86 126.46 374.12 380.95 118.72 85.29 86.59 79.61 379.09 0.00 82.16 86.61 79.04 244.48 0.00
94.00 84.65 148.42 377.62 377.45 79.42 384.43 82.79 100.20 0.00 79.31 87.24 88.08 88.62 175.27 158.41 111.07 230.48 135.97 357.06 106.40 255.91 381.07 378.02 143.61 90.37 253.22 81.07 84.92 339.35 87.67 210.91 90.10 89.40 395.38 85.85 208.39 99.20 377.65 82.56 84.10 83.61 93.18 80.19 156.96 257.69 211.76 0.00 141.90 92.76 82.95 329.59 223.99 0.00 383.10 375.33 335.60 146.79 82.56 79.60 87.58
95.22 135.93 85.29 379.70 83.27 162.88 79.76 126.57 170.31 397.92 83.27 139.28 0.00 92.08 375.67 90.09 79.93 101.18 376.73 0.00 141.81 89.33 81.71 93.93 230.06 80.45 155.70 151.58 81.27 84.97 135.85 247.62 381.63 97.30 82.75 391.91 219.86 91.44 92.01 376.31 350.12 379.42 0.00 86.54 89.01 95.57 96.58 82.37 93.18 261.11 306.35 89.87 91.44 83.85 376.82 381.09 129.35 90.47 88.08 82.20 122.34
80.33 98.21 378.41 80.69 79.93 292.69 81.78 170.27 97.26 146.00 0.00 282.40 79.54 85.83 332.25 83.52 89.96 83.03 182.83 381.63 136.55 384.66 87.15 379.08 106.37 140.75 83.03 375.97 83.79 0.00 128.28 148.79 88.94 90.89 394.61 399.16 92.01 129.73 92.15 300.44 83.85 380.10 81.18 115.26 93.18 83.38 379.34 400.18 275.81 146.56 79.96 256.18 80.40 145.45 376.20 95.90 84.36 130.23 377.67 88.94 90.37
94.25 83.47 84.74 373.04 249.01 106.37 91.44 94.59 101.18 210.04 112.44 85.63 375.35 377.11 0.00 209.84 218.37 395.11 379.77 167.70 389.90 378.23 378.04 242.47 375.66 95.53 268.00 193.86 322.26 0.00 0.00 90.89 0.00 135.30 235.72 87.67 231.68 79.92 85.22 80.65 375.24 376.91 418.76 387.37 79.84 187.86 379.67 0.00 90.89 377.14 89.87 0.00 375.66 93.95 79.92 79.60 88.93 0.00 0.00 378.18 85.22
0.00 0.00 254.44 104.13 269.77 94.56 98.51 101.81 107.79 85.85 94.68 92.01 85.85 79.74 83.38 135.44 87.28 100.31 94.68 81.31 88.64 173.68 81.44 80.25 119.90 241.61 0.00 377.27 370.08 149.77 92.90 209.60 87.28 80.95 198.23 0.00 232.79 185.89 121.35 88.08 92.56 86.54 127.65 363.94 92.56-9999.00-9999.00-9999.00-9999.00-9999.00-9999.00-9999.00-9999.00-9999.00-9999.00-9999.00-9999.00-9999.00-9999.00-9999.00-9999.00-9999.00-9999.00-9999.00 -9999.00-9999.00-9999.00-9999.00-9999.00-9999.00-9999.00-9999.00-9999.00-9999.00-9999.00-9999.00-9999.00-9999.00-9999.00-9999.00-9999.00-9999.00-9999.00-9999.00-9999.00-9999.00-9999.00 90.70 108.89 175.02 376.77 381.04 86.36 94.59 88.83 80.12 168.65 141.99 324.18 243.98 92.34 358.58
141.74 82.75 375.28 86.54 88.50 97.30 82.03 216.94 87.28 378.84 81.44 89.98 87.51 124.35 376.91 0.00 162.53 79.59 87.65 375.24 79.19 88.85 88.03 96.58 0.00 125.18 236.50 132.86 80.75 375.65 197.37 122.58 99.23-9999.00-9999.00-9999.00-9999.00-9999.00-9999.00-9999.00-9999.00-9999.00-9999.00-9999.00-9999.00-9999.00-9999.00-9999.00-9999.00-9999.00-9999.00-9999.00-9999.00 -9999.00-9999.00-9999.00-9999.00-9999.00-9999.00-9999.00-9999.00-9999.00-9999.00-9999.00-9999.00-9999.00-9999.00-9999.00-9999.00-9999.00-9999.00 115.54-9999.00 95.56 88.94 307.80 83.03 81.11 385.31 391.16 98.21 83.03 376.37 0.00 379.09 97.41 80.57 83.52 125.26 371.78 0.00 380.58 377.04 97.26 114.32 338.29 324.56 378.57 89.44
86.19 378.60 382.40 356.83 0.00 0.00 383.81 377.50 325.06 92.76 99.59 265.09 378.40 198.15 123.78 293.23 82.75 91.33 0.00 87.78 287.70 239.60 87.28-9999.00-9999.00-9999.00-9999.00-9999.00-9999.00-9999.00-9999.00-9999.00-9999.00-9999.00-9999.00-9999.00-9999.00-9999.00-9999.00-9999.00-9999.00-9999.00-9999.00-9999.00-9999.00-9999.00-9999.00 -9999.00-9999.00-9999.00-9999.00-9999.00-9999.00-9999.00-9999.00-9999.00-9999.00-9999.00-9999.00-9999.00-9999.00-9999.00-9999.00-9999.00 92.71 94.90 84.97 388.61 384.99 93.76 390.46 386.87 389.02 101.18 102.01 94.59 179.50 97.02 80.12 387.72 139.81 96.64 89.44 0.00 378.65 0.00 242.67 375.10 376.69 291.02 291.05 375.78 129.13 375.25 167.61 375.11 375.98 121.26 100.20 379.97 100.20
259.91 382.26 247.24 0.00 0.00 379.05 314.49 146.39 268.46 235.24 321.72 361.58 0.00 222.94 339.40 94.42 101.04 112.82 95.29 96.41 375.30 93.76 95.40 375.38 375.70 213.08 113.91 384.61 168.07 218.46 194.59 146.39 381.85 268.78 373.18 375.41 0.00 328.32 328.32 378.22 383.60 328.37 376.76 314.27 377.33 0.00 0.00 376.05 379.16 383.82 375.91 375.43 92.08 246.00 89.44 97.41 88.94 377.78 88.46 94.00 79.54
122.37 180.42 376.98 346.40 181.17 140.97 82.75 90.89 80.32 90.47 120.57 142.98 142.07 96.91 376.16 81.07 145.20 144.29-9999.00-9999.00-9999.00-9999.00-9999.00-9999.00-9999.00-9999.00-9999.00-9999.00-9999.00-9999.00-9999.00-9999.00-9999.00-9999.00-9999.00-9999.00-9999.00-9999.00-9999.00 -9999.00-9999.00-9999.00-9999.00-9999.00-9999.00-9999.00-9999.00-9999.00-9999.00-9999.00-9999.00-9999.00-9999.00-9999.00-9999.00-9999.00-9999.00-9999.00-9999.00-9999.00-9999.00-9999.00-9999.00-9999.00-9999.00-9999.00-9999.00-9999.00-9999.00 82.36 380.18 380.12 94.55 378.61 111.06 375.31 376.12 362.43 377.43 377.43 376.73 376.75 0.00 268.78 0.00 328.32 377.45 190.83 0.00 419.90 416.94 385.39 390.24 389.88 388.52 81.77 99.21 85.04 91.06 97.57 88.19 91.62 88.62 126.45 196.56 230.25 121.73 120.46 375.88 183.09 183.09
318.68 171.96 133.57 160.79 346.86 104.60 92.51 274.90 277.05 89.06 84.76 83.31 138.65 89.06 87.38 81.27 376.93 122.35 364.56 94.95 101.92 100.99 379.78 103.39 379.58 83.31 93.64 82.37 96.47 384.03 102.97 379.12 92.01 384.18 84.04-9999.00-9999.00-9999.00-9999.00-9999.00-9999.00-9999.00-9999.00-9999.00-9999.00-9999.00-9999.00-9999.00-9999.00-9999.00-9999.00-9999.00-9999.00-9999.00-9999.00-9999.00-9999.00 -9999.00-9999.00-9999.00-9999.00-9999.00-9999.00-9999.00-9999.00-9999.00-9999.00-9999.00-9999.00-9999.00-9999.00-9999.00-9999.00-9999.00-9999.00-9999.00-9999.00-9999.00-9999.00-9999.00-9999.00-9999.00-9999.00-9999.00-9999.00-9999.00-9999.00-9999.00-9999.00-9999.00 265.39 249.86 210.90 363.78 376.93 377.31 376.72 375.66 376.71 377.39 375.00 375.00 353.73 375.30 0.00 326.54 378.97 331.02 376.07 377.15 260.09 380.14 382.18 377.44 331.01
85.96 99.21 96.27 143.43-9999.00-9999.00-9999.00-9999.00-9999.00-9999.00-9999.00-9999.00-9999.00-9999.00-9999.00-9999.00-9999.00-9999.00-9999.00-9999.00-9999.00-9999.00-9999.00-9999.00-9999.00-9999.00 -9999.00-9999.00-9999.00-9999.00-9999.00-9999.00-9999.00-9999.00-9999.00-9999.00-9999.00-9999.00-9999.00-9999.00-9999.00-9999.00-9999.00-9999.00-9999.00-9999.00-9999.00-9999.00-9999.00-9999.00-9999.00-9999.00-9999.00-9999.00-9999.00-9999.00-9999.00-9999.00-9999.00-9999.00-9999.00-9999.00-9999.00-9999.00-9999.00-9999.00-9999.00-9999.00-9999.00-9999.00-9999.00 375.29 374.20 375.12 0.00 297.38 375.34 326.46 375.88 230.25 0.00 376.37 375.00 297.38 375.34 331.02 297.38 377.24 375.00 0.00 293.01 319.55 375.67 378.34 255.01 380.71 324.47 375.99 235.06 389.57 375.99 375.28 300.66 382.70 260.09 0.00 0.00 0.00 379.98 235.06 279.34 0.00 375.31 373.34 375.10 289.53 200.72 0.00 0.00 0.00 0.00 0.00 0.00 0.00 129.94 90.02 87.89
105.14 376.73 304.15 87.38 380.97 153.99 83.31 384.94 171.48 87.00 379.43 379.51 263.50 90.02 90.68 386.90 97.05 205.55 380.79 370.91 85.35-9999.00-9999.00-9999.00-9999.00-9999.00-9999.00-9999.00-9999.00-9999.00-9999.00-9999.00-9999.00-9999.00-9999.00-9999.00-9999.00-9999.00-9999.00 -9999.00-9999.00-9999.00-9999.00-9999.00-9999.00-9999.00-9999.00-9999.00-9999.00-9999.00-9999.00-9999.00-9999.00-9999.00-9999.00-9999.00-9999.00-9999.00-9999.00-9999.00-9999.00-9999.00-9999.00-9999.00-9999.00-9999.00-9999.00-9999.00-9999.00-9999.00-9999.00-9999.00-9999.00-9999.00-9999.00-9999.00-9999.00-9999.00-9999.00-9999.00-9999.00-9999.00-9999.00-9999.00-9999.00-9999.00-9999.00-9999.00-9999.00-9999.00 274.13 255.01 0.00 297.38 375.68 326.46 380.41 378.82 235.06 0.00 260.09 381.44 331.21 0.00 376.31 375.25 0.00 297.37 0.00 375.00 297.37 297.38 375.50 331.02 375.31 297.37 0.00 297.38 375.00 326.54 0.00 255.01 374.20 378.39 377.44 377.12 384.54 376.82 239.48
