蒙特卡罗+CDRMV3/输出数据/2D水深分布/WaterDepthGIS_0166.ASC
ncols         539            
nrows         744            
xllcorner     602630.84259341
yllcorner     3914823.670891 
cellsize      50             
NODATA_value  -9999.00       
[rows 0 to 26 of 32, columns 183 to 243 of 539]
81.45 71.12 211.07 0.00 380.23 376.56 377.68 293.37 234.80 75.23-9999.00-9999.00-9999.00-9999.00-9999.00-9999.00-9999.00-9999.00-9999.00-9999.00-9999.00-9999.00-9999.00 -9999.00-9999.00-9999.00-9999.00-9999.00-9999.00-9999.00-9999.00-9999.00-9999.00-9999.00 78.03 176.87 377.97 81.16 378.89 74.49 80.63 85.22 76.40-9999.00-9999.00-9999.00-9999.00-9999.00-9999.00-9999.00-9999.00-9999.00-9999.00-9999.00-9999.00-9999.00-9999.00-9999.00-9999.00-9999.00-9999.00-9999.00-9999.00-9999.00-9999.00-9999.00-9999.00-9999.00-9999.00-9999.00-9999.00-9999.00-9999.00-9999.00-9999.00-9999.00-9999.00-9999.00-9999.00-9999.00-9999.00-9999.00-9999.00-9999.00-9999.00-9999.00-9999.00-9999.00-9999.00-9999.00-9999.00-9999.00-9999.00-9999.00-9999.00-9999.00-9999.00-9999.00-9999.00-9999.00-9999.00-9999.00-9999.00-9999.00-9999.00-9999.00-9999.00-9999.00-9999.00-9999.00-9999.00-9999.00-9999.00-9999.00-9999.00-9999.00-9999.00-9999.00-9999.00-9999.00-9999.00-9999.00-9999.00-9999.00-9999.00-9999.00-9999.00-9999.00-9999.00-9999.00-9999.00-9999.00-9999.00-9999.00-9999.00-9999.00-9999.00 73.04 115.13 187.92 377.21 378.77 283.68 71.12 79.75 71.05 170.99 82.18 0.00 78.72 173.00 76.58 177.63 77.57 82.41-9999.00-9999.00-9999.00-9999.00-9999.00-9999.00-9999.00-9999.00-9999.00-9999.00-9999.00-9999.00-9999.00 -9999.00-9999.00-9999.00-9999.00-9999.00-9999.00-9999.00-9999.00-9999.00-9999.00 203.78 123.53 73.96 380.36 93.70 377.97 277.36 71.54 126.50 195.27 101.64-9999.00-9999.00-9999.00-9999.00-9999.00-9999.00-9999.00-9999.00-9999.00-9999.00-9999.00-9999.00-9999.00-9999.00-9999.00-9999.00-9999.00-9999.00-9999.00-9999.00-9999.00-9999.00-9999.00-9999.00-9999.00-9999.00-9999.00-9999.00-9999.00-9999.00-9999.00-9999.00-9999.00-9999.00-9999.00-9999.00-9999.00-9999.00-9999.00-9999.00-9999.00-9999.00-9999.00-9999.00-9999.00-9999.00-9999.00-9999.00-9999.00-9999.00-9999.00-9999.00-9999.00-9999.00-9999.00-9999.00-9999.00-9999.00-9999.00-9999.00-9999.00-9999.00-9999.00-9999.00-9999.00-9999.00-9999.00-9999.00-9999.00-9999.00-9999.00-9999.00-9999.00-9999.00-9999.00-9999.00-9999.00-9999.00-9999.00-9999.00-9999.00-9999.00-9999.00-9999.00-9999.00-9999.00-9999.00-9999.00-9999.00-9999.00-9999.00-9999.00-9999.00 72.05 114.68 359.32 73.48 73.80 154.87 79.93 71.05 125.09 184.85 323.80
155.33 366.93 141.98 85.87 377.73 71.35 79.83 108.16 81.17 80.33 81.31 71.39 141.32 0.00 208.25 71.07 140.98 79.50 71.20 119.54 124.75 72.14 71.07 81.91 80.66 79.03 72.91 71.10 0.00 186.32 72.78 76.58 376.77 0.00 255.75 217.49 378.19 359.37 71.20 82.58-9999.00-9999.00-9999.00 -9999.00-9999.00-9999.00-9999.00-9999.00-9999.00-9999.00-9999.00-9999.00-9999.00-9999.00-9999.00-9999.00-9999.00-9999.00 77.87 70.57 219.64 375.10 70.08 0.00 300.97 356.85 126.24 75.37-9999.00-9999.00-9999.00-9999.00-9999.00-9999.00-9999.00-9999.00-9999.00-9999.00-9999.00-9999.00-9999.00-9999.00-9999.00-9999.00-9999.00-9999.00-9999.00-9999.00-9999.00-9999.00-9999.00-9999.00-9999.00-9999.00-9999.00-9999.00-9999.00-9999.00-9999.00-9999.00-9999.00-9999.00-9999.00-9999.00-9999.00-9999.00-9999.00-9999.00 108.61 158.62 87.26 81.07-9999.00-9999.00-9999.00-9999.00 73.04 115.94 359.61 377.10 80.06 380.53
122.43 72.54 73.80 83.96 83.40 0.00 0.00 0.00 0.00 0.00 343.66 122.14 86.10 0.00 0.00 0.00 191.21 112.13 71.55 72.43 0.00 77.93 71.55 74.16 101.23 0.00 73.64 85.11 77.93 0.00 376.29 151.49 108.61 375.91 211.30 111.37 73.64 82.95 95.03-9999.00-9999.00-9999.00-9999.00-9999.00 -9999.00-9999.00-9999.00-9999.00-9999.00-9999.00-9999.00-9999.00-9999.00-9999.00-9999.00-9999.00 70.02 140.56 338.09 69.80 230.09 0.00 74.49 77.37 77.54 80.63 72.14 379.99 118.11 74.22 237.98 170.72 78.98 198.96 176.48-9999.00-9999.00-9999.00-9999.00-9999.00-9999.00-9999.00-9999.00-9999.00-9999.00-9999.00-9999.00-9999.00-9999.00-9999.00-9999.00-9999.00-9999.00-9999.00-9999.00-9999.00-9999.00 73.18 96.51
72.66 186.35 380.45 415.95 73.98 89.77 128.06 73.64 158.98 376.25 81.75 114.88 0.00 110.64 82.23 92.81 328.76 82.58 80.06 315.28 373.52 71.61 116.71 0.00 75.23 81.45 82.76 83.14 145.02 81.31 75.47 0.00 358.52 71.67 135.15 291.78 71.20 91.18 86.10 72.43 124.01 71.89 110.58 375.92 376.12 345.65 196.59 81.45 72.05 72.33 73.32 73.98 84.18 76.28 71.96 113.77 80.33 117.78 0.00 0.00 0.00
207.71 72.14 79.42 71.81 89.35 81.60 78.56 112.06 384.34 74.36 79.66 72.54 79.83 78.32 382.16 373.33 89.77 73.32 73.32 380.12 221.06 78.97 86.68 83.14 75.47 377.40 123.57 78.72 78.18 71.39 131.97 72.78 112.81 384.54 336.31 128.63 207.60 0.00 375.63 328.12 174.79 91.95 394.05 317.86 141.48 79.14-9999.00-9999.00-9999.00-9999.00-9999.00-9999.00-9999.00-9999.00-9999.00-9999.00 -9999.00-9999.00-9999.00-9999.00-9999.00-9999.00-9999.00-9999.00-9999.00 372.23 81.16 247.62 78.98 79.33 75.70 131.35 71.41 117.23 109.08 0.00 72.14 70.85 76.63
291.45 131.56 81.17 83.54 86.68 78.68 143.30 108.27 71.20 128.39 328.10 74.56 375.43 86.10 0.00 376.45 118.45 0.00 376.30 375.97 78.05 76.90 268.16 75.47 78.72 374.70 74.77 85.11-9999.00-9999.00-9999.00-9999.00-9999.00-9999.00-9999.00-9999.00-9999.00 -9999.00-9999.00-9999.00 79.49 336.76 389.04 377.33 72.14 77.95 71.06 400.94 116.11 124.32 80.02 80.02 377.86 72.30 69.87 113.22 143.81 0.00 380.13 378.02 336.27 70.95 75.37 80.31 75.70 380.18 80.02 77.73 375.64 79.59 80.15 380.20
153.05 109.95 79.75 81.45 72.43 71.12 143.29 346.52 376.59 71.55 71.10 108.08 385.82 383.03 0.00 84.71 99.61 110.01 99.61 159.95 109.87 377.93 377.55 331.67 74.16 380.99 402.20 75.23 80.06 191.76-9999.00-9999.00-9999.00-9999.00-9999.00-9999.00-9999.00 -9999.00-9999.00-9999.00-9999.00 153.77 364.88 86.30 78.86 379.86 72.30 379.94 83.07 70.26 109.17 84.79 69.88 117.65 388.16 69.59 0.00 113.96 83.07 375.25 111.02 72.30 303.38 70.95 77.60 75.37 107.33 123.69 0.00 124.38 87.76
108.40 212.40 78.32 383.97 75.47 80.66 73.32 130.53 251.07 71.81 110.19 389.48 0.00 203.75 79.59 243.37 93.30 87.60 100.95 378.42 229.71 207.19 380.63 379.06 383.92 127.63 73.64 88.23 76.00 71.89-9999.00-9999.00-9999.00-9999.00-9999.00-9999.00-9999.00 -9999.00-9999.00-9999.00-9999.00-9999.00-9999.00 87.76 214.66 77.37 71.06 0.00 69.68 78.86 76.98 69.74 377.27 78.36 111.74 0.00 69.93 76.66 69.97 133.03 69.64 77.22 83.98 70.57 119.46 255.10 78.19 106.97 0.00 110.86 74.49 78.97 71.83
250.01 92.91 380.05 96.12 198.66 83.47 92.78 82.63 369.87 72.33 82.41 379.13 244.42 113.99 77.22 80.06-9999.00-9999.00-9999.00-9999.00-9999.00-9999.00-9999.00-9999.00 -9999.00-9999.00-9999.00-9999.00-9999.00-9999.00-9999.00-9999.00-9999.00 78.36 70.41 0.00 71.54 69.93 138.04 0.00 130.42 107.15 166.03 108.81 72.30 70.33 375.37 171.05 81.16 69.74 145.28 139.43 73.49 84.79 377.81 0.00 376.00 178.70 76.89 79.86 71.41 178.02 70.20 0.00 112.06 0.00 88.55 383.38 107.80 78.98 70.14 377.96 372.16 78.50 82.77 79.21 77.60
125.20 385.09 71.17 78.02 73.05 192.73 79.86 69.93 0.00 136.45 121.14 69.59 378.39 202.34 371.06 107.75 73.96 79.86 81.33 113.51 79.46 81.77 87.34 76.78 75.37 82.41 233.49 83.76 378.13 73.49 90.48 83.07 131.20 176.65 220.87 145.87 70.14 77.09 73.80 0.00 71.02 72.14 378.47 364.74 71.39 87.26 78.81 118.54 109.01 260.12 378.72 0.00 235.35 350.92 127.43 87.60 82.23 78.32 81.61 103.82 90.68
91.58 392.14 79.49 87.34 74.77 165.95 78.19 69.57 310.72 376.00 0.00 85.22 80.97 136.54 71.76 213.37 319.71 80.06 74.36 71.44 110.54 128.93 259.44 0.00 71.61 86.68 128.42 84.04 72.14 377.20 389.72 377.38 376.30 228.68 76.00 320.99 79.14 82.07 71.23 79.93 84.64 78.68 71.23 197.85 72.91 0.00 162.41 73.32 74.77 81.75 377.88 191.11 119.94 71.35 80.12 190.90 82.58 79.66 71.74 132.21 175.10
73.48 144.31 131.00 90.21 78.92 71.23 343.01 381.96 111.46 80.55 72.66 115.50 378.92 0.00 215.30 159.56 117.65 71.01 79.93 73.64 161.40 229.85 79.42 81.91 81.60 377.98 83.34 303.31 78.32 294.01 79.14 366.91 79.59 133.73 379.44 377.22 0.00 0.00 375.09 102.71 184.97 381.72 75.33 91.95 88.43 84.28 86.20 103.88 341.02 83.11 377.29 71.12 85.61 110.37 316.64 227.99 77.22-9999.00-9999.00-9999.00-9999.00-9999.00-9999.00-9999.00-9999.00-9999.00-9999.00 -9999.00-9999.00-9999.00-9999.00-9999.00-9999.00-9999.00-9999.00-9999.00 69.93 110.27 386.62
96.91 346.80 114.58 378.75 157.26 72.36 80.53 91.70 199.12 72.33 71.04 71.06 71.04 80.43 305.95 172.27 73.64-9999.00-9999.00-9999.00-9999.00-9999.00-9999.00-9999.00-9999.00-9999.00-9999.00-9999.00-9999.00-9999.00 -9999.00-9999.00-9999.00-9999.00-9999.00-9999.00-9999.00-9999.00-9999.00 79.49 316.12 367.48 71.17 70.75 378.29 114.37 74.49 379.30 382.26 0.00 337.71 77.18 0.00 70.57 209.94 122.99 90.94 82.33 69.93 0.00 141.45 80.63 79.86 113.24 382.07 130.89 122.74 72.48 69.74 133.07 0.00 70.14 78.10 77.60 150.85 375.52 79.33 388.30 79.33 71.98 379.40 73.49
0.00 252.79 124.24 69.62 81.77 202.08 378.68 71.17 0.00 73.27 80.15 79.72 83.00 69.55 118.63 70.20 120.40 0.00 72.30 70.49 142.59 0.00 130.96 70.75 140.41 71.17 178.34 70.95 79.11 76.90 82.58 82.95 71.67 141.23 82.07 82.07 76.90 0.00 367.43 375.60 0.00 72.43 74.77 385.46 284.12 380.38 188.29 0.00 220.44 81.07 357.90 84.18 94.71 71.61 80.33 73.32 378.68 86.40 79.59 74.77 365.30
376.48 73.80 71.55 327.54 368.99 77.22 380.12 71.89 80.79 83.54 72.23 377.31 377.76 379.90 0.00 375.73 377.43 191.27 128.05 80.88 124.08 73.80 81.60 153.27 84.71 71.06 382.82 72.05 375.40 71.55 71.35 373.84 232.06 81.07-9999.00-9999.00-9999.00-9999.00-9999.00-9999.00-9999.00-9999.00-9999.00-9999.00-9999.00-9999.00-9999.00-9999.00 -9999.00-9999.00-9999.00-9999.00-9999.00-9999.00-9999.00-9999.00-9999.00-9999.00-9999.00-9999.00-9999.00-9999.00-9999.00 345.79 84.79 86.01 91.58 76.40 376.65 81.33 78.55 69.55 0.00 80.00 108.93 113.60 362.71 380.57 107.12 75.37 76.63 70.20 378.03 0.00 72.48 76.65 69.68 208.07 0.00
83.98 74.77 130.94 376.68 377.04 70.02 382.15 73.05 89.89 0.00 69.93 77.27 78.10 78.65 152.90 140.59 95.73 212.79 115.27 336.85 92.52 195.44 378.98 377.16 129.18 81.07 211.13 72.33 75.73 301.12 78.32 172.92 80.79 80.06 391.54 76.58 182.40 89.35 375.93 73.64 75.00 74.56 83.96 71.55 140.86 225.94 200.25 0.00 124.98 83.54 73.98 292.69 207.60 0.00 381.35 373.45 242.01 137.36 73.64 71.01 78.23
85.07 119.69 75.37 379.25 73.49 140.17 70.33 113.66 150.45 393.03 73.49 124.31 0.00 82.41 375.63 80.15 70.49 91.11 376.47 0.00 121.04 76.45 72.27 84.11 195.20 70.95 137.16 126.94 71.68 75.06 121.20 238.03 381.16 87.57 73.80 388.61 164.21 82.18 82.78 375.65 333.76 379.25 0.00 77.22 79.66 86.13 86.96 73.48 83.96 205.50 223.03 80.55 82.18 74.77 375.86 380.23 116.30 81.17 78.72 73.32 110.92
70.85 87.72 378.26 71.17 70.49 233.32 72.14 139.94 86.85 122.54 0.00 247.93 70.14 76.19 293.50 73.72 80.02 73.27 143.42 379.73 113.81 383.54 77.18 377.41 95.51 126.31 73.27 360.75 73.96 0.00 107.20 135.59 79.59 81.61 391.42 395.07 82.78 112.31 80.53 257.97 74.77 379.34 72.43 99.61 83.96 74.36 378.33 396.66 220.40 129.60 71.35 213.96 71.74 128.88 371.91 86.40 75.23 117.02 376.55 79.59 81.07
84.40 73.90 75.12 353.49 204.45 95.51 81.52 84.51 91.11 194.12 98.10 75.70 375.30 376.79 0.00 193.89 203.78 392.89 379.11 134.93 387.94 377.45 377.05 229.23 367.76 86.10 226.93 153.10 296.29 0.00 0.00 81.61 0.00 122.32 189.32 78.32 190.06 71.31 76.00 71.96 370.61 376.75 411.99 385.30 71.23 168.50 378.97 0.00 81.61 376.99 80.55 0.00 375.45 83.47 71.31 71.01 79.58 0.00 0.00 377.25 76.00
0.00 0.00 246.17 94.14 228.27 85.34 89.00 92.81 96.99 76.58 85.36 82.78 76.58 71.14 74.36 122.23 77.93 90.68 85.36 72.54 79.28 158.48 72.66 71.61 108.54 178.49 0.00 377.27 350.68 127.61 81.26 172.88 77.93 72.23 173.19 0.00 181.78 154.52 110.60 78.72 83.34 77.22 115.17 319.71 83.34-9999.00-9999.00-9999.00-9999.00-9999.00-9999.00-9999.00-9999.00-9999.00-9999.00-9999.00-9999.00-9999.00-9999.00-9999.00-9999.00-9999.00-9999.00-9999.00 -9999.00-9999.00-9999.00-9999.00-9999.00-9999.00-9999.00-9999.00-9999.00-9999.00-9999.00-9999.00-9999.00-9999.00-9999.00-9999.00-9999.00-9999.00-9999.00-9999.00-9999.00-9999.00-9999.00 81.07 92.23 139.26 367.01 379.72 76.40 84.51 78.86 70.66 154.19 128.16 246.48 213.83 82.41 336.93
126.35 73.80 344.08 77.22 79.14 87.57 73.18 180.10 77.93 377.31 72.66 80.66 78.16 113.48 376.89 0.00 141.60 71.01 78.55 375.21 70.73 79.50 78.68 86.96 0.00 114.47 193.95 120.66 72.05 353.04 150.35 111.54 89.38-9999.00-9999.00-9999.00-9999.00-9999.00-9999.00-9999.00-9999.00-9999.00-9999.00-9999.00-9999.00-9999.00-9999.00-9999.00-9999.00-9999.00-9999.00-9999.00-9999.00 -9999.00-9999.00-9999.00-9999.00-9999.00-9999.00-9999.00-9999.00-9999.00-9999.00-9999.00-9999.00-9999.00-9999.00-9999.00-9999.00-9999.00-9999.00 99.49-9999.00 85.36 78.98 257.24 73.27 71.54 383.87 388.94 87.72 73.27 376.04 0.00 378.02 86.98 71.06 73.72 112.76 357.55 0.00 378.45 364.84 86.85 94.01 297.98 293.72 377.52 79.49
76.90 377.48 380.94 338.12 0.00 0.00 382.95 376.92 267.41 83.54 88.39 187.24 377.47 149.06 113.53 243.72 73.80 82.07 0.00 78.43 230.91 184.69 77.93-9999.00-9999.00-9999.00-9999.00-9999.00-9999.00-9999.00-9999.00-9999.00-9999.00-9999.00-9999.00-9999.00-9999.00-9999.00-9999.00-9999.00-9999.00-9999.00-9999.00-9999.00-9999.00-9999.00-9999.00 -9999.00-9999.00-9999.00-9999.00-9999.00-9999.00-9999.00-9999.00-9999.00-9999.00-9999.00-9999.00-9999.00-9999.00-9999.00-9999.00-9999.00 82.77 84.79 75.06 387.43 384.03 83.76 388.09 384.99 386.81 91.11 92.15 84.51 157.37 86.63 70.66 385.43 123.88 86.30 79.49 0.00 377.68 0.00 232.79 375.14 376.47 275.80 275.83 375.66 109.16 375.13 133.14 375.08 375.73 102.55 89.89 378.88 89.89
230.06 381.58 237.18 0.00 0.00 378.46 308.18 118.38 258.63 209.44 317.29 356.91 0.00 210.06 321.69 84.55 86.43 93.01 80.49 81.43 375.04 83.76 85.22 375.20 375.46 177.81 95.97 382.07 145.91 189.66 162.35 118.38 380.86 262.08 372.78 375.35 0.00 325.93 325.93 378.24 381.70 325.97 376.63 307.77 377.27 0.00 0.00 376.03 377.75 383.26 375.85 375.41 82.41 211.42 79.49 86.98 78.98 377.07 78.50 83.98 70.14
108.65 166.31 376.67 252.73 143.53 125.56 73.80 81.61 71.67 81.17 109.45 128.12 124.08 85.67 362.89 72.33 131.32 132.63-9999.00-9999.00-9999.00-9999.00-9999.00-9999.00-9999.00-9999.00-9999.00-9999.00-9999.00-9999.00-9999.00-9999.00-9999.00-9999.00-9999.00-9999.00-9999.00-9999.00-9999.00 -9999.00-9999.00-9999.00-9999.00-9999.00-9999.00-9999.00-9999.00-9999.00-9999.00-9999.00-9999.00-9999.00-9999.00-9999.00-9999.00-9999.00-9999.00-9999.00-9999.00-9999.00-9999.00-9999.00-9999.00-9999.00-9999.00-9999.00-9999.00-9999.00-9999.00 72.66 379.11 378.97 84.48 377.50 97.52 358.15 375.91 352.57 377.09 377.09 376.48 376.50 0.00 262.08 0.00 325.93 377.25 172.93 0.00 414.04 411.21 384.00 388.50 388.32 387.36 70.97 87.22 73.95 79.76 85.83 76.91 80.32 77.33 106.66 181.61 220.37 101.89 102.41 375.67 166.07 166.07
311.47 134.46 109.31 140.63 316.38 86.41 81.60 252.05 257.17 77.77 73.69 72.37 122.79 77.77 76.14 70.52 376.13 109.92 329.94 83.57 89.85 88.88 379.53 91.50 378.87 72.37 82.32 71.52 84.91 383.69 91.03 378.51 82.78 382.47 74.39-9999.00-9999.00-9999.00-9999.00-9999.00-9999.00-9999.00-9999.00-9999.00-9999.00-9999.00-9999.00-9999.00-9999.00-9999.00-9999.00-9999.00-9999.00-9999.00-9999.00-9999.00-9999.00 -9999.00-9999.00-9999.00-9999.00-9999.00-9999.00-9999.00-9999.00-9999.00-9999.00-9999.00-9999.00-9999.00-9999.00-9999.00-9999.00-9999.00-9999.00-9999.00-9999.00-9999.00-9999.00-9999.00-9999.00-9999.00-9999.00-9999.00-9999.00-9999.00-9999.00-9999.00-9999.00-9999.00 241.27 221.33 173.70 353.70 376.93 377.31 376.72 375.66 376.58 377.21 375.00 375.00 350.70 375.30 0.00 323.18 378.88 328.15 375.69 376.72 252.89 378.44 380.91 377.20 328.14
74.80 87.22 86.11 121.00-9999.00-9999.00-9999.00-9999.00-9999.00-9999.00-9999.00-9999.00-9999.00-9999.00-9999.00-9999.00-9999.00-9999.00-9999.00-9999.00-9999.00-9999.00-9999.00-9999.00-9999.00-9999.00 -9999.00-9999.00-9999.00-9999.00-9999.00-9999.00-9999.00-9999.00-9999.00-9999.00-9999.00-9999.00-9999.00-9999.00-9999.00-9999.00-9999.00-9999.00-9999.00-9999.00-9999.00-9999.00-9999.00-9999.00-9999.00-9999.00-9999.00-9999.00-9999.00-9999.00-9999.00-9999.00-9999.00-9999.00-9999.00-9999.00-9999.00-9999.00-9999.00-9999.00-9999.00-9999.00-9999.00-9999.00-9999.00 375.28 373.77 375.12 0.00 293.79 375.34 323.17 375.83 220.37 0.00 376.07 375.00 293.79 375.34 328.15 293.79 377.02 375.00 0.00 280.59 314.30 375.62 377.80 247.96 379.77 319.56 375.96 224.92 386.42 375.10 375.03 297.10 382.64 252.89 0.00 0.00 0.00 379.13 224.92 273.52 0.00 375.31 372.07 375.09 283.48 185.29 0.00 0.00 0.00 0.00 0.00 0.00 0.00 115.14 78.71 76.62
93.32 376.72 259.15 76.14 379.46 132.07 72.37 383.81 153.82 75.78 377.93 378.18 237.43 78.71 80.80 384.45 86.99 193.56 380.29 360.47 75.68-9999.00-9999.00-9999.00-9999.00-9999.00-9999.00-9999.00-9999.00-9999.00-9999.00-9999.00-9999.00-9999.00-9999.00-9999.00-9999.00-9999.00-9999.00 -9999.00-9999.00-9999.00-9999.00-9999.00-9999.00-9999.00-9999.00-9999.00-9999.00-9999.00-9999.00-9999.00-9999.00-9999.00-9999.00-9999.00-9999.00-9999.00-9999.00-9999.00-9999.00-9999.00-9999.00-9999.00-9999.00-9999.00-9999.00-9999.00-9999.00-9999.00-9999.00-9999.00-9999.00-9999.00-9999.00-9999.00-9999.00-9999.00-9999.00-9999.00-9999.00-9999.00-9999.00-9999.00-9999.00-9999.00-9999.00-9999.00-9999.00-9999.00 268.41 247.96 0.00 293.79 375.66 323.17 378.06 359.57 224.92 0.00 252.89 380.86 328.24 0.00 376.21 375.24 0.00 293.78 0.00 375.00 293.78 293.79 375.47 328.15 375.31 293.78 0.00 293.79 375.00 323.18 0.00 247.96 373.77 377.92 377.09 376.81 383.16 376.56 196.05
