蒙特卡罗+CDRMV3/输出数据/2D水深分布/WaterDepthGIS_0167.ASC
ncols         539            
nrows         744            
xllcorner     602630.84259341
yllcorner     3914823.670891 
cellsize      50             
NODATA_value  -9999.00       
[rows 0 to 26 of 32, columns 366 to 426 of 539]
129.04 176.57 131.25 85.30-9999.00-9999.00-9999.00-9999.00-9999.00-9999.00-9999.00-9999.00-9999.00-9999.00-9999.00-9999.00-9999.00-9999.00-9999.00-9999.00-9999.00-9999.00-9999.00-9999.00-9999.00-9999.00-9999.00-9999.00-9999.00-9999.00-9999.00-9999.00-9999.00-9999.00-9999.00-9999.00-9999.00-9999.00-9999.00-9999.00-9999.00-9999.00-9999.00-9999.00-9999.00-9999.00-9999.00-9999.00-9999.00-9999.00-9999.00-9999.00-9999.00-9999.00-9999.00-9999.00-9999.00-9999.00-9999.00-9999.00-9999.00 92.38 79.67 87.83-9999.00-9999.00-9999.00-9999.00-9999.00-9999.00-9999.00-9999.00-9999.00-9999.00-9999.00-9999.00-9999.00-9999.00-9999.00-9999.00-9999.00-9999.00-9999.00-9999.00-9999.00-9999.00-9999.00-9999.00-9999.00-9999.00 71.19 365.66 84.25 376.69 110.55 78.48 70.99 78.70 71.45 110.97 130.47 376.11 376.56 380.72 384.30 383.26 75.91 0.00 114.71 79.73 376.42 134.38 74.41 71.53 280.79 74.41-9999.00-9999.00-9999.00-9999.00-9999.00-9999.00-9999.00-9999.00-9999.00-9999.00 -9999.00-9999.00-9999.00-9999.00-9999.00-9999.00-9999.00-9999.00-9999.00-9999.00-9999.00-9999.00-9999.00-9999.00 77.24 81.35 78.97 82.64 226.92 0.00 0.00 110.05 79.50-9999.00-9999.00-9999.00-9999.00-9999.00-9999.00-9999.00-9999.00-9999.00-9999.00-9999.00-9999.00-9999.00-9999.00-9999.00-9999.00-9999.00-9999.00-9999.00-9999.00-9999.00-9999.00-9999.00-9999.00-9999.00-9999.00-9999.00-9999.00-9999.00-9999.00-9999.00-9999.00-9999.00-9999.00-9999.00-9999.00-9999.00-9999.00-9999.00-9999.00-9999.00-9999.00-9999.00-9999.00-9999.00-9999.00-9999.00-9999.00-9999.00-9999.00-9999.00-9999.00-9999.00-9999.00-9999.00-9999.00-9999.00 90.02 378.17 74.86-9999.00-9999.00-9999.00-9999.00-9999.00-9999.00-9999.00-9999.00-9999.00-9999.00-9999.00-9999.00-9999.00-9999.00-9999.00-9999.00-9999.00-9999.00-9999.00-9999.00-9999.00-9999.00-9999.00-9999.00-9999.00-9999.00 80.04 178.85 81.06 376.57 205.79 70.91 268.79 72.30 84.48 71.08 110.06 376.35 370.77 383.38 76.52
256.10 142.89 78.82 82.75 76.52 76.52 119.23 0.00 80.68 81.79 0.00 378.05 253.70 362.51 148.82 84.51 115.95 85.48-9999.00-9999.00-9999.00 -9999.00-9999.00-9999.00-9999.00-9999.00-9999.00-9999.00-9999.00-9999.00-9999.00-9999.00-9999.00-9999.00-9999.00 70.16 121.84 275.34 72.14 72.52 0.00 126.11 70.24 82.64 80.26 88.61 96.94-9999.00-9999.00-9999.00-9999.00-9999.00-9999.00-9999.00-9999.00-9999.00-9999.00-9999.00-9999.00-9999.00-9999.00-9999.00-9999.00-9999.00-9999.00-9999.00-9999.00-9999.00-9999.00-9999.00-9999.00-9999.00-9999.00-9999.00-9999.00-9999.00-9999.00-9999.00-9999.00-9999.00-9999.00-9999.00-9999.00-9999.00 84.02 73.12 316.64 86.88 76.21 77.19 370.52-9999.00 81.06 110.32 117.46 74.00 312.79 295.07 0.00 86.44 252.15 80.68 372.88 78.76 74.86 77.19 376.12 73.44-9999.00-9999.00 78.17 78.70 71.97 285.92 249.04 121.07 108.76
86.29 87.18 103.18 307.25 383.09 381.79 255.92 121.24 75.63 75.91 121.77 169.87 73.44 141.73 380.34 0.00 79.67 128.96 87.83 71.14 178.77 71.19 72.30 380.11 73.12 359.84 109.90 83.79 71.14 107.65 375.45 375.38 71.45 80.39 90.26 70.72 226.84 377.49 71.78 71.88 387.97 382.64 0.00 0.00 0.00 117.78 71.53 140.42 70.66 70.84 71.19 79.93 74.41 70.95 71.38 70.91 78.04 72.55 71.25 0.00 134.09
72.82 191.29 378.17 77.55 167.08 72.08 199.37 70.91 112.04 75.36 153.18 322.46 342.95 72.30 78.82 77.19 0.00 0.00 92.48 92.96 81.79 84.23 93.48 85.22 216.33 85.75 74.63-9999.00-9999.00-9999.00-9999.00-9999.00-9999.00-9999.00-9999.00 -9999.00-9999.00-9999.00-9999.00-9999.00-9999.00-9999.00-9999.00-9999.00-9999.00-9999.00-9999.00 85.65 215.30 145.71 69.69 107.14 71.21 69.87 0.00 71.08 107.79 72.72 0.00 87.35 266.42 395.14 70.62 379.16 76.05 73.87 80.60 81.75 94.06 88.17 75.69 148.99 246.96 95.71 86.48 82.64 81.55 122.75 382.74 74.00
77.91 70.42 110.47 0.00 248.70 121.11 70.33 83.12 70.96 78.50 83.12 74.42 74.71 153.51 87.39 379.08 77.91 329.55 81.15 70.84 378.80 154.45 74.42 83.88 84.86 252.16 73.87 320.86 0.00 310.19 76.85 168.08 96.11 98.35 71.38 363.73 375.17 86.02 70.95 122.19 0.00 71.31 80.92 119.42 0.00 115.91 235.37 75.36 71.78 376.19 82.38 72.96 123.28 81.84 77.99 376.33 0.00 70.99 82.01 118.93 108.01
77.51 78.10 263.09 118.62 78.13 69.51 342.96 379.66 70.16 378.35 72.14 69.47 0.00 117.31 339.61 377.52 72.72 69.69 77.12 79.94 69.81 0.00 132.97 71.08 212.99 72.14 71.97 375.54 89.80 73.28 111.87 378.89 385.26 0.00 74.86 80.15 77.90 72.68 0.00 108.03 80.16 72.42 377.44 74.41 71.78 108.33 379.18 379.44 72.68 0.00 85.48 79.03 74.63 120.89 72.82 0.00 129.17 120.76 71.88 71.19 79.93
327.55 82.18 376.04 227.09 140.45 70.73 108.45 78.39 69.51 105.25 0.00 145.93 76.42 80.60 83.12 113.56 80.78 376.82 86.97 79.50 0.00 139.23 69.38 79.79 94.61 88.17 268.02 88.61 82.04 71.53 163.15 373.84 72.82 73.62 124.07 70.76 0.00 136.63 71.04 77.80 108.72 191.80 376.26 117.34 73.12 72.08 118.96 78.43 82.55 0.00 83.36 79.27 84.97 110.80 0.00 83.01 380.16 373.69 322.94 109.95 71.88
78.39 70.00 377.83 78.97 112.97 0.00 69.81 69.26 70.16 176.65 380.13 72.14 122.49 77.74 73.15 0.00 76.05 382.40 69.75 71.97 69.75 77.24 84.43 75.35 81.35 69.69 109.83 359.67 160.24 79.93 127.35 75.11 111.47 0.00 70.70 279.78 238.63 71.53 82.19 86.58 78.38 126.64 72.55 115.04 130.49 0.00 70.99 90.02 0.00 70.76 78.53 71.45 71.88 189.64 71.25 76.21 336.37 72.30 109.99 310.72 355.96
198.41 71.49 81.35 70.08 131.94 193.07 289.87 376.66 377.12 377.52 377.15 0.00 140.54 73.44 165.00 84.02 78.76 381.74 77.55 70.74 107.74 262.88 377.09 317.05 0.00 321.68 111.68 74.63 83.79 290.71 374.44 83.01 78.76 130.35 203.44 381.86 141.11 383.88 71.69 73.62 70.99 0.00 359.46 355.25 112.25 71.04 70.87 186.86 375.69 79.73 71.97 375.38 0.00 131.97 108.15 76.85 78.21 71.19 0.00 115.21 72.19
95.17 86.29 195.12 160.58 141.90 71.69 82.55 76.21 96.15 199.73 78.64 72.30 70.95 376.86 80.68 0.00 376.11 76.85 77.93 377.63 0.00 320.98 85.75 79.11 80.64 112.98 77.99 76.21 122.98 123.76 72.19 353.78 73.12 115.91 295.68 130.04 83.65 0.00 0.00 74.20 207.43 82.95 78.07 72.96 0.00 0.00 379.87 173.55 379.52 375.45 346.01 294.74 227.41 118.31 72.30 377.42 71.69 84.48 71.97 378.44 74.41
115.88 80.52 81.06 84.25 80.78 81.84 76.21 84.32 76.21 121.35 352.21 197.21 228.75 0.00 0.00 100.70 377.30 334.22 380.65 378.97 233.16 0.00 88.98 0.00 78.76 75.63 120.25 109.59 80.15 168.54 344.23 132.57 122.93 83.65-9999.00-9999.00-9999.00-9999.00-9999.00-9999.00-9999.00-9999.00-9999.00 -9999.00-9999.00-9999.00-9999.00-9999.00-9999.00-9999.00-9999.00-9999.00-9999.00 69.87 224.29 0.00 70.42 76.63 73.87 76.96 71.21 0.00 107.98 79.94 71.21 118.55 78.10 71.35 0.00 69.55 269.53 113.60 74.71 75.02 381.61 120.64 74.71 84.15 212.53
97.69-9999.00-9999.00-9999.00-9999.00-9999.00-9999.00-9999.00-9999.00-9999.00-9999.00 -9999.00-9999.00-9999.00-9999.00-9999.00-9999.00-9999.00-9999.00-9999.00 70.73 107.19 395.12 0.00 71.21 71.35 0.00 73.87 78.84 72.14 113.89 111.41 69.64 106.78 356.15 0.00 173.73 80.80 81.97 70.84 198.64 383.85 70.24 74.42 80.96 140.64 380.27 72.93 70.52 105.58 370.33 0.00 144.14 130.48 73.15 70.24 375.32 70.84 70.42 380.93 70.52 377.55 69.29 115.82 69.29 0.00 121.48 69.24 81.55 82.64 77.30 78.13 195.32 277.48 81.75 75.63 138.46 375.36 0.00
343.30 70.00 69.46 105.41 0.00 86.61 130.53 126.64 86.61 121.76 77.37 69.41 385.22 0.00 0.00 375.85 134.72 73.12 349.54 233.00 82.44 72.55 140.96 135.38 337.97 0.00 73.80 71.61 383.89 214.95 375.57 329.73 157.96 376.81 72.82 80.15 79.67 0.00 0.00 0.00 0.00 0.00 0.00 0.00 88.05 231.66 75.63 382.19 169.90 86.02 79.20 378.76 378.17 0.00 79.20 256.61 377.61 376.99 389.51 299.50 376.22
121.20 350.01 380.93 73.80 73.28 74.20 109.51 322.04 383.23 0.00 192.72 373.28 122.48 377.52 219.86 375.57 373.25 158.71 77.80 118.89 162.38 109.77 0.00 77.19 292.17 136.51 74.00 377.75 136.34 74.63-9999.00-9999.00-9999.00-9999.00-9999.00-9999.00-9999.00-9999.00-9999.00-9999.00-9999.00-9999.00-9999.00-9999.00 -9999.00-9999.00-9999.00-9999.00-9999.00-9999.00-9999.00-9999.00-9999.00-9999.00-9999.00 85.61 80.21 84.71 76.82 376.81 75.35 375.67 74.42 76.28 77.83 168.69 378.87 0.00 0.00 0.00 74.14 70.62 115.62 0.00 0.00 0.00 72.93 0.00 83.40 119.17 260.58 77.66 69.29 256.47 0.00
87.35 144.25 74.42 377.42 70.96 78.97 69.31 117.15 221.43 109.63 74.71 0.00 313.76 69.33 84.71 83.00 79.94 82.64 76.05 376.46 69.38 139.43 375.94 152.74 0.00 0.00 0.00 377.49 295.44 378.81 85.71 368.18 383.10 382.70 132.06 81.79 86.58 75.63 80.64 73.44 75.11 377.08 73.44 70.69 71.45 127.10 361.62 85.71 76.21 74.63 132.70 88.98 81.79 127.22 176.30 378.05 120.62 84.02 98.35 82.19 81.06
377.33 378.28 378.42 76.42 0.00 71.08 163.12 69.41 70.52 128.39 361.22 70.62 139.97 178.66 127.02 111.00 71.97 0.00 137.07 71.21 73.38 0.00 0.00 70.62 78.84 332.52 71.49 88.61 79.36 73.87 80.10 77.24 78.50 70.42 376.47 0.00 390.28 260.60 71.08 75.69 156.78 80.10 81.41 195.64 412.21 0.00 76.82 370.82 113.74 126.60 80.78 376.48 70.00 70.33 86.88 80.39 76.52 76.21 86.02 76.85 72.96
375.92 376.64 345.66 167.40 111.24-9999.00-9999.00-9999.00-9999.00-9999.00-9999.00-9999.00-9999.00-9999.00-9999.00-9999.00-9999.00-9999.00-9999.00-9999.00-9999.00-9999.00-9999.00-9999.00-9999.00 -9999.00-9999.00-9999.00-9999.00-9999.00-9999.00-9999.00-9999.00-9999.00-9999.00-9999.00-9999.00-9999.00-9999.00-9999.00-9999.00-9999.00-9999.00-9999.00 93.33 79.12 88.17 78.62 125.73 74.71 384.02 292.72 377.72 73.62 69.55 199.45 311.74 378.37 107.71 110.30 76.40 126.54 379.68 0.00 367.35 109.01 157.11 75.69 69.87 70.52 381.07 403.18 222.16 81.41 79.36 80.21 78.84 137.60 78.39 82.87 77.44 69.60 204.24 93.33 0.00 84.86 0.00 252.31 87.39 375.65 202.11 100.63 120.97 375.05 379.11 80.21 81.35 83.37 83.62
83.12 76.42 298.98 95.71 376.83 72.72 390.67 367.40 353.32 381.21 70.73 69.93 76.27 76.29 115.54 124.62 0.00 128.82 119.87 86.27 74.14 87.39 0.00 77.67 69.44 85.61 74.14 351.38 245.05 280.26 76.82 379.37 109.91 116.77 362.55 276.10 300.16 376.51 121.66 0.00 380.24 378.42 169.85 130.31 71.35 70.16 218.64 72.32 82.18 75.35 379.10 145.02 0.00 88.39 376.59 122.65 84.86 0.00 114.04 77.24 82.71
137.81 377.69 375.61 81.41 0.00 76.82 72.93 180.15 82.04 378.36 374.12 79.12 184.42 145.89 90.72 88.39 90.72 145.72 111.66 167.57 111.66 299.51 94.38 79.05 151.51 82.71 154.74 186.70 88.17 71.80 75.35 72.52 84.12 390.84 252.51 376.06 378.41 72.93 382.78 80.21 0.00 382.65 236.73 384.18 178.26 164.61 220.42 381.14 139.88 0.00 0.00 375.88 98.55 79.20 75.11 372.56 80.68 83.79 71.53 379.48 73.28
87.39 90.72 0.00 159.49 96.53 378.58 364.03 376.59 388.75 380.70 84.12 87.35 91.19 95.71 79.12 376.84 89.08 82.64 75.35 86.48 375.29 0.00 213.53 377.55 81.41 261.80 240.96 375.17 359.54 376.07 211.95 80.18 101.55 154.81 327.11 89.36 73.80 113.01 284.83 74.63 73.44 376.53 273.89 109.89 81.22 79.19 72.96 72.19 352.67 379.45 71.61 115.80 377.24 0.00 376.16 144.80 116.48 84.72 78.96 80.39 79.20
201.09 91.30 78.53 84.71 77.67 81.41 379.46 333.24 81.41 86.97 71.21 116.70 339.85 378.12 379.53 0.00 266.61 295.03 376.16 209.37 319.99 389.59 355.82 376.64 130.41 111.66 357.58 0.00 173.53 86.48 273.31 74.00 312.05 72.30 77.55 84.25 72.42 122.39 285.00 380.40 73.44 378.95 72.55 0.00 377.06 109.75 382.65 71.78 135.75 139.80 294.40 71.69 334.81 71.78 91.28 0.00 317.12 110.56 74.20 88.94 84.02
349.89 193.21 380.73 250.44 0.00 236.73 193.21 189.62 375.34 0.00 322.05 372.68 0.00 130.41 101.01 93.80 377.09 189.13 98.60 258.78 377.04 72.42 72.96 375.51 77.19 375.37 75.63 349.64 0.00 77.55 88.94 82.44 70.87 78.04 81.67 145.90 79.11 73.80 238.22 119.98 73.12 84.72 115.43 382.12 125.89 71.69 82.37 82.01-9999.00-9999.00-9999.00-9999.00-9999.00-9999.00-9999.00-9999.00-9999.00-9999.00-9999.00-9999.00-9999.00-9999.00-9999.00-9999.00-9999.00-9999.00-9999.00-9999.00-9999.00-9999.00-9999.00-9999.00 -9999.00-9999.00-9999.00-9999.00-9999.00-9999.00-9999.00-9999.00-9999.00-9999.00-9999.00-9999.00-9999.00-9999.00-9999.00-9999.00-9999.00-9999.00-9999.00-9999.00-9999.00 82.41 78.62 75.69 88.39 140.31 376.25 369.88 380.60 385.41 381.42 407.99 93.50
78.97 71.08 73.62 75.35 326.11 333.31 377.37 377.38 378.02 338.79 333.41 0.00 361.50 375.99 378.11 342.24 110.14 98.16 0.00 376.13 376.88 145.50 151.37 143.71 91.32 83.22 73.87 76.05 81.10 344.70 247.81 375.99 375.60 377.45 133.72 198.14 303.91 240.96 375.77 372.73 306.45 337.64 0.00 325.78 0.00 377.52 325.78 376.79 378.95 0.00 375.65 281.95 322.05 376.81 375.34 376.09 283.69 79.41 250.82 85.47 72.04
308.87 128.96 120.40 69.66 68.88 76.08 78.83 76.75 69.74 77.48 72.65 113.00 125.27 214.49 138.15 130.93 313.20 74.86 86.58 375.33 88.73 380.23 103.18 80.68-9999.00-9999.00-9999.00-9999.00-9999.00-9999.00-9999.00-9999.00-9999.00-9999.00-9999.00-9999.00-9999.00-9999.00-9999.00-9999.00-9999.00-9999.00-9999.00-9999.00-9999.00 -9999.00-9999.00-9999.00-9999.00-9999.00-9999.00-9999.00-9999.00-9999.00-9999.00-9999.00-9999.00-9999.00-9999.00-9999.00-9999.00-9999.00-9999.00-9999.00-9999.00-9999.00-9999.00-9999.00-9999.00-9999.00-9999.00-9999.00-9999.00-9999.00-9999.00-9999.00-9999.00-9999.00 83.69 198.80 377.11 159.49 381.45 379.92 376.10 376.35 375.42 198.92 375.28 293.64 0.00 323.04 0.00 375.00 359.55 83.24 80.10 95.96 86.20 81.82 81.94 91.52 114.56 80.10 381.20 365.44 137.53 80.55 329.66 81.17 373.44 323.36 79.46 107.34
375.84 380.77 375.99 378.17 71.51 73.61 378.65 380.88 397.26 378.90 68.93 77.56 94.18 86.48 69.99 77.41 386.21 81.17 173.75 74.76 378.20 215.02 411.31 83.20 0.00 0.00 382.23 86.35 142.01-9999.00-9999.00-9999.00-9999.00-9999.00-9999.00-9999.00-9999.00-9999.00-9999.00-9999.00-9999.00-9999.00-9999.00-9999.00-9999.00-9999.00-9999.00-9999.00-9999.00-9999.00-9999.00-9999.00 -9999.00-9999.00-9999.00-9999.00-9999.00-9999.00-9999.00-9999.00-9999.00-9999.00-9999.00-9999.00-9999.00-9999.00-9999.00-9999.00-9999.00-9999.00-9999.00-9999.00-9999.00-9999.00-9999.00-9999.00-9999.00-9999.00-9999.00-9999.00-9999.00-9999.00-9999.00-9999.00-9999.00-9999.00-9999.00-9999.00-9999.00 271.39 365.88 375.00 375.39 373.75 346.23 375.27 375.27 375.14 0.00 293.64 332.18 279.58 0.00 357.82 293.64 376.27 375.00 293.64 293.64 293.64 376.65 376.46 293.64 375.02 0.00 339.76 92.65 92.65 95.88 379.98
0.00 293.64 293.64 293.64 377.95 0.00 357.76 375.00 293.64 0.00 0.00 0.00 0.00 375.00 293.64 375.00 293.64 319.06 0.00 0.00 375.76 377.94 165.39 375.51 261.06 375.32 359.34 119.26 375.20 315.76 133.17 376.11 143.62 71.34 143.49 69.02 132.80 119.99 78.24 89.98 206.28 352.76 376.04 93.55 371.07 148.02 87.26 76.97 348.33 376.63 78.35 382.89 73.11 149.01 69.74 369.27 75.09 375.75 82.73 376.98 77.10
296.95 0.00 375.00 0.00 375.38 293.64 0.00 293.64 375.52 375.18 293.64 293.64 375.94 375.00 328.03 375.00 0.00 0.00 293.64 293.64 0.00 377.62 375.55 219.97 375.41 288.75 111.78 134.34 375.35 93.45 375.08 375.20 376.89 74.45 72.65 377.95 257.92 127.27 72.23 0.00 76.56 128.38 76.97 144.09 72.65 70.64 410.52 89.39 378.63 76.56 82.50 0.00 384.54 136.52 76.97 88.96 78.35 146.59 92.93 74.08 0.00
