蒙特卡罗+CDRMV3/输出数据/2D水深分布/WaterDepthGIS_0161.ASC
ncols         539            
nrows         744            
xllcorner     602630.84259341
yllcorner     3914823.670891 
cellsize      50             
NODATA_value  -9999.00       
[rows 0 to 26 of 32, columns 305 to 365 of 539]
87.22 78.71 81.09 80.25 73.19 129.98 73.51 72.73 130.29 77.79 0.00 76.31 80.50 178.95 119.26 209.00 167.69 74.03-9999.00-9999.00-9999.00-9999.00-9999.00-9999.00-9999.00-9999.00-9999.00-9999.00-9999.00-9999.00 -9999.00-9999.00-9999.00-9999.00-9999.00-9999.00-9999.00-9999.00-9999.00-9999.00-9999.00-9999.00 85.61 73.17 262.02 84.30 137.65 0.00 76.90 359.95 88.20 153.78 99.37-9999.00-9999.00-9999.00-9999.00-9999.00-9999.00-9999.00-9999.00-9999.00-9999.00-9999.00-9999.00-9999.00-9999.00-9999.00-9999.00-9999.00-9999.00-9999.00-9999.00-9999.00-9999.00-9999.00-9999.00-9999.00-9999.00-9999.00-9999.00-9999.00-9999.00-9999.00-9999.00-9999.00-9999.00-9999.00-9999.00-9999.00-9999.00-9999.00-9999.00-9999.00-9999.00-9999.00-9999.00-9999.00-9999.00-9999.00-9999.00-9999.00-9999.00-9999.00-9999.00-9999.00-9999.00-9999.00-9999.00-9999.00-9999.00-9999.00-9999.00-9999.00-9999.00-9999.00-9999.00-9999.00-9999.00-9999.00-9999.00-9999.00-9999.00-9999.00-9999.00-9999.00-9999.00-9999.00-9999.00-9999.00-9999.00-9999.00-9999.00-9999.00-9999.00-9999.00-9999.00-9999.00-9999.00-9999.00 123.76 291.37 162.90 145.38 82.21 80.58 380.50 135.73 221.69 375.53 235.28 124.36 74.89 83.51 74.89 0.00 377.30 164.01 83.35 149.03 378.09 73.09 80.54 75.71-9999.00-9999.00-9999.00-9999.00-9999.00-9999.00-9999.00-9999.00-9999.00-9999.00-9999.00 -9999.00-9999.00-9999.00-9999.00-9999.00-9999.00-9999.00-9999.00-9999.00-9999.00-9999.00-9999.00-9999.00 89.28 115.28 81.91 129.45 121.92 0.00
354.10 329.27 0.00 110.87 173.92 71.71 86.12-9999.00-9999.00-9999.00-9999.00-9999.00-9999.00-9999.00-9999.00-9999.00-9999.00-9999.00-9999.00-9999.00-9999.00-9999.00-9999.00-9999.00-9999.00-9999.00-9999.00-9999.00-9999.00-9999.00-9999.00-9999.00-9999.00-9999.00-9999.00-9999.00-9999.00-9999.00-9999.00-9999.00-9999.00-9999.00-9999.00-9999.00-9999.00-9999.00-9999.00 99.37 379.86 82.44 274.84 101.16-9999.00-9999.00 80.17 76.75 83.80 76.99 76.10 375.95 424.62 77.51 93.73 74.03 186.84 76.99 84.47 74.89 83.35-9999.00-9999.00-9999.00 74.89 164.16 73.24 139.72 73.75 76.52 72.83 382.43 81.94 0.00 0.00 0.00 77.51 73.66 374.02 377.28 143.64 74.36 74.25 87.96 368.17 380.22 134.09 125.70 73.09 73.19 78.39 0.00 76.52 81.91 153.30 76.31 376.33 175.26
140.72 73.09 72.73 81.09 75.71 0.00 121.20 73.19 73.37 378.42 0.00 85.27 92.45 0.00 368.07 85.27 89.77 95.84 80.17 144.31 76.52 81.02 162.45-9999.00-9999.00-9999.00-9999.00-9999.00-9999.00 -9999.00-9999.00-9999.00-9999.00-9999.00-9999.00-9999.00-9999.00-9999.00-9999.00-9999.00 72.70 125.59 82.37 72.59 379.02 378.67 0.00 275.93 110.71 144.77 72.31 79.43 76.31 380.51 123.12 377.72 74.26 378.21 89.68 76.04 171.06-9999.00-9999.00-9999.00-9999.00-9999.00-9999.00-9999.00 84.01 76.75 88.23 78.39 87.96 76.52 79.40-9999.00-9999.00-9999.00-9999.00-9999.00-9999.00 77.79 179.67 94.80 86.04 313.75 370.14 83.51 84.29 191.53
81.02 376.47 75.90 117.54 377.13 83.51 385.90 113.26 83.35 358.82 74.75 147.99 377.99 77.79 0.00 76.99 82.68 97.27 384.79 87.70 82.01 130.98 85.21 377.73 82.56 78.71 0.00 153.16 73.30 91.34 127.68 310.17 74.03 0.00 87.96 84.12 174.52 72.72 89.11 81.16 73.37 370.49 260.79 75.36 237.38 73.30 75.53 75.19 87.70 156.42 75.53 217.66 73.84 116.00 128.85 82.80 74.61 114.98 211.56 87.22 0.00
214.71 73.93 82.44 344.21 297.79 72.93 74.75 73.66 376.22 80.17 75.71 81.16 72.71 381.62 90.89 73.09 360.50 209.18 387.24 84.07 91.75 399.83 73.51 83.96 378.67 74.61 310.48 74.25 73.58 379.47 79.78 81.63 82.80 72.70 142.44 239.72 376.51 376.73 80.17 388.22 381.10 0.00 79.78 88.51 358.32 75.04 143.26 211.41 378.54 317.13 123.18-9999.00-9999.00-9999.00-9999.00-9999.00-9999.00-9999.00-9999.00-9999.00-9999.00 -9999.00-9999.00-9999.00-9999.00-9999.00-9999.00-9999.00-9999.00 376.12 91.00 73.91 86.39 375.88 377.09 75.78 79.93 92.51
374.32 0.00 111.87 81.47 75.04 382.25 92.45 249.95 166.33 81.81 116.24 88.51 193.53 83.20 81.81 81.16 72.92 137.11 173.62 379.82 379.45 380.54 379.95 0.00 0.00 0.00 0.00 93.66 360.21 108.40 0.00 90.35 272.63 81.94 91.31 107.10 336.59 80.58 360.29 78.71-9999.00-9999.00-9999.00-9999.00-9999.00-9999.00-9999.00-9999.00-9999.00 -9999.00-9999.00 81.49 75.53 79.06 89.68 263.50 367.08 74.08 80.99 79.93 379.83 110.86 78.27 123.63 317.33 79.37 78.83 71.47 114.40 0.00 76.31
114.41 72.79 217.71 0.00 356.97 188.15 137.16 73.51 79.05 377.54 73.43 80.73 72.74 155.58 219.06 82.93 81.30 130.21 81.30 129.30 74.49 119.08 73.04 132.43 72.77 134.12 0.00 103.99 146.97 379.33 375.17 359.75 104.52 358.05 99.37 377.93 74.14 95.26 73.66 86.91 379.27 395.45 74.61 91.75-9999.00-9999.00-9999.00-9999.00-9999.00-9999.00 -9999.00-9999.00-9999.00-9999.00-9999.00 84.30 145.43 238.81 387.18 378.29 73.74 131.18 376.13 263.12 81.24 76.31 78.27 379.56 72.80 0.00 72.49
74.25 0.00 117.41 160.01 73.09 82.44 72.86 380.03 115.09 75.53 126.90 72.86 110.61 384.78 92.45 178.86 73.58 81.30 73.75 111.20 377.47 76.75 0.00 0.00 228.84 84.07 377.91 376.69 232.56 114.34 93.01 114.49 98.84 97.12 94.64 85.73 378.57 377.82 329.76 157.89 78.39-9999.00-9999.00-9999.00-9999.00-9999.00-9999.00-9999.00 -9999.00-9999.00-9999.00-9999.00-9999.00-9999.00-9999.00 78.66 120.89 147.96 0.00 113.61 78.86 71.29 144.04 71.33 306.90 0.00 137.51 361.04 175.30 147.55 74.08 180.31 371.04 84.30
133.38 79.78 72.73 132.29 309.10 82.44 0.00 94.89 378.77 378.68 376.42 310.05 164.40 185.52 85.38 352.30 86.95 84.12 73.24 150.53 210.64 78.08-9999.00-9999.00-9999.00-9999.00-9999.00-9999.00-9999.00-9999.00-9999.00 -9999.00-9999.00-9999.00-9999.00-9999.00-9999.00-9999.00-9999.00-9999.00 72.80 137.93 0.00 85.61 78.98 74.26 0.00 111.52 71.33 81.24 81.11 73.74 72.59 394.88 126.92 85.64 72.15 108.20 374.74 118.12 72.80 0.00 112.20 72.49 371.23 149.94 71.94 128.83 72.59 119.28 109.46 0.00 0.00 158.35 72.00 380.79 407.98 386.46
0.00 83.06 329.30 375.50 72.49 73.59 317.79 381.02 114.18 78.66 75.06 123.91 237.23 116.11 0.00 255.17 207.23 71.29 71.62 126.44 76.04 81.11 309.30 112.28 88.77 83.67 83.23 90.54 76.31 180.43 140.94 376.42 83.06 96.79 85.64 93.59 90.54 83.23 74.44 190.96 207.34 376.25 308.58 71.62 0.00 380.46 382.38 380.38 72.71 87.19 81.54 87.19 72.79 126.69 375.76 75.90 0.00 144.43 74.14 74.89 82.44
116.19 382.41 73.74 83.42 128.06 76.90 204.90 377.32 86.12 126.17 74.64 271.05 124.68 71.37 125.55 88.77 0.00 181.96 114.51 74.49 89.47 77.79 81.54 125.57 83.07 73.66 111.84 207.84 0.00 74.36 84.12 85.82 99.30 80.58 379.45 88.23 87.22 83.64 87.96 91.34 375.83 82.01 72.74 161.49 81.23 75.36 132.55 269.62 76.10 183.72 0.00 312.43 191.62 141.53 75.71 133.98 80.96 147.24 79.40 113.74 377.67
125.95 79.78 0.00 85.61 83.07 240.70 77.51 324.01 81.47 85.02 80.54 75.19 75.19 410.24 82.44 74.36 118.25 0.00 328.98 110.94 73.37 80.68 72.79 74.89 179.48 285.84 83.07 81.46 132.44 118.75 379.50 77.79 378.05 212.87 86.55 379.04 378.66 317.19 211.41 192.38 0.00 387.94 383.75 382.67 361.67 365.95 106.52 375.98 379.68 380.31 375.31 375.44 86.78 90.04 94.56 85.12 238.91 119.73 73.43 155.00 84.12
375.76 377.98 211.27 122.36 376.38 128.85 376.09 374.28 379.20 261.90 87.93 347.70 151.97 194.75 378.74 376.30 150.70 134.36 73.66-9999.00-9999.00-9999.00-9999.00-9999.00-9999.00-9999.00-9999.00-9999.00-9999.00-9999.00-9999.00-9999.00 -9999.00-9999.00-9999.00-9999.00-9999.00-9999.00-9999.00-9999.00-9999.00 81.63 78.71 305.33 73.17 380.33 376.62 75.53 379.10 71.37 130.41 74.64 0.00 378.78 0.00 252.15 122.65 73.74 84.92 128.02 160.50 0.00 165.02 72.49 81.36 169.86 382.95 140.62 139.80 73.44 71.28 0.00 376.13 162.18 110.86 78.27 72.40 379.47 377.45 83.05 71.29 381.44
76.31 78.74 79.62 94.00 90.71 79.42 0.00 118.87 78.27 86.95 135.27 77.56 71.94 128.34 165.91 261.08 0.00 79.93 72.49 125.56 0.00 71.57 78.94 71.47 79.62 81.12 76.27 84.66 71.35 73.09 133.43 80.46 73.75 82.44 85.21 87.22 0.00 0.00 0.00 281.80 83.00 79.87 375.96 375.90 131.54 350.74 376.70 85.75 83.80 119.34 378.37 165.77 72.79 76.75 181.62 377.12 345.78 84.07 74.61 374.20 86.04
383.65 141.47 83.07 75.71 195.97 369.57 83.51 375.69 0.00 0.00 227.42 376.58 84.00 102.88 75.59 83.20 128.29 123.53 74.14 87.96 81.46 342.27 82.68 376.07 79.05 75.36 379.40 119.20 84.83-9999.00-9999.00-9999.00-9999.00-9999.00-9999.00-9999.00-9999.00-9999.00-9999.00-9999.00-9999.00-9999.00-9999.00 -9999.00-9999.00-9999.00-9999.00-9999.00-9999.00-9999.00-9999.00-9999.00-9999.00-9999.00-9999.00-9999.00-9999.00-9999.00 88.77 85.64 357.54 98.59 91.00 87.11 272.70 376.22 378.97 0.00 111.96 71.87 71.32 108.51 346.89 80.17 73.59 109.10 174.98 0.00 127.05 80.40 78.86 71.41 151.28 0.00 180.23 71.50 83.23 71.66 0.00
186.01 83.06 80.26 111.70 75.04 279.65 95.32 90.50 92.45 91.75 74.14 382.21 79.78 376.94 267.95 75.36 79.78 75.36 348.24 245.14 117.82 74.49 115.09 376.92 87.19 382.73 345.57 128.03 141.62 77.79 86.95 80.50 72.72 74.25 155.48 388.74 80.58 73.84 72.74 154.79 0.00 0.00 387.10 81.94 80.18 91.96 379.32 149.06 110.12 73.00 73.30 112.06 73.37 358.32 126.60 75.71-9999.00-9999.00-9999.00-9999.00-9999.00-9999.00-9999.00-9999.00-9999.00-9999.00-9999.00-9999.00-9999.00-9999.00-9999.00-9999.00-9999.00-9999.00 -9999.00-9999.00-9999.00-9999.00-9999.00-9999.00-9999.00-9999.00-9999.00-9999.00-9999.00-9999.00-9999.00-9999.00-9999.00-9999.00-9999.00 81.39 81.93 94.39 112.53
377.70 97.93 81.14 0.00 0.00 0.00 97.83 309.29 88.98 159.56 76.58 379.09 376.05 375.70 74.08 115.69 89.68 71.44 298.02 378.82 91.75 176.18 391.31 81.02 88.67 376.57 79.78 82.44 0.00 90.35 381.04 314.00 282.67 136.67 75.19 82.01 82.44 159.80 81.72 225.62 375.80 326.77 119.27 73.84 88.81 145.00 73.75 72.93 124.91 76.52 0.00 81.94 163.75 282.37 98.71 382.35 75.19 81.72 92.22 384.06 378.71
76.90 122.33 376.71 78.27 378.40 378.35 0.00 379.68 84.96 358.36 376.05 80.88 388.92 0.00 78.66 76.90 85.27 134.82 365.07 89.47 388.89 383.11 390.44 384.44 379.54 114.82 80.78 82.80 78.39 381.20 75.36 353.27 73.37 80.07 86.04 247.83 76.10 74.36 125.08 294.97 376.93 103.33 85.27 80.84 73.66 108.40 0.00 0.00 361.37 336.56 323.33 230.01 122.55 73.19 80.35 121.81 84.47 72.75 111.65 88.23-9999.00-9999.00-9999.00-9999.00-9999.00-9999.00-9999.00-9999.00-9999.00-9999.00-9999.00-9999.00-9999.00-9999.00-9999.00-9999.00-9999.00-9999.00-9999.00-9999.00 -9999.00-9999.00-9999.00-9999.00-9999.00-9999.00-9999.00-9999.00-9999.00-9999.00-9999.00-9999.00-9999.00-9999.00-9999.00-9999.00-9999.00-9999.00-9999.00-9999.00
197.26 382.96 377.76 127.50 168.72 375.47 123.23 192.77 0.00 0.00 0.00 378.12 80.58 0.00 83.51 384.11 75.71 370.99 123.87 72.89 120.00 73.93 124.05 378.67 375.85 78.08 380.32 381.92 0.00 368.06 81.02 315.77 83.51 113.62 0.00 74.25 80.58 85.21 85.82 86.55 124.03 0.00 382.96 74.75 84.83 379.40 220.47 125.08 74.36-9999.00-9999.00-9999.00-9999.00-9999.00-9999.00-9999.00-9999.00-9999.00-9999.00-9999.00-9999.00-9999.00-9999.00-9999.00-9999.00-9999.00 -9999.00-9999.00-9999.00-9999.00-9999.00-9999.00-9999.00-9999.00-9999.00-9999.00-9999.00-9999.00-9999.00-9999.00-9999.00-9999.00-9999.00-9999.00-9999.00-9999.00-9999.00-9999.00-9999.00-9999.00-9999.00 88.54 72.15 179.93 344.47 77.22 421.63 119.61 75.78 73.04 129.76 87.55
81.47 74.14 111.24 363.14 137.37 74.36 72.89 124.72 376.83 0.00 367.91 125.94 80.82 85.21 82.01 81.46 88.23 0.00 115.01 74.14 82.93 375.75 180.21 74.14 75.19 165.88 354.69-9999.00-9999.00-9999.00-9999.00-9999.00-9999.00-9999.00-9999.00-9999.00-9999.00-9999.00-9999.00-9999.00-9999.00-9999.00-9999.00-9999.00-9999.00-9999.00 -9999.00-9999.00-9999.00-9999.00-9999.00-9999.00-9999.00-9999.00-9999.00-9999.00-9999.00-9999.00-9999.00-9999.00-9999.00-9999.00-9999.00-9999.00-9999.00-9999.00-9999.00-9999.00 85.61 85.64 150.44 377.30 91.49 73.74 91.49 81.91 82.37 121.66 73.91 0.00 0.00 0.00 300.49 0.00 150.42 105.62 91.18 122.31 86.67 88.54 151.10 88.77 165.80 87.87 228.71 93.05 87.87 79.49 76.90 393.62 376.67
381.18 378.20 347.31 285.55 87.92 362.96 120.12 73.93 82.44 0.00 74.49 84.64 122.63 85.61 116.34 84.29-9999.00-9999.00-9999.00-9999.00-9999.00-9999.00-9999.00-9999.00-9999.00-9999.00-9999.00-9999.00-9999.00-9999.00-9999.00-9999.00-9999.00-9999.00-9999.00-9999.00-9999.00-9999.00 -9999.00-9999.00-9999.00-9999.00-9999.00-9999.00-9999.00-9999.00-9999.00-9999.00-9999.00-9999.00-9999.00-9999.00-9999.00-9999.00-9999.00 75.78 168.95 80.88 74.26 87.25 80.40 72.92 169.38 122.42 130.79 381.90 0.00 0.00 124.55 71.76 72.59 369.47 74.64 132.85 371.75 377.32 0.00 358.03 95.89 355.39 375.89 105.62 380.50 146.64 87.11 93.14 344.67 378.82 354.82 128.06 83.67 78.66 77.56 99.93 97.93 110.87 376.25 0.00 382.67
384.65 0.00 72.76 78.39 134.54 85.82-9999.00-9999.00-9999.00-9999.00-9999.00-9999.00-9999.00-9999.00-9999.00-9999.00-9999.00-9999.00-9999.00-9999.00-9999.00-9999.00-9999.00-9999.00-9999.00-9999.00-9999.00-9999.00-9999.00-9999.00 -9999.00-9999.00-9999.00-9999.00-9999.00-9999.00-9999.00-9999.00-9999.00-9999.00-9999.00-9999.00-9999.00-9999.00-9999.00-9999.00-9999.00-9999.00-9999.00 83.42 85.64 87.90 382.16 157.50 90.76 88.20 75.29 75.29 121.50 352.39 78.27 384.50 72.23 73.91 76.04 113.71 380.14 0.00 0.00 267.76 377.72 399.26 374.48 375.52 257.28 377.59 204.56 111.33 379.49 376.44 348.71 381.45 80.88 91.49 76.04 79.93 91.92 375.16 375.70 376.49 376.77 137.92 131.00 0.00 376.63 365.42 376.17 362.07 179.96 375.82 378.34 386.71 179.96
298.27 403.75 97.12 202.98 131.00 377.55 375.62 263.62 327.13 379.83 0.00 0.00 385.80 377.19 327.23 378.58 379.87 0.00 318.89 381.38 185.43 388.89 267.76 135.74 375.17 186.02 92.21 133.21 88.20 73.59 74.08 81.65 78.78 128.63 71.81 379.34 0.00 99.30 382.44 380.14 381.01 73.51 80.58 81.30 74.61 73.66 111.90 379.22 365.25 72.81 127.08 122.72 175.94 74.03 134.75 85.61 79.78 346.97 118.21 82.68-9999.00-9999.00-9999.00-9999.00-9999.00-9999.00-9999.00-9999.00-9999.00-9999.00-9999.00-9999.00-9999.00-9999.00-9999.00-9999.00-9999.00-9999.00-9999.00-9999.00-9999.00-9999.00 -9999.00-9999.00-9999.00-9999.00-9999.00-9999.00-9999.00-9999.00-9999.00-9999.00-9999.00-9999.00-9999.00-9999.00-9999.00-9999.00-9999.00-9999.00-9999.00-9999.00-9999.00-9999.00-9999.00-9999.00-9999.00-9999.00-9999.00-9999.00-9999.00-9999.00-9999.00
375.50 375.76 234.90 375.21 234.90 0.00 323.80 375.39 376.19 0.00 255.75 90.21 224.23 98.38 113.65 140.98 375.41 108.77 78.78 355.56 354.29 90.21 75.24 84.23 83.44 95.15 116.21 96.99 112.52 123.30 378.67 376.14 376.47 155.99 294.51 278.05 376.15 376.15 376.15 0.00 0.00 0.00 328.74 376.53 312.94 0.00 357.53 269.57 377.02 361.83 184.59 222.43 375.64 133.29 371.34 381.39 372.66 84.09 361.84 379.89 88.29
380.14 384.08 77.81-9999.00-9999.00-9999.00-9999.00-9999.00-9999.00-9999.00-9999.00-9999.00-9999.00-9999.00-9999.00-9999.00-9999.00-9999.00-9999.00-9999.00-9999.00-9999.00-9999.00-9999.00-9999.00-9999.00 -9999.00-9999.00-9999.00-9999.00-9999.00-9999.00-9999.00-9999.00-9999.00-9999.00-9999.00-9999.00-9999.00-9999.00-9999.00-9999.00-9999.00-9999.00-9999.00-9999.00-9999.00-9999.00-9999.00-9999.00-9999.00-9999.00-9999.00-9999.00-9999.00-9999.00-9999.00-9999.00-9999.00-9999.00-9999.00-9999.00 126.13 376.50 375.09 373.67 377.34 375.91 375.94 377.52 377.54 377.84 294.51 294.51 0.00 0.00 312.95 375.00 382.74 375.91 297.82 297.82 375.00 377.32 297.82 376.11 297.82 0.00 348.84 87.98 88.12 82.20 83.29 88.97 92.19 77.41 188.36 215.44 109.67 78.38 386.98 78.38 98.20 102.89 81.66 85.61 369.55 108.58 86.93 0.00 383.76 282.64 375.91 81.05 383.26 172.80 0.00 376.44 376.22
375.21 226.97 0.00 382.53 375.22 216.90 375.37 375.33 313.61 155.99 372.96 315.18 362.25 117.93 86.96 81.50 82.45 80.49 72.07 80.18 97.83 94.77 80.61 375.69 84.09 379.97 79.21 85.96 96.57 83.59 72.85 119.59 93.02 378.27 75.49 72.37 74.55 379.17 72.07 114.36 94.73 369.96 93.94-9999.00-9999.00-9999.00-9999.00-9999.00-9999.00-9999.00-9999.00-9999.00-9999.00-9999.00-9999.00-9999.00-9999.00-9999.00-9999.00-9999.00-9999.00-9999.00-9999.00 -9999.00-9999.00-9999.00-9999.00-9999.00-9999.00-9999.00-9999.00-9999.00-9999.00-9999.00-9999.00-9999.00-9999.00-9999.00-9999.00-9999.00-9999.00-9999.00-9999.00-9999.00-9999.00-9999.00-9999.00-9999.00-9999.00-9999.00-9999.00-9999.00-9999.00-9999.00-9999.00-9999.00-9999.00-9999.00-9999.00-9999.00-9999.00-9999.00-9999.00-9999.00-9999.00-9999.00-9999.00-9999.00-9999.00-9999.00 375.62 294.52 0.00 375.27 269.57 375.34 312.95 379.89 0.00 375.00 294.52 375.52 351.35 269.57 375.00 375.00 378.82
294.52 294.51 0.00 294.52 0.00 0.00 294.51 375.13 377.64 375.43 375.25 236.31 324.27 193.11 376.27 375.45 181.10 123.30 202.06 180.60 89.56 397.33 358.05 295.37 78.20 79.21 0.00 78.78 87.42 74.77 91.85 121.13 381.68 79.21 194.70 198.87 83.44 370.33 388.00 383.46 173.08 85.47 85.47 90.67 91.85 380.70 77.33 338.05 407.91 369.34 128.29 85.64-9999.00-9999.00-9999.00-9999.00-9999.00-9999.00-9999.00-9999.00-9999.00-9999.00-9999.00-9999.00-9999.00-9999.00-9999.00-9999.00-9999.00-9999.00 -9999.00-9999.00-9999.00-9999.00-9999.00-9999.00-9999.00-9999.00-9999.00-9999.00-9999.00-9999.00-9999.00-9999.00-9999.00-9999.00-9999.00-9999.00-9999.00-9999.00-9999.00-9999.00-9999.00-9999.00-9999.00-9999.00-9999.00-9999.00-9999.00-9999.00-9999.00-9999.00-9999.00-9999.00-9999.00-9999.00-9999.00-9999.00-9999.00-9999.00-9999.00-9999.00-9999.00-9999.00-9999.00-9999.00-9999.00-9999.00-9999.00-9999.00-9999.00-9999.00-9999.00 375.59 0.00 294.51 375.71 222.37 367.21 274.70 312.95
