蒙特卡罗+CDRMV3/输出数据/2D水深分布/WaterDepthGIS_0152.ASC
ncols         539            
nrows         744            
xllcorner     602630.84259341
yllcorner     3914823.670891 
cellsize      50             
NODATA_value  -9999.00       
[rows 0 to 26 of 32, columns 366 to 426 of 539]
141.93 200.81 147.43 90.36-9999.00-9999.00-9999.00-9999.00-9999.00-9999.00-9999.00-9999.00-9999.00-9999.00-9999.00-9999.00-9999.00-9999.00-9999.00-9999.00-9999.00-9999.00-9999.00-9999.00-9999.00-9999.00-9999.00-9999.00-9999.00-9999.00-9999.00-9999.00-9999.00-9999.00-9999.00-9999.00-9999.00-9999.00-9999.00-9999.00-9999.00-9999.00-9999.00-9999.00-9999.00-9999.00-9999.00-9999.00-9999.00-9999.00-9999.00-9999.00-9999.00-9999.00-9999.00-9999.00-9999.00-9999.00-9999.00-9999.00-9999.00 96.84 84.04 92.36-9999.00-9999.00-9999.00-9999.00-9999.00-9999.00-9999.00-9999.00-9999.00-9999.00-9999.00-9999.00-9999.00-9999.00-9999.00-9999.00-9999.00-9999.00-9999.00-9999.00-9999.00-9999.00-9999.00-9999.00-9999.00-9999.00 75.01 373.85 88.47 377.42 115.65 82.82 74.80 83.05 75.28 116.31 139.36 376.66 377.32 381.62 385.29 384.23 80.09 0.00 120.08 84.10 377.49 140.48 78.45 75.35 304.95 78.45-9999.00-9999.00-9999.00-9999.00-9999.00-9999.00-9999.00-9999.00-9999.00-9999.00 -9999.00-9999.00-9999.00-9999.00-9999.00-9999.00-9999.00-9999.00-9999.00-9999.00-9999.00-9999.00-9999.00-9999.00 82.25 86.34 83.99 87.61 248.59 0.00 0.00 115.33 84.52-9999.00-9999.00-9999.00-9999.00-9999.00-9999.00-9999.00-9999.00-9999.00-9999.00-9999.00-9999.00-9999.00-9999.00-9999.00-9999.00-9999.00-9999.00-9999.00-9999.00-9999.00-9999.00-9999.00-9999.00-9999.00-9999.00-9999.00-9999.00-9999.00-9999.00-9999.00-9999.00-9999.00-9999.00-9999.00-9999.00-9999.00-9999.00-9999.00-9999.00-9999.00-9999.00-9999.00-9999.00-9999.00-9999.00-9999.00-9999.00-9999.00-9999.00-9999.00-9999.00-9999.00-9999.00-9999.00-9999.00-9999.00 94.79 378.71 78.95-9999.00-9999.00-9999.00-9999.00-9999.00-9999.00-9999.00-9999.00-9999.00-9999.00-9999.00-9999.00-9999.00-9999.00-9999.00-9999.00-9999.00-9999.00-9999.00-9999.00-9999.00-9999.00-9999.00-9999.00-9999.00-9999.00 84.41 202.85 85.41 377.38 237.61 74.71 294.85 76.17 88.71 74.89 115.40 376.64 375.05 383.95 80.75
297.27 157.94 83.18 87.04 80.75 80.75 126.42 0.00 85.04 86.12 0.00 379.05 282.53 368.75 168.18 87.11 125.54 89.72-9999.00-9999.00-9999.00 -9999.00-9999.00-9999.00-9999.00-9999.00-9999.00-9999.00-9999.00-9999.00-9999.00-9999.00-9999.00-9999.00-9999.00 74.74 129.88 313.57 76.86 77.26 0.00 135.04 74.83 87.61 85.27 94.01 102.97-9999.00-9999.00-9999.00-9999.00-9999.00-9999.00-9999.00-9999.00-9999.00-9999.00-9999.00-9999.00-9999.00-9999.00-9999.00-9999.00-9999.00-9999.00-9999.00-9999.00-9999.00-9999.00-9999.00-9999.00-9999.00-9999.00-9999.00-9999.00-9999.00-9999.00-9999.00-9999.00-9999.00-9999.00-9999.00-9999.00-9999.00 88.25 77.04 351.45 91.24 80.41 81.47 374.60-9999.00 85.41 115.51 123.77 78.00 334.96 307.79 0.00 90.75 278.18 85.04 376.65 83.11 78.95 81.47 376.67 77.40-9999.00-9999.00 82.50 83.05 75.82 315.48 285.75 129.12 113.90
90.59 91.60 112.71 340.66 383.32 382.08 293.27 129.35 79.78 80.09 128.89 177.90 77.40 144.42 381.36 0.00 84.04 143.12 92.36 74.95 187.26 75.01 76.17 381.06 77.04 371.00 114.31 88.03 74.95 113.04 376.26 376.48 75.28 84.76 95.02 74.52 269.34 378.15 75.62 75.72 388.76 383.20 0.00 0.00 0.00 123.99 75.35 143.04 74.46 74.64 75.01 84.30 78.45 74.75 75.20 74.71 82.37 76.43 75.07 0.00 141.59
76.72 226.88 379.04 81.85 192.34 75.93 226.09 74.71 117.38 79.49 168.17 345.86 358.16 76.17 83.18 81.47 0.00 0.00 96.92 97.27 86.12 88.42 98.79 89.45 250.21 89.99 78.69-9999.00-9999.00-9999.00-9999.00-9999.00-9999.00-9999.00-9999.00 -9999.00-9999.00-9999.00-9999.00-9999.00-9999.00-9999.00-9999.00-9999.00-9999.00-9999.00-9999.00 90.73 245.31 162.07 74.25 112.76 75.86 74.44 0.00 75.72 113.90 77.48 0.00 92.64 284.58 397.23 75.23 379.76 81.02 78.72 85.61 86.74 98.91 93.54 80.65 173.19 254.51 100.94 91.66 87.61 86.54 130.72 383.65 78.00
82.94 75.02 116.63 0.00 283.17 128.96 74.92 88.08 75.59 83.53 88.08 79.31 79.62 178.87 92.67 379.42 82.94 361.45 86.15 75.46 379.25 161.88 79.31 88.86 89.88 291.08 78.72 337.21 0.00 338.31 81.10 191.81 100.12 104.22 75.20 375.65 375.92 90.28 74.75 130.96 0.00 75.13 85.27 125.96 0.00 121.54 249.84 79.49 75.62 377.04 86.69 76.88 132.67 86.17 82.31 376.79 0.00 74.80 86.33 123.77 112.89
82.53 83.12 315.27 126.06 83.16 74.06 354.03 379.94 74.74 379.08 76.86 74.02 0.00 124.38 357.71 377.64 77.48 74.25 82.13 84.96 74.37 0.00 140.31 75.72 239.43 76.86 75.82 376.31 94.56 77.22 117.24 379.14 386.16 0.00 78.95 84.52 82.22 76.57 0.00 112.95 84.53 76.30 378.24 78.45 75.62 113.67 380.05 380.40 76.57 0.00 89.72 83.39 78.69 129.03 76.72 0.00 131.83 128.62 75.72 75.01 84.30
353.49 87.16 376.60 264.34 145.90 75.34 114.40 83.42 74.06 111.36 0.00 166.56 81.41 85.61 88.08 119.90 85.78 377.22 92.21 84.52 0.00 142.27 73.92 84.81 99.50 93.54 300.01 94.01 87.02 75.35 171.65 376.12 76.72 77.59 130.68 74.56 0.00 142.95 74.84 82.11 114.10 225.41 377.19 123.55 77.04 75.93 125.77 82.77 86.85 0.00 87.62 83.63 89.19 115.69 0.00 87.28 381.06 375.62 338.81 115.26 75.72
83.42 74.58 378.72 83.99 119.08 0.00 74.37 73.80 74.74 194.97 380.67 76.86 129.38 82.77 77.94 0.00 81.02 382.99 74.31 76.67 74.31 82.25 89.42 80.29 86.34 74.25 115.97 371.90 188.03 84.30 132.99 79.21 116.80 0.00 74.50 303.03 265.26 75.35 86.50 90.91 82.72 132.97 76.43 120.76 136.87 0.00 74.80 94.79 0.00 74.56 82.87 75.28 75.72 205.64 75.07 80.41 352.92 76.17 115.29 334.64 361.86
208.07 76.16 86.34 74.66 141.76 218.56 336.86 376.96 377.44 377.88 377.58 0.00 143.18 77.40 172.98 88.25 83.11 382.27 81.85 74.54 113.16 288.12 377.78 333.66 0.00 347.03 116.62 78.69 88.03 310.92 376.78 87.28 83.11 136.14 242.87 382.46 143.27 384.56 75.53 77.59 74.80 0.00 373.62 371.41 117.66 74.84 74.68 212.62 376.44 84.10 75.82 375.95 0.00 140.53 113.12 81.10 82.54 75.01 0.00 120.04 76.05
99.03 90.59 225.80 177.91 162.33 75.53 86.85 80.41 100.17 227.01 82.99 76.17 74.75 377.26 85.04 0.00 376.65 81.10 82.25 379.10 0.00 356.36 89.99 83.47 85.01 118.23 82.31 80.41 131.19 130.93 76.05 370.62 77.04 121.54 326.30 135.80 87.90 0.00 0.00 78.22 237.79 87.22 82.40 76.88 0.00 0.00 380.32 188.44 379.79 375.47 365.32 310.04 268.20 124.72 76.17 377.62 75.53 88.71 75.82 378.55 78.45
121.56 84.88 85.41 88.47 85.14 86.17 80.41 88.54 80.41 129.34 361.43 207.13 236.00 0.00 0.00 108.67 376.99 335.62 381.42 379.23 243.72 0.00 93.68 0.00 83.11 79.78 127.10 113.99 84.52 181.76 365.83 154.41 128.42 87.90-9999.00-9999.00-9999.00-9999.00-9999.00-9999.00-9999.00-9999.00-9999.00 -9999.00-9999.00-9999.00-9999.00-9999.00-9999.00-9999.00-9999.00-9999.00-9999.00 74.44 244.86 0.00 75.02 81.62 78.72 81.97 75.86 0.00 113.49 84.96 75.86 126.52 83.12 76.01 0.00 74.11 301.62 119.93 79.62 79.95 382.44 129.27 79.62 89.14 234.58
102.88-9999.00-9999.00-9999.00-9999.00-9999.00-9999.00-9999.00-9999.00-9999.00-9999.00 -9999.00-9999.00-9999.00-9999.00-9999.00-9999.00-9999.00-9999.00-9999.00 75.34 113.27 396.47 0.00 75.86 76.01 0.00 78.72 83.87 76.86 120.32 117.63 74.20 112.92 363.92 0.00 178.41 85.80 86.95 75.46 229.05 384.76 74.83 79.31 85.96 145.39 380.68 77.70 75.12 111.65 375.44 0.00 156.19 139.72 77.94 74.83 375.72 75.46 75.02 381.32 75.12 378.31 73.83 122.62 73.84 0.00 131.17 73.78 86.54 87.61 82.32 83.16 234.79 302.05 86.74 79.78 142.50 375.38 0.00
354.30 74.58 74.01 111.53 0.00 91.81 139.87 138.85 91.81 131.65 82.39 73.95 385.66 0.00 0.00 377.30 141.49 77.04 362.18 251.45 86.65 76.43 143.23 172.83 341.99 0.00 77.79 75.44 385.01 237.83 375.87 340.06 185.61 377.50 76.72 84.52 84.04 0.00 0.00 0.00 0.00 0.00 0.00 0.00 92.61 260.57 79.78 383.02 182.05 90.28 83.56 379.12 378.50 0.00 83.56 277.69 377.73 377.21 390.85 301.45 376.40
126.54 362.92 381.92 77.79 77.22 78.22 114.70 338.70 383.81 0.00 208.84 376.54 136.18 377.99 250.62 375.71 372.93 174.51 81.54 125.70 191.82 115.08 0.00 81.47 324.51 141.50 78.00 378.29 148.83 78.69-9999.00-9999.00-9999.00-9999.00-9999.00-9999.00-9999.00-9999.00-9999.00-9999.00-9999.00-9999.00-9999.00-9999.00 -9999.00-9999.00-9999.00-9999.00-9999.00-9999.00-9999.00-9999.00-9999.00-9999.00-9999.00 90.69 85.23 89.72 81.82 377.69 80.29 377.17 79.31 81.26 82.85 196.73 379.93 0.00 0.00 0.00 79.01 75.23 122.27 0.00 0.00 0.00 77.70 0.00 88.37 127.27 297.36 82.68 73.83 277.09 0.00
92.64 161.64 79.31 377.06 75.59 83.99 73.85 124.22 264.21 115.69 79.62 0.00 326.29 73.87 89.72 89.08 84.96 87.61 81.02 377.12 73.92 149.64 376.37 178.47 0.00 0.00 0.00 378.29 310.60 379.40 89.96 375.47 384.62 383.57 139.69 86.12 90.91 79.78 85.01 77.40 79.21 377.24 77.40 74.49 75.28 137.58 371.64 89.96 80.41 78.69 148.90 93.68 86.12 132.92 210.78 378.99 126.20 88.25 104.22 86.50 85.41
377.59 378.57 378.77 81.41 0.00 75.72 189.15 73.95 75.12 138.41 368.94 75.23 150.35 204.53 136.18 117.20 76.67 0.00 141.56 75.86 78.19 0.00 0.00 75.23 83.87 345.49 76.16 94.01 84.38 78.72 85.12 82.25 83.53 75.02 377.61 0.00 390.60 307.33 75.72 80.65 185.26 85.12 86.40 203.83 414.22 0.00 81.82 375.53 119.99 133.43 85.78 376.73 74.58 74.92 91.24 84.76 80.75 80.41 90.28 81.10 76.88
376.24 376.76 369.13 195.34 115.59-9999.00-9999.00-9999.00-9999.00-9999.00-9999.00-9999.00-9999.00-9999.00-9999.00-9999.00-9999.00-9999.00-9999.00-9999.00-9999.00-9999.00-9999.00-9999.00-9999.00 -9999.00-9999.00-9999.00-9999.00-9999.00-9999.00-9999.00-9999.00-9999.00-9999.00-9999.00-9999.00-9999.00-9999.00-9999.00-9999.00-9999.00-9999.00-9999.00 98.23 84.15 93.54 83.64 132.63 79.62 384.50 321.61 378.24 78.45 74.11 215.48 355.43 378.33 113.78 116.43 81.39 144.08 380.40 0.00 373.71 114.50 185.73 80.65 74.44 75.12 381.87 406.00 251.54 86.40 84.38 85.23 83.87 148.06 83.42 87.84 82.46 74.15 226.71 98.23 0.00 89.88 0.00 267.12 92.67 376.20 227.36 108.22 133.64 375.08 379.52 85.23 86.34 88.33 88.59
88.08 81.41 313.75 100.94 377.22 77.48 391.35 373.43 365.95 381.46 75.34 74.51 81.25 81.27 122.24 131.42 0.00 135.84 126.55 91.42 79.01 92.67 0.00 82.69 73.99 90.69 79.01 371.35 275.74 315.54 81.82 379.53 116.04 124.00 368.08 306.14 314.59 377.01 134.71 0.00 380.76 378.82 182.93 139.07 76.01 74.74 247.36 77.05 87.16 80.29 379.18 157.73 0.00 93.77 376.72 135.73 89.88 0.00 126.46 82.25 87.68
172.60 378.56 375.61 86.40 0.00 81.82 77.70 182.62 87.02 378.98 375.32 84.15 196.04 165.63 96.03 93.77 96.03 158.38 123.53 178.77 123.53 306.97 99.23 83.93 169.07 87.57 179.42 210.37 93.54 76.49 80.29 77.26 89.10 394.04 273.03 376.88 379.19 77.70 383.72 85.23 0.00 383.19 242.44 385.00 195.26 175.52 226.96 382.17 153.84 0.00 0.00 375.99 104.63 83.56 79.21 375.56 85.04 88.03 75.35 380.19 77.22
92.67 96.03 0.00 179.60 106.24 379.75 371.45 377.23 390.54 381.72 89.10 92.64 96.43 100.94 84.15 377.22 94.49 87.61 80.29 91.66 376.92 0.00 221.07 377.66 86.40 265.51 252.21 375.17 358.71 376.16 233.70 85.04 112.67 168.04 342.84 94.09 77.79 118.50 318.84 78.69 77.40 376.72 318.24 114.87 85.57 83.55 76.88 76.05 363.32 379.68 75.44 121.63 377.79 0.00 377.21 165.28 120.86 88.94 83.32 84.76 83.56
224.10 96.24 83.41 89.72 82.69 86.40 379.75 340.67 86.40 92.21 75.86 123.84 354.89 378.33 379.68 0.00 270.33 300.92 376.19 216.78 322.69 390.44 356.53 376.75 143.18 123.53 363.04 0.00 199.58 91.66 291.99 78.00 324.70 76.17 81.85 88.47 76.30 131.42 309.06 380.91 77.40 380.28 76.43 0.00 377.74 121.72 383.60 75.62 146.31 151.49 325.32 75.53 353.14 75.62 95.95 0.00 336.77 115.81 78.22 93.64 88.25
358.29 202.39 380.89 255.15 0.00 242.44 202.39 198.60 375.28 0.00 323.97 372.75 0.00 143.18 109.96 98.53 377.26 211.40 105.87 277.83 377.86 76.30 76.88 376.11 81.47 376.00 79.78 359.34 0.00 81.85 93.64 86.65 74.68 82.34 85.91 169.90 83.47 77.79 286.43 127.57 77.04 88.94 120.39 382.41 136.52 75.53 86.67 86.33-9999.00-9999.00-9999.00-9999.00-9999.00-9999.00-9999.00-9999.00-9999.00-9999.00-9999.00-9999.00-9999.00-9999.00-9999.00-9999.00-9999.00-9999.00-9999.00-9999.00-9999.00-9999.00-9999.00-9999.00 -9999.00-9999.00-9999.00-9999.00-9999.00-9999.00-9999.00-9999.00-9999.00-9999.00-9999.00-9999.00-9999.00-9999.00-9999.00-9999.00-9999.00-9999.00-9999.00-9999.00-9999.00 87.38 83.64 80.65 93.77 154.52 377.13 375.98 381.65 386.43 382.14 411.28 98.38
83.99 75.72 78.45 80.29 337.42 336.64 377.40 377.41 378.04 338.05 333.62 0.00 360.10 376.06 378.29 355.73 119.62 105.47 0.00 376.15 377.21 165.00 177.46 162.68 99.11 88.10 78.72 81.02 87.02 356.01 274.01 376.16 375.63 377.70 151.21 213.54 311.69 252.21 375.87 372.78 308.01 337.43 0.00 326.90 0.00 377.14 326.90 375.41 378.09 0.00 375.67 284.57 323.97 376.95 375.34 376.31 297.54 85.31 268.86 91.65 77.80
347.75 136.01 130.30 75.30 74.49 82.10 84.93 82.80 75.38 83.55 78.45 118.49 136.09 247.82 147.92 141.14 343.84 78.95 90.91 375.40 91.83 381.14 112.71 85.04-9999.00-9999.00-9999.00-9999.00-9999.00-9999.00-9999.00-9999.00-9999.00-9999.00-9999.00-9999.00-9999.00-9999.00-9999.00-9999.00-9999.00-9999.00-9999.00-9999.00-9999.00 -9999.00-9999.00-9999.00-9999.00-9999.00-9999.00-9999.00-9999.00-9999.00-9999.00-9999.00-9999.00-9999.00-9999.00-9999.00-9999.00-9999.00-9999.00-9999.00-9999.00-9999.00-9999.00-9999.00-9999.00-9999.00-9999.00-9999.00-9999.00-9999.00-9999.00-9999.00-9999.00-9999.00 89.78 224.38 377.54 179.60 381.83 380.23 376.16 376.42 375.42 206.47 375.28 295.81 0.00 324.95 0.00 375.00 370.39 92.55 89.25 110.21 96.42 87.91 91.16 103.98 128.74 89.25 381.77 375.81 144.78 86.66 347.61 87.27 375.76 347.98 87.77 118.53
375.97 381.65 376.14 378.90 77.23 79.47 379.36 381.64 399.72 379.46 74.54 83.64 100.58 92.80 75.65 83.48 386.84 87.27 203.30 80.70 378.12 241.49 413.52 89.28 0.00 0.00 382.81 92.64 153.00-9999.00-9999.00-9999.00-9999.00-9999.00-9999.00-9999.00-9999.00-9999.00-9999.00-9999.00-9999.00-9999.00-9999.00-9999.00-9999.00-9999.00-9999.00-9999.00-9999.00-9999.00-9999.00-9999.00 -9999.00-9999.00-9999.00-9999.00-9999.00-9999.00-9999.00-9999.00-9999.00-9999.00-9999.00-9999.00-9999.00-9999.00-9999.00-9999.00-9999.00-9999.00-9999.00-9999.00-9999.00-9999.00-9999.00-9999.00-9999.00-9999.00-9999.00-9999.00-9999.00-9999.00-9999.00-9999.00-9999.00-9999.00-9999.00-9999.00-9999.00 281.84 367.75 375.00 375.39 374.02 349.80 375.27 375.27 375.14 0.00 295.81 333.08 287.14 0.00 359.40 295.81 376.54 375.00 295.81 295.81 295.81 376.75 376.78 295.81 375.07 0.00 348.39 98.82 98.82 106.69 381.18
0.00 295.81 295.81 295.81 378.20 0.00 359.34 375.00 295.81 0.00 0.00 0.00 0.00 375.00 295.81 375.00 295.81 320.03 0.00 0.00 375.77 378.00 175.55 375.51 272.91 375.32 365.80 131.58 375.19 319.36 152.14 376.61 156.33 77.06 155.42 74.64 145.06 132.37 84.33 96.64 234.61 367.04 376.26 99.96 375.92 166.37 93.69 83.03 361.81 376.91 84.45 383.24 78.94 170.89 75.38 375.73 81.05 376.50 88.20 377.31 84.00
299.10 0.00 375.00 0.00 375.38 295.81 0.00 295.81 375.52 375.18 295.81 295.81 375.94 375.00 329.78 375.00 0.00 0.00 295.81 295.81 0.00 377.95 375.55 225.94 375.41 295.29 123.55 146.51 375.47 99.61 375.19 375.27 377.27 80.37 78.45 378.59 286.94 138.33 78.01 0.00 82.60 137.49 83.03 158.66 78.45 76.32 413.01 96.04 378.82 82.60 88.58 0.00 385.66 145.65 83.03 95.60 84.45 165.63 99.38 79.32 0.00
