蒙特卡罗+CDRMV3/输出数据/2D水深分布/WaterDepthGIS_0139.ASC
ncols         539            
nrows         744            
xllcorner     602630.84259341
yllcorner     3914823.670891 
cellsize      50             
NODATA_value  -9999.00       
[rows 0 to 26 of 32, columns 366 to 426 of 539]
160.26 207.48 163.57 97.04-9999.00-9999.00-9999.00-9999.00-9999.00-9999.00-9999.00-9999.00-9999.00-9999.00-9999.00-9999.00-9999.00-9999.00-9999.00-9999.00-9999.00-9999.00-9999.00-9999.00-9999.00-9999.00-9999.00-9999.00-9999.00-9999.00-9999.00-9999.00-9999.00-9999.00-9999.00-9999.00-9999.00-9999.00-9999.00-9999.00-9999.00-9999.00-9999.00-9999.00-9999.00-9999.00-9999.00-9999.00-9999.00-9999.00-9999.00-9999.00-9999.00-9999.00-9999.00-9999.00-9999.00-9999.00-9999.00-9999.00-9999.00 102.87 90.53 99.20-9999.00-9999.00-9999.00-9999.00-9999.00-9999.00-9999.00-9999.00-9999.00-9999.00-9999.00-9999.00-9999.00-9999.00-9999.00-9999.00-9999.00-9999.00-9999.00-9999.00-9999.00-9999.00-9999.00-9999.00-9999.00-9999.00 81.33 375.39 95.06 377.53 122.85 89.36 81.10 89.58 81.62 124.40 147.66 377.69 378.09 382.48 386.00 384.93 86.68 0.00 127.60 90.59 378.56 147.36 85.01 81.71 324.90 85.01-9999.00-9999.00-9999.00-9999.00-9999.00-9999.00-9999.00-9999.00-9999.00-9999.00 -9999.00-9999.00-9999.00-9999.00-9999.00-9999.00-9999.00-9999.00-9999.00-9999.00-9999.00-9999.00-9999.00-9999.00 88.65 92.73 90.37 94.06 289.89 0.00 0.00 122.63 90.89-9999.00-9999.00-9999.00-9999.00-9999.00-9999.00-9999.00-9999.00-9999.00-9999.00-9999.00-9999.00-9999.00-9999.00-9999.00-9999.00-9999.00-9999.00-9999.00-9999.00-9999.00-9999.00-9999.00-9999.00-9999.00-9999.00-9999.00-9999.00-9999.00-9999.00-9999.00-9999.00-9999.00-9999.00-9999.00-9999.00-9999.00-9999.00-9999.00-9999.00-9999.00-9999.00-9999.00-9999.00-9999.00-9999.00-9999.00-9999.00-9999.00-9999.00-9999.00-9999.00-9999.00-9999.00-9999.00-9999.00-9999.00 101.18 379.17 85.52-9999.00-9999.00-9999.00-9999.00-9999.00-9999.00-9999.00-9999.00-9999.00-9999.00-9999.00-9999.00-9999.00-9999.00-9999.00-9999.00-9999.00-9999.00-9999.00-9999.00-9999.00-9999.00-9999.00-9999.00-9999.00-9999.00 90.89 248.90 91.87 377.47 275.59 81.01 316.85 82.59 95.32 81.21 123.43 376.76 375.51 384.11 87.34
318.65 162.80 89.70 93.51 87.34 87.34 134.75 0.00 91.50 92.57 0.00 379.09 313.09 370.17 185.09 98.50 143.03 96.46-9999.00-9999.00-9999.00 -9999.00-9999.00-9999.00-9999.00-9999.00-9999.00-9999.00-9999.00-9999.00-9999.00-9999.00-9999.00-9999.00-9999.00 81.02 139.80 341.50 83.26 83.67 0.00 144.93 81.11 94.06 91.65 100.48 112.23-9999.00-9999.00-9999.00-9999.00-9999.00-9999.00-9999.00-9999.00-9999.00-9999.00-9999.00-9999.00-9999.00-9999.00-9999.00-9999.00-9999.00-9999.00-9999.00-9999.00-9999.00-9999.00-9999.00-9999.00-9999.00-9999.00-9999.00-9999.00-9999.00-9999.00-9999.00-9999.00-9999.00-9999.00-9999.00-9999.00-9999.00 94.82 83.53 370.87 98.12 87.00 88.04 375.69-9999.00 91.87 122.86 133.17 84.54 351.79 324.86 0.00 97.61 299.81 91.50 377.44 89.63 85.52 88.04 377.22 83.91-9999.00-9999.00 89.05 89.58 82.22 345.30 316.51 139.58 121.62
97.43 98.48 126.34 357.60 383.69 382.56 324.59 137.40 86.38 86.68 144.13 199.07 83.91 160.45 382.29 0.00 90.53 164.44 99.20 81.27 210.10 81.33 82.59 381.96 83.53 375.55 121.36 94.58 81.27 120.83 376.84 377.18 81.62 91.23 101.36 80.80 311.20 378.36 82.00 82.10 389.77 383.87 0.00 0.00 0.00 131.82 81.71 153.31 80.73 80.94 81.33 90.79 85.01 81.05 81.54 81.01 88.92 82.88 81.39 0.00 146.39
83.19 263.05 379.39 88.42 208.24 82.33 269.20 81.01 125.09 86.08 182.29 363.74 369.45 82.59 89.70 88.04 0.00 0.00 102.94 103.32 92.57 94.86 110.79 96.16 281.00 96.77 85.26-9999.00-9999.00-9999.00-9999.00-9999.00-9999.00-9999.00-9999.00 -9999.00-9999.00-9999.00-9999.00-9999.00-9999.00-9999.00-9999.00-9999.00-9999.00-9999.00-9999.00 97.43 275.92 179.70 80.50 119.43 82.21 80.70 0.00 82.06 121.55 83.90 0.00 99.30 301.60 399.15 81.54 380.80 87.45 85.16 91.99 93.14 105.72 100.08 87.08 203.63 266.14 109.03 98.37 94.06 92.93 144.39 384.72 84.54
89.33 81.32 124.47 0.00 314.23 138.77 81.21 94.57 81.92 89.91 94.57 85.75 86.06 207.76 99.33 379.70 89.33 374.21 92.54 81.79 379.89 170.36 85.75 95.41 96.53 324.06 85.16 351.55 0.00 357.86 87.68 213.60 107.96 114.94 81.54 376.79 376.06 97.10 81.05 141.45 0.00 81.47 91.73 141.08 0.00 129.26 261.69 86.08 82.00 377.69 93.15 83.36 141.18 92.62 88.86 376.89 0.00 81.10 92.79 134.18 119.70
88.93 89.51 351.84 133.72 89.55 80.30 363.84 380.03 81.02 379.70 83.26 80.26 0.00 132.15 370.79 377.92 83.90 80.50 88.54 91.33 80.63 0.00 145.69 82.06 270.16 83.26 82.22 376.64 101.00 83.72 125.29 379.74 387.29 0.00 85.52 91.00 88.77 83.03 0.00 119.88 91.01 82.73 378.64 85.01 82.00 121.51 380.46 380.88 83.03 0.00 96.46 89.91 85.26 137.69 83.19 0.00 144.81 139.05 82.10 81.33 90.79
368.03 93.59 377.11 297.76 165.02 81.66 121.58 89.81 80.30 118.87 0.00 194.95 87.83 91.99 94.57 128.26 92.16 377.52 98.90 90.89 0.00 151.45 80.15 91.18 106.66 100.08 328.06 100.48 93.44 81.71 183.82 376.09 83.19 84.11 145.17 80.85 0.00 147.30 81.15 88.67 121.99 248.18 377.87 133.34 83.53 82.33 136.17 89.31 93.32 0.00 94.13 90.14 95.87 122.65 0.00 93.77 381.52 376.37 352.88 123.25 82.10
89.81 80.85 379.08 90.37 126.90 0.00 80.63 80.02 81.02 224.12 381.26 83.26 138.11 89.16 84.37 0.00 87.45 383.26 80.56 83.06 80.56 88.66 96.03 86.73 92.73 80.50 123.78 375.50 220.28 90.79 144.40 85.80 124.60 0.00 80.78 315.91 292.27 81.71 92.96 97.77 89.26 141.43 82.88 129.76 147.22 0.00 81.10 101.18 0.00 80.85 89.41 81.62 82.10 235.20 81.39 87.00 365.97 82.59 123.26 353.67 367.34
229.64 82.53 92.73 80.93 151.59 246.40 366.91 377.06 377.54 377.92 377.55 0.00 155.17 83.91 187.84 94.82 89.64 382.79 88.42 80.82 120.96 323.92 378.18 338.59 0.00 363.74 123.72 85.26 94.58 331.27 377.79 93.77 89.63 146.36 276.84 382.74 153.56 385.27 81.89 84.11 81.10 0.00 376.55 376.44 125.90 81.15 80.97 245.85 376.81 90.59 82.22 375.92 0.00 154.57 120.55 87.68 89.09 81.33 0.00 127.95 82.46
105.94 97.43 258.05 191.84 186.49 81.89 93.32 87.00 108.06 252.15 89.52 82.59 81.05 378.29 91.50 0.00 377.55 87.68 88.81 379.49 0.00 369.97 96.77 89.99 91.47 125.94 88.86 87.00 138.59 138.37 82.46 375.89 83.53 129.23 350.10 147.83 94.43 0.00 0.00 84.77 257.13 93.71 88.95 83.36 0.00 0.00 380.67 200.72 379.52 375.45 373.44 330.98 305.80 132.51 82.59 377.77 81.89 95.32 82.22 378.58 85.01
129.52 91.35 91.87 95.06 91.60 92.62 87.00 95.14 87.00 137.14 365.20 217.38 243.82 0.00 0.00 121.24 376.89 334.24 381.23 378.98 256.27 0.00 100.32 0.00 89.63 86.38 134.64 122.58 91.00 205.69 374.43 180.23 139.69 94.43-9999.00-9999.00-9999.00-9999.00-9999.00-9999.00-9999.00-9999.00-9999.00 -9999.00-9999.00-9999.00-9999.00-9999.00-9999.00-9999.00-9999.00-9999.00-9999.00 80.70 265.14 0.00 81.32 88.04 85.16 88.38 82.21 0.00 120.19 91.33 82.21 136.18 89.51 82.37 0.00 80.35 328.00 128.24 86.06 86.39 383.47 136.99 86.06 95.72 253.48
112.84-9999.00-9999.00-9999.00-9999.00-9999.00-9999.00-9999.00-9999.00-9999.00-9999.00 -9999.00-9999.00-9999.00-9999.00-9999.00-9999.00-9999.00-9999.00-9999.00 81.66 120.87 399.62 0.00 82.21 82.37 0.00 85.16 90.25 83.26 128.88 125.60 80.45 120.50 371.96 0.00 185.19 92.18 93.36 81.79 260.22 386.23 81.11 85.75 92.35 163.95 381.02 84.13 81.43 119.16 376.18 0.00 175.85 149.56 84.37 81.11 375.94 81.79 81.32 382.73 81.43 378.89 80.05 131.92 80.06 0.00 140.80 80.00 92.93 94.06 88.72 89.55 265.85 321.17 93.14 86.38 155.46 375.47 0.00
364.07 80.85 80.24 119.05 0.00 98.52 155.79 156.50 98.52 141.04 88.79 80.18 385.79 0.00 0.00 378.50 167.89 83.53 376.14 267.78 92.93 82.88 154.00 214.55 337.36 0.00 84.32 81.80 385.47 261.12 376.03 349.94 216.84 378.23 83.19 91.00 90.53 0.00 0.00 0.00 0.00 0.00 0.00 0.00 99.43 285.83 86.38 383.60 194.38 97.10 90.07 379.58 378.86 0.00 90.07 295.07 377.84 377.23 391.96 304.12 376.22
138.25 373.20 382.86 84.32 83.72 84.77 122.48 352.65 383.29 0.00 226.69 376.79 156.80 377.78 280.60 375.75 373.61 203.12 91.46 136.00 232.75 123.05 0.00 88.04 353.50 149.10 84.54 378.58 168.58 85.26-9999.00-9999.00-9999.00-9999.00-9999.00-9999.00-9999.00-9999.00-9999.00-9999.00-9999.00-9999.00-9999.00-9999.00 -9999.00-9999.00-9999.00-9999.00-9999.00-9999.00-9999.00-9999.00-9999.00-9999.00-9999.00 97.39 91.60 96.35 88.23 378.69 86.73 377.90 85.75 87.69 89.24 235.02 380.85 0.00 0.00 0.00 85.45 81.54 130.23 0.00 0.00 0.00 84.13 0.00 94.88 137.40 331.64 89.08 80.05 296.40 0.00
99.30 178.07 85.75 377.74 81.92 90.37 80.07 134.11 307.72 123.24 86.06 0.00 338.00 80.10 96.35 101.13 91.33 94.06 87.45 378.55 80.15 160.41 376.95 206.49 0.00 0.00 0.00 378.60 325.14 380.10 96.73 376.16 385.28 384.14 156.46 92.57 97.77 86.38 91.47 83.91 85.80 377.72 83.91 80.77 81.62 143.98 375.83 96.73 87.00 85.26 171.48 100.32 92.57 145.04 242.42 380.03 134.93 94.82 114.94 92.96 91.87
378.09 379.17 379.56 87.83 0.00 82.06 212.44 80.18 81.43 143.68 372.81 81.54 161.56 232.65 145.81 125.13 83.06 0.00 149.77 82.21 84.62 0.00 0.00 81.54 90.25 356.58 82.53 100.48 90.76 85.16 91.49 88.66 89.91 81.32 378.16 0.00 390.62 344.47 82.06 87.08 215.90 91.49 92.79 218.37 415.99 0.00 88.23 376.18 128.06 143.04 92.16 377.17 80.85 81.21 98.12 91.23 87.34 87.00 97.10 87.68 83.36
376.70 377.13 375.56 227.01 123.21-9999.00-9999.00-9999.00-9999.00-9999.00-9999.00-9999.00-9999.00-9999.00-9999.00-9999.00-9999.00-9999.00-9999.00-9999.00-9999.00-9999.00-9999.00-9999.00-9999.00 -9999.00-9999.00-9999.00-9999.00-9999.00-9999.00-9999.00-9999.00-9999.00-9999.00-9999.00-9999.00-9999.00-9999.00-9999.00-9999.00-9999.00-9999.00-9999.00 104.69 90.52 100.08 90.02 141.82 86.06 386.22 343.66 378.81 84.89 80.35 242.89 374.51 378.65 121.41 124.19 87.81 164.60 381.36 0.00 376.39 124.00 216.38 87.08 80.70 81.43 382.68 408.76 281.11 92.79 90.76 91.60 90.25 159.02 89.81 94.31 88.86 80.39 248.20 104.69 0.00 96.53 0.00 278.14 99.33 376.58 248.64 117.78 146.58 375.19 380.13 91.60 92.73 94.84 95.12
94.57 87.83 327.52 109.03 377.63 83.90 392.32 375.57 374.51 381.72 81.66 80.77 87.67 87.69 130.51 140.84 0.00 144.46 135.12 98.14 85.45 99.33 0.00 89.09 80.22 97.39 85.45 376.01 293.88 338.19 88.23 379.73 123.83 133.33 372.84 335.38 326.49 377.83 148.13 0.00 381.80 379.61 209.63 144.33 82.37 81.02 273.09 83.46 93.59 86.73 379.30 169.98 0.00 100.28 376.99 149.13 96.53 0.00 139.91 88.65 94.14
204.32 378.89 375.65 92.79 0.00 88.23 84.13 187.34 93.44 379.30 375.65 90.52 207.96 190.68 102.20 100.28 102.20 170.59 136.48 189.45 136.48 319.32 106.51 90.07 187.25 93.85 206.37 229.03 100.08 82.88 86.73 83.67 95.68 397.81 292.00 378.88 381.96 84.13 385.71 91.60 0.00 384.17 248.11 385.87 212.41 185.89 233.31 382.07 168.27 0.00 0.00 375.98 115.57 90.07 85.80 376.15 91.50 94.58 81.71 380.94 83.72
99.33 102.20 0.00 201.65 121.69 380.62 375.84 377.79 392.87 383.04 95.68 99.30 102.58 109.03 90.52 377.60 100.88 94.06 86.73 98.37 377.57 0.00 228.39 377.86 92.79 269.40 263.63 375.17 357.79 376.28 255.26 91.20 126.87 181.48 356.19 100.65 84.32 126.74 348.48 85.26 83.91 376.74 354.82 121.85 92.03 90.06 83.36 82.46 371.92 379.80 81.80 130.96 378.25 0.00 377.91 201.42 131.90 95.59 89.84 91.23 90.07
243.98 102.18 89.55 96.35 89.09 92.79 379.97 348.01 92.79 98.90 82.21 133.34 365.42 378.66 379.94 0.00 274.29 307.09 376.22 223.91 325.89 391.37 357.83 376.85 155.76 136.48 368.73 0.00 223.94 98.37 309.56 84.54 337.06 82.59 88.42 95.06 82.73 140.77 334.08 380.99 83.91 380.63 82.88 0.00 377.99 136.56 383.71 82.00 153.24 177.61 350.60 81.89 367.26 82.00 102.08 0.00 358.32 123.64 84.77 100.29 94.82
367.94 211.19 381.21 259.95 0.00 248.11 211.19 207.16 375.49 0.00 326.41 373.09 0.00 155.76 121.55 105.37 377.40 229.25 116.41 295.62 378.33 82.73 83.36 376.60 88.04 376.31 86.38 368.26 0.00 88.42 100.29 92.93 80.84 88.61 92.16 209.90 89.99 84.32 332.17 137.42 83.53 95.59 132.47 382.73 143.76 81.89 93.14 92.79-9999.00-9999.00-9999.00-9999.00-9999.00-9999.00-9999.00-9999.00-9999.00-9999.00-9999.00-9999.00-9999.00-9999.00-9999.00-9999.00-9999.00-9999.00-9999.00-9999.00-9999.00-9999.00-9999.00-9999.00 -9999.00-9999.00-9999.00-9999.00-9999.00-9999.00-9999.00-9999.00-9999.00-9999.00-9999.00-9999.00-9999.00-9999.00-9999.00-9999.00-9999.00-9999.00-9999.00-9999.00-9999.00 93.82 90.02 87.08 100.28 176.81 377.95 376.93 382.85 387.54 382.90 414.67 104.91
90.37 82.06 84.89 86.73 347.34 339.28 377.26 377.29 377.97 341.56 334.94 0.00 370.67 376.13 378.49 366.96 134.47 115.86 0.00 376.17 377.57 187.54 207.79 186.73 113.73 94.41 85.16 87.45 98.85 368.10 296.14 376.20 375.63 378.08 170.84 229.07 319.91 263.63 375.95 373.35 309.85 338.71 0.00 328.68 0.00 379.14 328.68 379.92 383.23 0.00 375.78 287.53 326.41 377.15 375.35 376.46 309.15 91.76 285.60 98.78 84.47
372.18 154.57 140.26 81.84 80.98 88.84 91.64 89.53 81.92 90.28 85.14 126.75 144.05 280.35 158.21 145.52 363.71 85.52 97.77 375.40 104.04 381.70 126.34 91.50-9999.00-9999.00-9999.00-9999.00-9999.00-9999.00-9999.00-9999.00-9999.00-9999.00-9999.00-9999.00-9999.00-9999.00-9999.00-9999.00-9999.00-9999.00-9999.00-9999.00-9999.00 -9999.00-9999.00-9999.00-9999.00-9999.00-9999.00-9999.00-9999.00-9999.00-9999.00-9999.00-9999.00-9999.00-9999.00-9999.00-9999.00-9999.00-9999.00-9999.00-9999.00-9999.00-9999.00-9999.00-9999.00-9999.00-9999.00-9999.00-9999.00-9999.00-9999.00-9999.00-9999.00-9999.00 101.98 247.30 377.75 201.65 381.57 380.01 376.12 376.37 375.44 212.99 375.29 297.65 0.00 326.85 0.00 375.17 375.17 106.28 101.92 125.90 111.20 94.66 104.39 119.85 145.59 101.92 382.57 376.62 155.63 93.36 360.74 93.99 376.30 364.74 98.22 131.97
376.24 383.28 376.40 380.08 83.87 86.19 380.24 382.60 402.82 380.15 81.03 90.36 107.91 99.98 82.20 90.21 387.49 93.99 228.54 87.44 377.91 260.80 415.36 96.14 0.00 0.00 384.34 99.83 162.80-9999.00-9999.00-9999.00-9999.00-9999.00-9999.00-9999.00-9999.00-9999.00-9999.00-9999.00-9999.00-9999.00-9999.00-9999.00-9999.00-9999.00-9999.00-9999.00-9999.00-9999.00-9999.00-9999.00 -9999.00-9999.00-9999.00-9999.00-9999.00-9999.00-9999.00-9999.00-9999.00-9999.00-9999.00-9999.00-9999.00-9999.00-9999.00-9999.00-9999.00-9999.00-9999.00-9999.00-9999.00-9999.00-9999.00-9999.00-9999.00-9999.00-9999.00-9999.00-9999.00-9999.00-9999.00-9999.00-9999.00-9999.00-9999.00-9999.00-9999.00 290.60 369.25 375.00 375.39 374.23 352.68 375.27 375.27 375.14 0.00 297.65 334.62 293.48 0.00 360.94 297.66 376.84 375.03 297.66 297.65 297.66 376.95 377.02 297.66 375.49 0.00 355.50 105.61 105.61 117.46 382.50
0.00 297.65 297.65 297.65 378.64 0.00 360.73 375.01 297.65 0.00 0.00 0.00 0.00 375.01 297.65 375.01 297.65 320.86 0.00 0.00 375.77 378.06 184.46 375.51 282.91 375.32 369.71 143.33 375.18 319.55 170.75 377.80 174.50 83.69 178.37 81.13 156.06 147.51 91.05 103.52 259.50 375.22 376.56 107.08 376.70 187.48 100.86 89.76 371.41 377.08 91.16 383.56 85.65 198.55 81.92 376.67 87.79 377.07 94.21 377.77 92.29
300.94 0.00 375.01 0.00 375.50 297.65 0.00 297.65 375.52 375.18 297.66 297.65 376.15 375.01 331.24 375.01 0.00 0.00 297.66 297.66 0.00 378.05 375.55 231.03 375.41 299.06 135.36 157.54 375.47 106.63 375.28 375.35 377.71 87.11 85.14 379.28 310.13 145.59 84.68 0.00 89.33 146.81 89.76 182.07 85.14 82.91 414.87 102.98 380.03 89.33 95.37 0.00 387.70 159.63 89.76 102.59 91.16 184.34 106.34 85.00 0.00
