蒙特卡罗+CDRMV3/输出数据/2D水深分布/WaterDepthGIS_0138.ASC
ncols         539            
nrows         744            
xllcorner     602630.84259341
yllcorner     3914823.670891 
cellsize      50             
NODATA_value  -9999.00       
[rows 0 to 26 of 32, columns 183 to 243 of 539]
92.46 81.44 268.84 0.00 381.73 377.92 378.95 348.44 292.88 86.12-9999.00-9999.00-9999.00-9999.00-9999.00-9999.00-9999.00-9999.00-9999.00-9999.00-9999.00-9999.00-9999.00 -9999.00-9999.00-9999.00-9999.00-9999.00-9999.00-9999.00-9999.00-9999.00-9999.00-9999.00 89.65 195.89 379.65 92.74 380.00 86.01 92.21 97.11 88.01-9999.00-9999.00-9999.00-9999.00-9999.00-9999.00-9999.00-9999.00-9999.00-9999.00-9999.00-9999.00-9999.00-9999.00-9999.00-9999.00-9999.00-9999.00-9999.00-9999.00-9999.00-9999.00-9999.00-9999.00-9999.00-9999.00-9999.00-9999.00-9999.00-9999.00-9999.00-9999.00-9999.00-9999.00-9999.00-9999.00-9999.00-9999.00-9999.00-9999.00-9999.00-9999.00-9999.00-9999.00-9999.00-9999.00-9999.00-9999.00-9999.00-9999.00-9999.00-9999.00-9999.00-9999.00-9999.00-9999.00-9999.00-9999.00-9999.00-9999.00-9999.00-9999.00-9999.00-9999.00-9999.00-9999.00-9999.00-9999.00-9999.00-9999.00-9999.00-9999.00-9999.00-9999.00-9999.00-9999.00-9999.00-9999.00-9999.00-9999.00-9999.00-9999.00-9999.00-9999.00-9999.00-9999.00-9999.00-9999.00-9999.00-9999.00-9999.00-9999.00-9999.00-9999.00 83.63 129.97 253.96 379.01 380.88 293.18 81.43 90.81 81.36 201.82 93.16 0.00 89.80 223.92 87.60 219.90 88.63 93.38-9999.00-9999.00-9999.00-9999.00-9999.00-9999.00-9999.00-9999.00-9999.00-9999.00-9999.00-9999.00-9999.00 -9999.00-9999.00-9999.00-9999.00-9999.00-9999.00-9999.00-9999.00-9999.00-9999.00 220.23 150.19 85.45 381.88 105.29 379.00 318.63 82.78 153.40 235.13 122.72-9999.00-9999.00-9999.00-9999.00-9999.00-9999.00-9999.00-9999.00-9999.00-9999.00-9999.00-9999.00-9999.00-9999.00-9999.00-9999.00-9999.00-9999.00-9999.00-9999.00-9999.00-9999.00-9999.00-9999.00-9999.00-9999.00-9999.00-9999.00-9999.00-9999.00-9999.00-9999.00-9999.00-9999.00-9999.00-9999.00-9999.00-9999.00-9999.00-9999.00-9999.00-9999.00-9999.00-9999.00-9999.00-9999.00-9999.00-9999.00-9999.00-9999.00-9999.00-9999.00-9999.00-9999.00-9999.00-9999.00-9999.00-9999.00-9999.00-9999.00-9999.00-9999.00-9999.00-9999.00-9999.00-9999.00-9999.00-9999.00-9999.00-9999.00-9999.00-9999.00-9999.00-9999.00-9999.00-9999.00-9999.00-9999.00-9999.00-9999.00-9999.00-9999.00-9999.00-9999.00-9999.00-9999.00-9999.00-9999.00-9999.00-9999.00-9999.00-9999.00-9999.00 82.49 129.33 376.78 84.13 84.51 171.38 90.98 81.36 143.61 252.31 371.29
215.68 377.54 166.43 97.07 379.74 81.69 90.90 120.93 92.19 91.37 92.32 81.74 167.88 0.00 244.52 81.38 163.40 90.57 81.53 133.53 143.00 82.59 81.38 92.89 91.70 90.10 83.47 81.41 0.00 232.83 83.33 87.60 377.36 0.00 273.37 263.63 378.55 375.25 81.53 93.55-9999.00-9999.00-9999.00 -9999.00-9999.00-9999.00-9999.00-9999.00-9999.00-9999.00-9999.00-9999.00-9999.00-9999.00-9999.00-9999.00-9999.00-9999.00 89.49 81.68 296.01 375.58 81.13 0.00 370.78 375.81 143.88 86.95-9999.00-9999.00-9999.00-9999.00-9999.00-9999.00-9999.00-9999.00-9999.00-9999.00-9999.00-9999.00-9999.00-9999.00-9999.00-9999.00-9999.00-9999.00-9999.00-9999.00-9999.00-9999.00-9999.00-9999.00-9999.00-9999.00-9999.00-9999.00-9999.00-9999.00-9999.00-9999.00-9999.00-9999.00-9999.00-9999.00-9999.00-9999.00-9999.00-9999.00 135.13 200.73 98.72 92.09-9999.00-9999.00-9999.00-9999.00 83.63 131.22 375.53 377.67 91.11 382.01
141.05 83.06 84.51 94.95 94.37 0.00 0.00 0.00 0.00 0.00 365.08 140.36 97.34 0.00 0.00 0.00 240.05 125.95 81.92 82.93 0.00 89.01 81.92 84.92 122.38 0.00 84.32 96.20 89.01 0.00 377.05 198.42 135.13 376.45 283.49 124.85 84.32 93.92 105.77-9999.00-9999.00-9999.00-9999.00-9999.00 -9999.00-9999.00-9999.00-9999.00-9999.00-9999.00-9999.00-9999.00-9999.00-9999.00-9999.00-9999.00 81.07 158.55 376.01 80.82 266.11 0.00 86.01 88.99 89.16 92.21 83.44 380.81 133.91 85.73 316.10 222.24 90.58 240.57 197.15-9999.00-9999.00-9999.00-9999.00-9999.00-9999.00-9999.00-9999.00-9999.00-9999.00-9999.00-9999.00-9999.00-9999.00-9999.00-9999.00-9999.00-9999.00-9999.00-9999.00-9999.00-9999.00 83.79 108.86
83.19 232.99 381.10 421.78 84.71 101.19 161.42 84.32 220.72 377.90 92.74 127.59 0.00 134.55 93.21 103.41 349.52 93.55 91.11 357.83 376.41 81.99 132.47 0.00 86.12 92.46 93.73 94.11 166.47 92.32 86.39 0.00 376.33 82.06 174.88 328.35 81.53 102.24 97.34 82.93 142.41 82.30 124.15 377.13 377.37 375.14 213.72 92.46 82.49 82.81 83.96 84.71 95.18 87.28 82.39 127.93 91.37 131.74 0.00 0.00 0.00
246.32 82.59 90.50 82.22 100.85 92.60 89.64 124.94 385.71 85.14 90.73 83.06 90.90 89.40 383.18 375.77 101.19 83.96 83.96 381.00 258.86 90.05 98.04 94.11 86.39 378.52 138.26 89.80 89.26 81.74 145.87 83.33 126.70 385.10 375.69 157.88 226.22 0.00 375.99 342.15 202.10 108.86 393.72 364.93 179.85 90.22-9999.00-9999.00-9999.00-9999.00-9999.00-9999.00-9999.00-9999.00-9999.00-9999.00 -9999.00-9999.00-9999.00-9999.00-9999.00-9999.00-9999.00-9999.00-9999.00 376.03 92.74 255.22 90.58 90.93 87.29 149.87 82.63 141.19 122.37 0.00 83.44 81.99 88.24
364.93 149.96 92.19 94.51 98.04 89.76 163.81 121.69 81.53 171.80 370.69 85.37 376.24 97.34 0.00 376.90 147.32 0.00 376.57 376.18 88.81 87.93 318.73 86.39 89.80 375.75 85.61 96.20-9999.00-9999.00-9999.00-9999.00-9999.00-9999.00-9999.00-9999.00-9999.00 -9999.00-9999.00-9999.00 91.08 363.73 390.77 377.51 83.44 89.56 82.23 407.23 130.72 140.73 91.61 91.61 380.44 83.63 80.89 128.12 173.52 0.00 381.01 378.77 354.83 82.11 86.95 91.89 87.29 380.52 91.61 89.35 377.27 91.18 91.74 381.74
172.05 123.38 90.81 92.46 82.93 81.44 165.13 365.32 376.85 81.92 81.41 121.51 388.99 385.23 0.00 95.75 118.41 127.80 118.41 202.60 130.91 378.66 377.56 361.15 84.92 383.01 409.65 86.12 91.11 247.51-9999.00-9999.00-9999.00-9999.00-9999.00-9999.00-9999.00 -9999.00-9999.00-9999.00-9999.00 203.35 376.06 98.33 90.47 381.44 83.63 383.45 94.71 81.34 123.13 96.61 80.91 134.96 389.84 80.58 0.00 127.68 94.71 376.79 125.20 83.63 339.92 82.11 89.21 86.95 120.77 141.75 0.00 152.61 99.88
119.59 277.03 89.40 386.90 86.39 91.70 83.96 149.26 325.79 82.22 123.73 393.16 0.00 250.57 90.66 295.51 110.76 99.11 123.53 379.21 287.69 269.11 382.80 380.81 386.43 153.65 84.32 99.78 86.97 82.30-9999.00-9999.00-9999.00-9999.00-9999.00-9999.00-9999.00 -9999.00-9999.00-9999.00-9999.00-9999.00-9999.00 99.88 256.33 88.99 82.23 0.00 80.68 90.47 88.60 80.75 379.01 89.98 125.12 0.00 80.96 88.27 81.01 142.67 80.64 88.84 95.70 81.68 137.73 340.54 89.80 119.89 0.00 124.82 86.01 90.58 83.10
294.58 103.49 381.70 116.13 236.05 97.44 110.46 96.32 374.31 82.81 93.38 380.74 299.72 127.73 88.28 91.11-9999.00-9999.00-9999.00-9999.00-9999.00-9999.00-9999.00-9999.00 -9999.00-9999.00-9999.00-9999.00-9999.00-9999.00-9999.00-9999.00-9999.00 89.98 81.50 0.00 82.78 80.96 159.40 0.00 158.30 120.04 196.51 122.69 83.63 81.42 376.46 228.36 92.74 80.75 166.24 190.47 84.94 96.61 378.74 0.00 376.68 253.29 88.50 91.45 82.63 248.95 81.26 0.00 130.38 0.00 100.62 385.72 120.82 90.58 81.19 379.48 376.59 90.11 94.39 90.81 89.22
141.23 388.86 82.36 89.64 84.46 213.84 91.45 80.96 0.00 173.53 140.35 80.58 379.31 264.98 376.21 121.38 85.45 91.45 92.91 127.15 91.05 93.36 99.46 88.39 86.95 94.01 272.45 95.46 379.25 84.94 102.22 94.71 160.05 195.32 229.05 211.92 81.19 88.71 84.51 0.00 81.32 82.59 378.98 376.08 81.74 98.72 89.89 143.84 121.49 333.08 379.58 0.00 300.29 375.83 156.12 99.11 93.21 89.40 92.61 127.54 101.89
103.11 393.81 91.08 99.46 86.31 197.18 89.80 80.56 345.38 376.57 0.00 97.11 92.55 147.87 82.03 269.68 348.05 91.11 85.14 81.80 124.13 145.92 338.05 0.00 81.99 98.04 152.46 95.03 82.59 378.27 392.25 378.16 376.74 289.82 86.97 353.44 90.22 93.05 81.56 90.98 95.67 89.76 81.56 246.90 83.47 0.00 214.79 83.96 85.61 92.74 379.02 240.44 137.89 81.69 91.17 234.36 93.55 90.73 82.14 145.88 267.08
84.13 191.61 145.09 101.54 89.99 81.56 367.98 382.40 123.44 91.59 83.19 130.55 379.81 0.00 321.62 190.85 133.99 81.31 90.98 84.32 179.34 275.44 90.50 92.89 92.60 379.41 94.31 361.26 89.40 354.35 90.22 375.01 90.66 169.32 380.60 377.60 0.00 0.00 375.13 125.64 206.13 384.22 86.02 108.86 103.89 98.77 97.30 126.98 375.08 96.96 378.34 81.44 96.77 123.93 354.32 300.12 88.28-9999.00-9999.00-9999.00-9999.00-9999.00-9999.00-9999.00-9999.00-9999.00-9999.00 -9999.00-9999.00-9999.00-9999.00-9999.00-9999.00-9999.00-9999.00-9999.00 80.96 124.44 387.70
115.97 370.72 140.49 379.81 205.91 82.72 94.93 102.61 246.80 82.81 81.34 81.37 81.34 91.48 369.58 210.98 84.32-9999.00-9999.00-9999.00-9999.00-9999.00-9999.00-9999.00-9999.00-9999.00-9999.00-9999.00-9999.00-9999.00 -9999.00-9999.00-9999.00-9999.00-9999.00-9999.00-9999.00-9999.00-9999.00 91.08 351.52 373.54 82.36 81.88 379.14 129.60 86.01 381.09 383.62 0.00 339.26 88.79 0.00 81.68 265.88 138.20 108.68 93.93 80.96 0.00 181.59 92.21 91.45 126.94 383.94 164.73 140.23 83.82 80.75 145.53 0.00 81.19 89.72 89.21 174.05 376.25 90.93 392.00 90.93 83.27 381.16 84.94
0.00 314.22 143.02 80.61 93.36 288.84 379.56 82.36 0.00 84.70 91.74 91.32 94.64 80.54 136.58 81.26 139.16 0.00 83.63 81.59 164.46 0.00 147.75 81.88 161.67 82.36 207.34 82.11 90.32 87.93 93.55 93.92 82.06 168.19 93.05 93.05 87.93 0.00 371.22 375.65 0.00 82.93 85.61 387.10 290.83 380.68 210.03 0.00 267.14 92.09 375.89 95.18 112.84 81.99 91.37 83.96 380.17 97.71 90.66 85.61 375.70
377.62 84.51 81.92 362.90 372.91 88.28 382.37 82.30 91.82 94.51 82.70 378.51 379.03 381.66 0.00 376.32 380.18 246.05 154.52 95.29 141.40 84.51 92.60 188.03 95.75 81.37 383.33 82.49 376.70 81.92 81.69 377.26 294.06 92.09-9999.00-9999.00-9999.00-9999.00-9999.00-9999.00-9999.00-9999.00-9999.00-9999.00-9999.00-9999.00-9999.00-9999.00 -9999.00-9999.00-9999.00-9999.00-9999.00-9999.00-9999.00-9999.00-9999.00-9999.00-9999.00-9999.00-9999.00-9999.00-9999.00 361.18 96.61 98.01 103.11 88.01 377.60 92.91 90.16 80.54 0.00 91.21 122.73 128.63 375.27 380.99 120.54 86.95 88.24 81.27 379.54 0.00 83.82 88.26 80.68 249.45 0.00
95.70 86.31 150.66 377.71 377.49 81.07 384.82 84.46 101.75 0.00 80.96 88.89 89.72 90.26 178.47 162.21 114.34 233.17 140.66 359.11 109.65 265.26 381.24 378.30 147.33 92.09 258.79 82.81 86.68 343.47 89.40 218.82 91.82 91.11 395.91 87.60 213.33 100.85 377.98 84.32 85.86 85.37 94.95 81.92 162.57 260.71 214.20 0.00 143.27 94.51 84.71 333.66 226.22 0.00 383.17 375.34 347.03 149.55 84.32 81.32 89.31
96.93 138.01 86.95 379.76 84.94 165.84 81.42 128.75 174.67 399.39 84.94 140.78 0.00 93.70 375.67 91.74 81.59 102.73 376.77 0.00 145.13 91.80 83.31 95.57 233.54 82.11 158.01 156.09 82.93 86.63 137.53 251.15 381.74 99.07 84.51 392.40 227.56 93.16 93.75 376.34 352.32 379.42 0.00 88.28 90.73 97.39 98.38 84.13 94.95 268.07 316.70 91.59 93.16 85.61 376.95 381.21 131.82 92.19 89.80 83.96 124.38
81.99 99.85 378.45 82.36 81.59 299.94 83.44 176.29 98.94 149.20 0.00 286.80 81.19 87.41 336.15 85.19 91.61 84.70 190.19 381.77 139.81 384.98 88.79 379.18 108.48 143.82 84.70 376.17 85.45 0.00 131.50 152.16 90.66 92.61 395.17 399.79 93.75 133.83 94.93 305.53 85.61 380.25 82.93 118.41 94.95 85.14 379.49 400.67 285.36 148.95 81.69 261.70 82.14 147.72 376.32 97.71 86.12 132.44 377.79 90.66 92.09
95.89 85.06 86.32 374.94 253.93 108.48 93.10 96.30 102.73 212.07 115.10 87.29 375.36 377.19 0.00 211.87 220.23 395.92 379.87 172.42 390.21 378.31 378.14 244.31 375.78 97.34 273.13 200.66 325.67 0.00 0.00 92.61 0.00 137.17 240.11 89.40 238.89 81.65 86.97 82.39 375.37 376.99 419.60 387.64 81.56 193.53 379.96 0.00 92.61 377.17 91.59 0.00 375.70 97.44 81.65 81.32 90.65 0.00 0.00 378.36 86.97
0.00 0.00 255.51 106.02 274.10 96.29 100.07 103.41 110.27 87.60 96.48 93.75 87.60 81.46 85.14 137.26 89.01 101.89 96.48 83.06 90.36 176.13 83.19 81.99 121.97 250.46 0.00 377.28 371.75 153.80 95.68 217.84 89.01 82.70 205.20 0.00 240.91 192.97 123.27 89.80 94.31 88.28 129.99 366.59 94.31-9999.00-9999.00-9999.00-9999.00-9999.00-9999.00-9999.00-9999.00-9999.00-9999.00-9999.00-9999.00-9999.00-9999.00-9999.00-9999.00-9999.00-9999.00-9999.00 -9999.00-9999.00-9999.00-9999.00-9999.00-9999.00-9999.00-9999.00-9999.00-9999.00-9999.00-9999.00-9999.00-9999.00-9999.00-9999.00-9999.00-9999.00-9999.00-9999.00-9999.00-9999.00-9999.00 92.30 111.97 180.15 376.93 381.23 88.01 96.30 90.47 81.78 171.38 144.84 332.68 249.52 94.01 360.79
145.68 84.51 375.53 88.28 90.22 99.07 83.79 226.15 89.01 378.90 83.19 91.70 89.24 126.28 376.91 0.00 168.81 81.31 89.30 375.25 80.85 90.57 89.76 98.38 0.00 127.16 240.62 135.74 82.49 375.87 202.90 125.66 100.88-9999.00-9999.00-9999.00-9999.00-9999.00-9999.00-9999.00-9999.00-9999.00-9999.00-9999.00-9999.00-9999.00-9999.00-9999.00-9999.00-9999.00-9999.00-9999.00-9999.00 -9999.00-9999.00-9999.00-9999.00-9999.00-9999.00-9999.00-9999.00-9999.00-9999.00-9999.00-9999.00-9999.00-9999.00-9999.00-9999.00-9999.00-9999.00 118.39-9999.00 97.27 90.58 313.45 84.70 82.78 385.52 391.54 99.85 84.70 376.45 0.00 379.54 99.08 82.23 85.19 127.34 373.49 0.00 380.84 377.23 98.94 118.26 342.92 328.46 378.73 91.08
87.93 378.62 382.45 358.63 0.00 0.00 384.20 377.66 329.86 94.51 102.76 274.15 378.42 204.88 125.83 299.05 84.51 93.05 0.00 89.51 293.05 247.82 89.01-9999.00-9999.00-9999.00-9999.00-9999.00-9999.00-9999.00-9999.00-9999.00-9999.00-9999.00-9999.00-9999.00-9999.00-9999.00-9999.00-9999.00-9999.00-9999.00-9999.00-9999.00-9999.00-9999.00-9999.00 -9999.00-9999.00-9999.00-9999.00-9999.00-9999.00-9999.00-9999.00-9999.00-9999.00-9999.00-9999.00-9999.00-9999.00-9999.00-9999.00-9999.00 94.39 96.61 86.63 388.89 385.25 95.46 391.05 387.51 390.14 102.73 103.61 96.30 184.22 98.70 81.78 388.70 141.21 98.33 91.08 0.00 381.17 0.00 243.93 375.37 376.73 293.00 293.09 375.80 132.39 375.26 173.04 375.32 376.08 124.34 101.75 380.10 101.75
263.91 383.16 248.54 0.00 0.00 380.03 315.62 150.99 269.87 238.64 322.55 376.52 0.00 224.57 341.47 96.06 103.97 116.73 98.60 99.74 375.34 95.46 97.11 375.41 375.75 217.84 116.73 385.19 170.93 222.24 198.90 150.99 382.04 269.67 373.52 375.47 0.00 328.93 328.93 379.65 384.94 329.05 378.39 315.24 379.36 0.00 0.00 376.12 379.38 384.04 375.93 375.43 93.70 249.68 91.08 99.08 90.58 377.91 90.11 95.70 81.19
124.45 184.22 376.92 351.01 192.00 142.37 84.51 92.61 82.06 92.19 122.53 144.18 147.16 100.43 376.54 82.81 148.82 145.98-9999.00-9999.00-9999.00-9999.00-9999.00-9999.00-9999.00-9999.00-9999.00-9999.00-9999.00-9999.00-9999.00-9999.00-9999.00-9999.00-9999.00-9999.00-9999.00-9999.00-9999.00 -9999.00-9999.00-9999.00-9999.00-9999.00-9999.00-9999.00-9999.00-9999.00-9999.00-9999.00-9999.00-9999.00-9999.00-9999.00-9999.00-9999.00-9999.00-9999.00-9999.00-9999.00-9999.00-9999.00-9999.00-9999.00-9999.00-9999.00-9999.00-9999.00-9999.00 84.03 380.37 380.32 96.26 378.93 113.62 375.50 376.44 370.67 378.32 378.37 377.43 377.47 0.00 269.67 0.00 328.93 377.47 193.11 0.00 435.69 427.63 386.96 391.31 390.28 388.89 83.51 101.01 86.79 92.80 99.40 89.92 93.36 90.35 129.29 198.36 231.41 124.57 123.20 375.90 185.15 185.15
319.50 177.15 137.20 163.28 350.00 107.75 94.20 278.08 279.66 90.80 86.51 85.06 140.82 90.80 89.12 83.01 377.06 124.61 367.21 96.76 103.63 102.73 379.81 105.11 379.79 85.06 95.41 84.12 98.30 384.13 104.68 379.25 93.75 384.69 85.49-9999.00-9999.00-9999.00-9999.00-9999.00-9999.00-9999.00-9999.00-9999.00-9999.00-9999.00-9999.00-9999.00-9999.00-9999.00-9999.00-9999.00-9999.00-9999.00-9999.00-9999.00-9999.00 -9999.00-9999.00-9999.00-9999.00-9999.00-9999.00-9999.00-9999.00-9999.00-9999.00-9999.00-9999.00-9999.00-9999.00-9999.00-9999.00-9999.00-9999.00-9999.00-9999.00-9999.00-9999.00-9999.00-9999.00-9999.00-9999.00-9999.00-9999.00-9999.00-9999.00-9999.00-9999.00-9999.00 268.22 253.23 215.50 364.66 376.94 377.34 376.83 375.72 376.84 377.59 375.01 375.01 354.08 375.31 0.00 327.25 379.00 331.35 376.11 377.31 260.94 380.37 383.42 377.86 331.35
87.70 101.01 97.72 147.25-9999.00-9999.00-9999.00-9999.00-9999.00-9999.00-9999.00-9999.00-9999.00-9999.00-9999.00-9999.00-9999.00-9999.00-9999.00-9999.00-9999.00-9999.00-9999.00-9999.00-9999.00-9999.00 -9999.00-9999.00-9999.00-9999.00-9999.00-9999.00-9999.00-9999.00-9999.00-9999.00-9999.00-9999.00-9999.00-9999.00-9999.00-9999.00-9999.00-9999.00-9999.00-9999.00-9999.00-9999.00-9999.00-9999.00-9999.00-9999.00-9999.00-9999.00-9999.00-9999.00-9999.00-9999.00-9999.00-9999.00-9999.00-9999.00-9999.00-9999.00-9999.00-9999.00-9999.00-9999.00-9999.00-9999.00-9999.00 375.29 374.25 375.12 0.00 297.80 375.34 327.10 376.03 231.41 0.00 376.77 375.01 297.80 375.34 331.35 297.80 378.11 375.01 0.00 294.46 320.24 375.77 378.58 255.83 380.80 325.04 376.00 236.25 390.14 377.08 375.64 301.09 382.82 260.94 0.00 0.00 0.00 381.72 236.25 280.03 0.00 375.31 373.47 375.10 290.25 202.58 0.00 0.00 0.00 0.00 0.00 0.00 0.00 132.04 91.75 89.62
106.96 376.70 309.34 89.12 381.49 156.75 85.06 385.13 173.72 88.74 380.29 380.09 267.08 91.75 92.21 387.53 98.50 206.98 380.87 372.62 86.81-9999.00-9999.00-9999.00-9999.00-9999.00-9999.00-9999.00-9999.00-9999.00-9999.00-9999.00-9999.00-9999.00-9999.00-9999.00-9999.00-9999.00-9999.00 -9999.00-9999.00-9999.00-9999.00-9999.00-9999.00-9999.00-9999.00-9999.00-9999.00-9999.00-9999.00-9999.00-9999.00-9999.00-9999.00-9999.00-9999.00-9999.00-9999.00-9999.00-9999.00-9999.00-9999.00-9999.00-9999.00-9999.00-9999.00-9999.00-9999.00-9999.00-9999.00-9999.00-9999.00-9999.00-9999.00-9999.00-9999.00-9999.00-9999.00-9999.00-9999.00-9999.00-9999.00-9999.00-9999.00-9999.00-9999.00-9999.00-9999.00-9999.00 274.80 255.83 0.00 297.80 375.75 327.10 383.60 378.75 236.25 0.00 260.94 383.34 331.68 0.00 376.78 375.29 0.00 297.79 0.00 375.01 297.79 297.80 375.74 331.35 375.31 297.79 0.00 297.80 375.01 327.25 0.00 255.83 374.25 378.38 377.43 377.12 384.48 376.81 243.93
