蒙特卡罗+CDRMV3/输出数据/2D水深分布/WaterDepthGIS_0157.ASC
ncols         539            
nrows         744            
xllcorner     602630.84259341
yllcorner     3914823.670891 
cellsize      50             
NODATA_value  -9999.00       
[rows 0 to 26 of 32, columns 366 to 426 of 539]
136.58 194.79 141.47 88.39-9999.00-9999.00-9999.00-9999.00-9999.00-9999.00-9999.00-9999.00-9999.00-9999.00-9999.00-9999.00-9999.00-9999.00-9999.00-9999.00-9999.00-9999.00-9999.00-9999.00-9999.00-9999.00-9999.00-9999.00-9999.00-9999.00-9999.00-9999.00-9999.00-9999.00-9999.00-9999.00-9999.00-9999.00-9999.00-9999.00-9999.00-9999.00-9999.00-9999.00-9999.00-9999.00-9999.00-9999.00-9999.00-9999.00-9999.00-9999.00-9999.00-9999.00-9999.00-9999.00-9999.00-9999.00-9999.00-9999.00-9999.00 95.61 82.74 90.96-9999.00-9999.00-9999.00-9999.00-9999.00-9999.00-9999.00-9999.00-9999.00-9999.00-9999.00-9999.00-9999.00-9999.00-9999.00-9999.00-9999.00-9999.00-9999.00-9999.00-9999.00-9999.00-9999.00-9999.00-9999.00-9999.00 73.89 372.02 87.23 377.20 114.15 81.52 73.68 81.75 74.15 114.67 136.90 376.46 377.14 381.43 385.19 384.18 78.83 0.00 118.44 82.80 377.12 139.41 77.23 74.23 297.64 77.23-9999.00-9999.00-9999.00-9999.00-9999.00-9999.00-9999.00-9999.00-9999.00-9999.00 -9999.00-9999.00-9999.00-9999.00-9999.00-9999.00-9999.00-9999.00-9999.00-9999.00-9999.00-9999.00-9999.00-9999.00 80.31 84.43 82.07 85.70 237.16 0.00 0.00 113.39 82.60-9999.00-9999.00-9999.00-9999.00-9999.00-9999.00-9999.00-9999.00-9999.00-9999.00-9999.00-9999.00-9999.00-9999.00-9999.00-9999.00-9999.00-9999.00-9999.00-9999.00-9999.00-9999.00-9999.00-9999.00-9999.00-9999.00-9999.00-9999.00-9999.00-9999.00-9999.00-9999.00-9999.00-9999.00-9999.00-9999.00-9999.00-9999.00-9999.00-9999.00-9999.00-9999.00-9999.00-9999.00-9999.00-9999.00-9999.00-9999.00-9999.00-9999.00-9999.00-9999.00-9999.00-9999.00-9999.00-9999.00-9999.00 93.36 378.59 77.71-9999.00-9999.00-9999.00-9999.00-9999.00-9999.00-9999.00-9999.00-9999.00-9999.00-9999.00-9999.00-9999.00-9999.00-9999.00-9999.00-9999.00-9999.00-9999.00-9999.00-9999.00-9999.00-9999.00-9999.00-9999.00-9999.00 83.12 193.32 84.14 377.17 226.18 73.60 286.76 75.02 87.46 73.78 113.81 376.60 374.98 383.95 79.47
285.20 154.05 81.88 85.79 79.47 79.47 124.01 0.00 83.76 84.86 0.00 378.85 272.17 368.86 161.85 87.06 121.82 88.45-9999.00-9999.00-9999.00 -9999.00-9999.00-9999.00-9999.00-9999.00-9999.00-9999.00-9999.00-9999.00-9999.00-9999.00-9999.00-9999.00-9999.00 72.94 126.75 301.23 75.00 75.39 0.00 131.54 73.02 85.70 83.36 91.94 100.47-9999.00-9999.00-9999.00-9999.00-9999.00-9999.00-9999.00-9999.00-9999.00-9999.00-9999.00-9999.00-9999.00-9999.00-9999.00-9999.00-9999.00-9999.00-9999.00-9999.00-9999.00-9999.00-9999.00-9999.00-9999.00-9999.00-9999.00-9999.00-9999.00-9999.00-9999.00-9999.00-9999.00-9999.00-9999.00-9999.00-9999.00 87.01 75.87 341.69 89.90 79.14 80.18 373.62-9999.00 84.14 113.92 121.59 76.79 328.57 303.40 0.00 89.44 269.93 83.76 376.23 81.81 77.71 80.18 376.54 76.21-9999.00-9999.00 81.21 81.75 74.68 305.97 274.20 126.17 112.35
89.28 90.24 109.30 333.03 383.37 382.31 281.61 126.76 78.53 78.83 126.00 174.79 76.21 143.16 381.23 0.00 82.74 137.67 90.96 73.83 183.43 73.89 75.02 380.73 75.87 368.51 113.15 86.79 73.83 111.45 376.07 376.27 74.15 83.47 93.61 73.41 255.01 378.02 74.49 74.58 388.84 383.33 0.00 0.00 0.00 122.03 74.23 142.71 73.35 73.53 73.89 83.01 77.23 73.64 74.08 73.60 81.07 75.28 73.95 0.00 140.35
75.56 214.35 378.96 80.56 184.47 74.79 214.71 73.60 115.75 78.24 163.73 339.82 353.93 75.02 81.88 80.18 0.00 0.00 95.69 96.09 84.86 87.16 97.35 88.19 239.15 88.72 77.47-9999.00-9999.00-9999.00-9999.00-9999.00-9999.00-9999.00-9999.00 -9999.00-9999.00-9999.00-9999.00-9999.00-9999.00-9999.00-9999.00-9999.00-9999.00-9999.00-9999.00 88.75 234.67 155.98 72.46 110.66 74.03 72.64 0.00 73.89 111.60 75.60 0.00 90.58 278.30 396.67 73.41 379.71 79.09 76.82 83.69 84.83 97.03 91.46 78.72 163.37 251.86 98.80 89.64 85.70 84.63 127.29 383.35 76.79
81.00 73.21 114.24 0.00 270.84 125.90 73.11 86.17 73.76 81.60 86.17 77.40 77.70 169.09 90.62 379.46 81.00 353.00 84.24 73.64 379.21 159.02 77.40 86.94 87.93 278.16 76.82 331.69 0.00 330.04 79.82 184.06 98.83 102.07 74.08 373.14 375.81 88.99 73.64 127.71 0.00 74.01 84.00 123.28 0.00 119.79 245.04 78.24 74.49 376.91 85.44 75.71 129.57 84.91 81.01 376.76 0.00 73.68 85.07 122.24 111.44
80.60 81.19 298.38 123.32 81.23 72.27 350.39 380.08 72.94 378.96 75.00 72.24 0.00 121.70 352.42 377.66 75.60 72.46 80.20 83.04 72.58 0.00 138.46 73.89 229.04 75.00 74.68 376.18 93.12 76.04 115.55 379.12 386.22 0.00 77.71 83.24 80.92 75.41 0.00 111.47 83.24 75.15 378.12 77.23 74.49 112.10 379.83 380.22 75.41 0.00 88.45 82.10 77.47 126.29 75.56 0.00 131.32 125.75 74.58 73.89 83.01
346.19 85.25 376.45 251.34 142.66 73.52 112.12 81.49 72.27 109.03 0.00 157.92 79.48 83.69 86.17 117.45 83.87 377.14 90.17 82.60 0.00 141.31 72.14 82.89 97.57 91.46 289.19 91.94 85.11 74.23 169.68 375.92 75.56 76.40 128.12 73.45 0.00 142.27 73.73 80.82 112.52 215.52 377.45 121.43 75.87 74.79 123.35 81.47 85.60 0.00 86.38 82.34 87.94 114.31 0.00 86.04 380.97 375.56 333.86 113.67 74.58
81.49 72.78 378.43 82.07 116.73 0.00 72.58 72.02 72.94 186.86 380.59 75.00 126.94 80.83 76.06 0.00 79.09 383.00 72.52 74.82 72.52 80.32 87.49 78.36 84.43 72.46 113.62 368.75 177.81 83.01 131.24 77.97 115.14 0.00 73.40 296.95 256.07 74.23 85.24 89.59 81.42 131.37 75.28 118.94 135.44 0.00 73.68 93.36 0.00 73.45 81.58 74.15 74.58 199.40 73.95 79.14 348.40 75.02 113.70 327.34 360.29
201.99 74.32 84.43 72.86 138.17 209.49 322.42 376.95 377.45 377.89 377.54 0.00 142.57 76.21 170.92 87.01 81.82 382.35 80.56 73.43 111.56 278.34 377.59 330.16 0.00 339.56 115.21 77.47 86.79 304.39 376.32 86.04 81.81 134.56 229.79 382.42 143.09 384.49 74.40 76.40 73.68 0.00 370.92 366.20 115.95 73.73 73.57 202.86 376.26 82.80 74.68 375.88 0.00 137.78 111.59 79.82 81.24 73.89 0.00 118.72 74.90
97.90 89.28 214.90 172.74 155.01 74.40 85.60 79.14 98.87 218.16 81.69 75.02 73.64 377.19 83.76 0.00 376.49 79.82 80.96 378.76 0.00 348.21 88.72 82.18 83.73 116.66 81.01 79.14 128.80 129.03 74.90 365.84 75.87 119.80 316.89 133.96 86.66 0.00 0.00 77.01 229.93 85.98 81.10 75.71 0.00 0.00 380.22 183.88 379.82 375.48 360.52 304.54 254.50 122.70 75.02 377.58 74.40 87.46 74.68 378.58 77.23
119.76 83.60 84.14 87.23 83.86 84.91 79.14 87.30 79.14 126.85 359.71 204.09 233.86 0.00 0.00 105.76 377.00 336.19 381.36 379.25 241.39 0.00 92.23 0.00 81.81 78.53 125.08 112.76 83.24 176.96 360.71 146.11 126.62 86.66-9999.00-9999.00-9999.00-9999.00-9999.00-9999.00-9999.00-9999.00-9999.00 -9999.00-9999.00-9999.00-9999.00-9999.00-9999.00-9999.00-9999.00-9999.00-9999.00 72.64 237.62 0.00 73.21 79.69 76.82 80.03 74.03 0.00 111.46 83.04 74.03 123.28 81.19 74.17 0.00 72.32 290.99 117.48 77.70 78.03 382.29 126.14 77.70 87.21 227.15
101.01-9999.00-9999.00-9999.00-9999.00-9999.00-9999.00-9999.00-9999.00-9999.00-9999.00 -9999.00-9999.00-9999.00-9999.00-9999.00-9999.00-9999.00-9999.00-9999.00 73.52 110.97 396.05 0.00 74.03 74.17 0.00 76.82 81.94 75.00 117.81 115.21 72.41 110.60 361.38 0.00 177.97 83.89 85.04 73.64 217.85 384.61 73.02 77.40 84.05 142.44 380.73 75.82 73.31 109.35 374.57 0.00 151.43 136.32 76.06 73.02 375.81 73.64 73.21 381.30 73.31 378.07 72.05 119.98 72.05 0.00 127.26 72.00 84.63 85.70 80.38 81.23 221.33 293.83 84.83 78.53 141.27 375.42 0.00
350.69 72.78 72.22 109.20 0.00 89.78 135.84 133.77 89.78 127.71 80.45 72.17 385.84 0.00 0.00 376.80 137.97 75.87 357.73 245.37 85.40 75.28 142.94 157.93 342.83 0.00 76.59 74.31 384.82 230.31 375.78 337.01 175.61 377.35 75.56 83.24 82.74 0.00 0.00 0.00 0.00 0.00 0.00 0.00 91.20 251.40 78.53 382.93 178.25 88.99 82.27 379.16 378.62 0.00 82.27 271.23 377.71 377.25 391.18 301.08 377.09
124.67 359.84 381.87 76.59 76.04 77.01 113.12 333.45 384.84 0.00 204.12 376.38 131.61 377.97 241.32 375.69 374.79 168.53 80.75 123.28 179.76 113.50 0.00 80.18 313.83 140.75 76.79 378.13 143.89 77.47-9999.00-9999.00-9999.00-9999.00-9999.00-9999.00-9999.00-9999.00-9999.00-9999.00-9999.00-9999.00-9999.00-9999.00 -9999.00-9999.00-9999.00-9999.00-9999.00-9999.00-9999.00-9999.00-9999.00-9999.00-9999.00 88.71 83.31 87.78 79.89 377.47 78.36 376.77 77.40 79.33 80.92 185.06 379.75 0.00 0.00 0.00 77.10 73.41 119.66 0.00 0.00 0.00 75.82 0.00 86.45 123.93 285.00 80.75 72.05 270.14 0.00
90.58 155.56 77.40 377.18 73.76 82.07 72.07 121.40 249.45 113.34 77.70 0.00 322.03 72.09 87.78 86.57 83.04 85.70 79.09 376.80 72.14 146.25 376.18 168.77 0.00 0.00 0.00 378.10 305.85 379.31 88.68 373.45 384.82 383.65 136.64 84.86 89.59 78.53 83.73 76.21 77.97 377.38 76.21 73.38 74.15 134.61 369.93 88.68 79.14 77.47 142.76 92.23 84.86 131.04 198.97 378.67 124.61 87.01 102.07 85.24 84.14
377.53 378.56 378.80 79.48 0.00 73.89 179.95 72.17 73.31 135.46 366.74 73.41 146.61 195.05 132.66 114.80 74.82 0.00 140.28 74.03 76.30 0.00 0.00 73.41 81.94 341.26 74.32 91.94 82.46 76.82 83.20 80.32 81.60 73.21 377.30 0.00 390.71 291.61 73.89 78.72 174.46 83.20 84.49 200.49 413.73 0.00 79.89 375.24 117.56 130.98 83.87 376.92 72.78 73.11 89.90 83.47 79.47 79.14 88.99 79.82 75.71
376.23 376.76 363.76 184.78 114.46-9999.00-9999.00-9999.00-9999.00-9999.00-9999.00-9999.00-9999.00-9999.00-9999.00-9999.00-9999.00-9999.00-9999.00-9999.00-9999.00-9999.00-9999.00-9999.00-9999.00 -9999.00-9999.00-9999.00-9999.00-9999.00-9999.00-9999.00-9999.00-9999.00-9999.00-9999.00-9999.00-9999.00-9999.00-9999.00-9999.00-9999.00-9999.00-9999.00 96.37 82.22 91.46 81.71 130.19 77.70 384.38 312.93 378.17 76.55 72.32 208.50 342.63 378.41 111.48 114.05 79.45 137.09 380.26 0.00 371.50 112.41 174.90 78.72 72.64 73.31 381.63 405.26 240.64 84.49 82.46 83.31 81.94 144.49 81.49 85.93 80.52 72.36 218.92 96.37 0.00 87.93 0.00 262.37 90.62 376.09 218.89 105.45 129.10 375.11 379.57 83.31 84.43 86.42 86.67
86.17 79.48 308.49 98.80 377.21 75.60 391.20 372.10 361.94 381.42 73.52 72.71 79.32 79.34 119.58 128.97 0.00 133.50 124.10 89.41 77.10 90.62 0.00 80.76 72.20 88.71 77.10 365.83 265.72 303.46 79.89 379.64 113.68 121.08 366.38 295.59 309.87 376.84 130.03 0.00 380.74 378.87 177.12 136.66 74.17 72.94 237.37 75.19 85.25 78.36 379.24 153.29 0.00 91.69 376.81 131.05 87.93 0.00 121.91 80.31 85.77
159.48 378.41 375.73 84.49 0.00 79.89 75.82 181.57 85.11 378.87 375.41 82.22 191.34 157.78 94.05 91.69 94.05 153.96 119.16 174.88 119.16 306.26 97.27 82.07 162.78 85.70 170.13 202.67 91.46 74.65 78.36 75.39 87.17 392.84 265.96 376.66 379.04 75.82 383.51 83.31 0.00 383.17 240.41 385.38 189.26 171.73 224.66 382.27 149.35 0.00 0.00 375.97 102.40 82.27 77.97 376.06 83.76 86.79 74.23 379.94 76.04
90.62 94.05 0.00 172.38 102.17 379.79 368.76 377.11 390.06 381.41 87.17 90.58 94.48 98.80 82.22 377.22 92.43 85.70 78.36 89.64 376.61 0.00 218.43 377.79 84.49 264.15 248.28 375.20 358.87 376.19 226.18 83.18 108.39 163.85 338.49 92.65 76.59 116.78 307.91 77.47 76.21 376.71 304.08 113.43 84.30 82.26 75.71 74.90 360.54 379.68 74.31 119.77 377.68 0.00 376.94 157.75 120.02 87.70 82.02 83.47 82.27
216.34 94.41 81.54 87.78 80.76 84.49 379.70 338.01 84.49 90.17 74.03 120.96 349.96 378.33 379.84 0.00 268.96 298.99 376.30 214.18 321.64 390.37 356.21 376.80 138.68 119.16 361.37 0.00 190.41 89.64 286.07 76.79 320.81 75.02 80.56 87.23 75.15 128.27 300.49 380.82 76.21 380.03 75.28 0.00 377.61 117.58 383.54 74.49 143.63 147.03 315.70 74.40 347.97 74.49 94.61 0.00 330.82 114.18 77.01 92.20 87.01
355.24 199.19 381.03 253.46 0.00 240.41 199.19 195.47 375.64 0.00 323.42 372.93 0.00 138.68 106.44 96.66 377.26 203.95 102.90 271.23 377.71 75.15 75.71 376.03 80.18 375.90 78.53 356.55 0.00 80.56 92.20 85.40 73.54 81.05 84.66 159.47 82.18 76.59 269.84 124.86 75.87 87.70 118.65 382.43 133.26 74.40 85.42 85.07-9999.00-9999.00-9999.00-9999.00-9999.00-9999.00-9999.00-9999.00-9999.00-9999.00-9999.00-9999.00-9999.00-9999.00-9999.00-9999.00-9999.00-9999.00-9999.00-9999.00-9999.00-9999.00-9999.00-9999.00 -9999.00-9999.00-9999.00-9999.00-9999.00-9999.00-9999.00-9999.00-9999.00-9999.00-9999.00-9999.00-9999.00-9999.00-9999.00-9999.00-9999.00-9999.00-9999.00-9999.00-9999.00 85.47 81.71 78.72 91.69 148.57 376.88 375.72 381.29 386.23 382.01 410.38 96.52
82.07 73.89 76.55 78.36 333.67 335.77 377.48 377.57 378.15 338.32 333.83 0.00 363.17 376.12 378.41 351.45 115.68 102.50 0.00 376.19 377.21 157.84 167.61 155.14 95.70 86.21 76.82 79.09 84.51 352.26 265.03 376.22 375.73 377.72 144.75 208.11 308.97 248.28 375.99 373.13 307.49 337.51 0.00 326.77 0.00 377.64 326.77 375.81 378.63 0.00 375.75 283.57 323.42 376.99 375.39 376.26 293.00 83.19 262.66 89.39 75.69
335.79 133.11 126.55 73.24 72.44 79.91 82.73 80.60 73.32 81.35 76.33 116.76 132.57 236.97 145.34 138.83 334.29 77.71 89.59 375.39 91.68 381.17 109.30 83.76-9999.00-9999.00-9999.00-9999.00-9999.00-9999.00-9999.00-9999.00-9999.00-9999.00-9999.00-9999.00-9999.00-9999.00-9999.00-9999.00-9999.00-9999.00-9999.00-9999.00-9999.00 -9999.00-9999.00-9999.00-9999.00-9999.00-9999.00-9999.00-9999.00-9999.00-9999.00-9999.00-9999.00-9999.00-9999.00-9999.00-9999.00-9999.00-9999.00-9999.00-9999.00-9999.00-9999.00-9999.00-9999.00-9999.00-9999.00-9999.00-9999.00-9999.00-9999.00-9999.00-9999.00-9999.00 87.27 215.51 377.54 172.38 382.24 380.21 376.15 376.40 375.52 203.96 375.28 295.09 0.00 324.31 0.00 375.00 365.84 88.94 85.78 104.84 92.28 85.72 87.64 99.12 123.50 85.78 381.54 374.94 142.34 84.46 342.03 85.08 375.54 340.41 84.71 114.39
375.92 381.32 376.09 378.63 75.14 77.33 379.10 381.36 398.81 379.26 72.50 81.44 98.28 90.47 73.58 81.28 386.66 85.08 193.17 78.53 378.18 233.13 413.66 87.09 0.00 0.00 383.96 90.33 149.29-9999.00-9999.00-9999.00-9999.00-9999.00-9999.00-9999.00-9999.00-9999.00-9999.00-9999.00-9999.00-9999.00-9999.00-9999.00-9999.00-9999.00-9999.00-9999.00-9999.00-9999.00-9999.00-9999.00 -9999.00-9999.00-9999.00-9999.00-9999.00-9999.00-9999.00-9999.00-9999.00-9999.00-9999.00-9999.00-9999.00-9999.00-9999.00-9999.00-9999.00-9999.00-9999.00-9999.00-9999.00-9999.00-9999.00-9999.00-9999.00-9999.00-9999.00-9999.00-9999.00-9999.00-9999.00-9999.00-9999.00-9999.00-9999.00-9999.00-9999.00 278.39 367.16 375.00 375.39 373.93 348.64 375.27 375.27 375.14 0.00 295.09 332.76 284.66 0.00 358.88 295.09 376.45 375.00 295.09 295.09 295.09 376.71 376.68 295.09 375.05 0.00 345.47 96.63 96.63 102.82 380.72
0.00 295.09 295.09 295.09 378.09 0.00 358.83 375.00 295.09 0.00 0.00 0.00 0.00 375.00 295.09 375.00 295.09 319.71 0.00 0.00 375.77 377.98 172.15 375.51 268.99 375.32 363.89 127.30 375.19 318.60 145.47 376.30 151.66 74.97 149.81 72.59 140.66 127.65 82.13 94.26 225.10 362.89 376.18 97.68 375.56 159.55 91.33 80.83 357.67 376.81 82.24 383.13 76.80 162.03 73.32 375.18 78.87 376.24 86.22 377.18 81.45
298.39 0.00 375.00 0.00 375.38 295.09 0.00 295.09 375.52 375.18 295.09 295.09 375.94 375.00 329.20 375.00 0.00 0.00 295.09 295.09 0.00 377.80 375.55 223.96 375.41 293.38 119.38 142.37 375.39 97.39 375.15 375.25 377.13 78.21 76.33 378.38 277.64 134.89 75.89 0.00 80.40 134.51 80.83 152.27 76.33 74.24 412.25 93.64 378.47 80.40 86.39 0.00 385.22 142.14 80.83 93.19 82.24 158.87 97.09 77.44 0.00
