蒙特卡罗+CDRMV3/输出数据/2D水深分布/WaterDepthGIS_0160.ASC
ncols         539            
nrows         744            
xllcorner     602630.84259341
yllcorner     3914823.670891 
cellsize      50             
NODATA_value  -9999.00       
[rows 0 to 26 of 32, columns 61 to 121 of 539]
73.26-9999.00-9999.00-9999.00-9999.00-9999.00-9999.00-9999.00-9999.00-9999.00-9999.00-9999.00-9999.00-9999.00-9999.00-9999.00-9999.00 -9999.00-9999.00-9999.00-9999.00-9999.00-9999.00-9999.00-9999.00-9999.00-9999.00-9999.00-9999.00-9999.00-9999.00-9999.00-9999.00-9999.00-9999.00-9999.00-9999.00-9999.00-9999.00-9999.00-9999.00-9999.00-9999.00-9999.00-9999.00-9999.00-9999.00-9999.00-9999.00-9999.00-9999.00-9999.00-9999.00-9999.00-9999.00-9999.00-9999.00-9999.00-9999.00-9999.00-9999.00-9999.00-9999.00-9999.00-9999.00-9999.00-9999.00-9999.00-9999.00-9999.00-9999.00-9999.00-9999.00-9999.00-9999.00-9999.00-9999.00-9999.00-9999.00-9999.00-9999.00-9999.00-9999.00-9999.00-9999.00-9999.00-9999.00-9999.00-9999.00-9999.00-9999.00-9999.00-9999.00-9999.00-9999.00-9999.00-9999.00-9999.00-9999.00-9999.00-9999.00-9999.00-9999.00-9999.00-9999.00-9999.00-9999.00-9999.00-9999.00-9999.00-9999.00-9999.00-9999.00-9999.00-9999.00-9999.00-9999.00-9999.00-9999.00-9999.00-9999.00-9999.00-9999.00-9999.00-9999.00-9999.00-9999.00-9999.00-9999.00-9999.00-9999.00-9999.00-9999.00-9999.00-9999.00-9999.00-9999.00 83.78 88.12 73.22 381.80 87.64 380.22 127.67 73.35 73.90 85.07-9999.00-9999.00-9999.00-9999.00-9999.00-9999.00-9999.00-9999.00-9999.00-9999.00-9999.00-9999.00-9999.00-9999.00-9999.00 -9999.00-9999.00-9999.00-9999.00-9999.00-9999.00-9999.00-9999.00-9999.00-9999.00-9999.00-9999.00-9999.00-9999.00-9999.00-9999.00-9999.00-9999.00-9999.00-9999.00-9999.00-9999.00-9999.00-9999.00-9999.00-9999.00-9999.00-9999.00-9999.00-9999.00-9999.00-9999.00-9999.00-9999.00-9999.00-9999.00-9999.00-9999.00-9999.00-9999.00-9999.00-9999.00-9999.00-9999.00-9999.00-9999.00-9999.00-9999.00-9999.00-9999.00-9999.00-9999.00-9999.00-9999.00-9999.00-9999.00-9999.00-9999.00-9999.00-9999.00-9999.00-9999.00-9999.00-9999.00-9999.00-9999.00-9999.00-9999.00-9999.00-9999.00-9999.00-9999.00-9999.00-9999.00-9999.00-9999.00-9999.00-9999.00-9999.00-9999.00-9999.00-9999.00-9999.00-9999.00-9999.00-9999.00-9999.00-9999.00-9999.00-9999.00-9999.00-9999.00-9999.00-9999.00-9999.00-9999.00-9999.00-9999.00-9999.00-9999.00-9999.00-9999.00-9999.00-9999.00-9999.00-9999.00-9999.00-9999.00-9999.00-9999.00-9999.00-9999.00-9999.00-9999.00-9999.00-9999.00-9999.00-9999.00-9999.00 80.44 73.48 84.89 73.62 385.31 379.47 84.55 96.74 76.93 156.42 145.59 95.33-9999.00-9999.00-9999.00-9999.00-9999.00-9999.00-9999.00-9999.00-9999.00-9999.00-9999.00-9999.00-9999.00-9999.00 -9999.00-9999.00-9999.00-9999.00-9999.00-9999.00-9999.00-9999.00-9999.00-9999.00-9999.00-9999.00-9999.00-9999.00-9999.00-9999.00-9999.00-9999.00-9999.00-9999.00-9999.00-9999.00-9999.00-9999.00-9999.00-9999.00-9999.00-9999.00-9999.00-9999.00-9999.00-9999.00-9999.00-9999.00-9999.00-9999.00-9999.00-9999.00-9999.00-9999.00-9999.00-9999.00-9999.00-9999.00-9999.00-9999.00-9999.00-9999.00-9999.00-9999.00-9999.00-9999.00-9999.00-9999.00-9999.00-9999.00-9999.00-9999.00-9999.00-9999.00-9999.00-9999.00-9999.00-9999.00-9999.00-9999.00-9999.00-9999.00-9999.00-9999.00-9999.00-9999.00-9999.00-9999.00-9999.00-9999.00-9999.00-9999.00-9999.00-9999.00-9999.00-9999.00-9999.00-9999.00-9999.00-9999.00-9999.00-9999.00-9999.00-9999.00-9999.00-9999.00-9999.00-9999.00-9999.00-9999.00-9999.00-9999.00-9999.00-9999.00-9999.00-9999.00-9999.00-9999.00-9999.00-9999.00-9999.00-9999.00-9999.00-9999.00-9999.00-9999.00-9999.00-9999.00-9999.00-9999.00-9999.00-9999.00-9999.00 73.10 180.45 74.33 126.31 74.23 0.00 73.48 75.59 379.40 243.33 112.58 90.79-9999.00-9999.00-9999.00-9999.00-9999.00-9999.00-9999.00-9999.00-9999.00-9999.00-9999.00-9999.00-9999.00-9999.00 -9999.00-9999.00-9999.00-9999.00-9999.00-9999.00-9999.00-9999.00-9999.00-9999.00-9999.00-9999.00-9999.00-9999.00-9999.00-9999.00-9999.00-9999.00-9999.00-9999.00-9999.00-9999.00-9999.00-9999.00-9999.00-9999.00-9999.00-9999.00-9999.00-9999.00-9999.00-9999.00-9999.00-9999.00-9999.00-9999.00-9999.00-9999.00-9999.00-9999.00-9999.00-9999.00-9999.00-9999.00-9999.00-9999.00-9999.00-9999.00-9999.00-9999.00-9999.00-9999.00-9999.00-9999.00-9999.00-9999.00-9999.00-9999.00-9999.00-9999.00-9999.00-9999.00-9999.00-9999.00-9999.00-9999.00-9999.00-9999.00-9999.00-9999.00-9999.00-9999.00-9999.00-9999.00-9999.00-9999.00-9999.00-9999.00-9999.00-9999.00-9999.00-9999.00-9999.00-9999.00-9999.00-9999.00-9999.00-9999.00-9999.00-9999.00-9999.00-9999.00-9999.00-9999.00-9999.00-9999.00-9999.00-9999.00-9999.00-9999.00-9999.00-9999.00-9999.00-9999.00-9999.00-9999.00-9999.00-9999.00-9999.00-9999.00-9999.00-9999.00-9999.00-9999.00-9999.00-9999.00-9999.00-9999.00 81.33 73.16 110.38 376.89 92.21 76.71 0.00 73.35 376.25 81.89 82.15 83.11 93.16-9999.00-9999.00-9999.00-9999.00-9999.00-9999.00-9999.00-9999.00-9999.00-9999.00-9999.00-9999.00-9999.00-9999.00 -9999.00-9999.00-9999.00-9999.00-9999.00-9999.00-9999.00-9999.00-9999.00-9999.00-9999.00-9999.00-9999.00-9999.00-9999.00-9999.00-9999.00-9999.00-9999.00-9999.00-9999.00-9999.00-9999.00-9999.00-9999.00-9999.00-9999.00-9999.00-9999.00-9999.00-9999.00-9999.00-9999.00-9999.00-9999.00-9999.00-9999.00-9999.00-9999.00-9999.00-9999.00-9999.00-9999.00-9999.00-9999.00-9999.00-9999.00-9999.00-9999.00-9999.00-9999.00-9999.00-9999.00-9999.00-9999.00-9999.00-9999.00-9999.00-9999.00-9999.00-9999.00-9999.00-9999.00-9999.00-9999.00-9999.00-9999.00-9999.00-9999.00-9999.00-9999.00-9999.00-9999.00-9999.00-9999.00-9999.00-9999.00-9999.00-9999.00-9999.00-9999.00-9999.00-9999.00-9999.00-9999.00-9999.00-9999.00-9999.00-9999.00-9999.00-9999.00-9999.00-9999.00-9999.00-9999.00-9999.00-9999.00-9999.00-9999.00-9999.00-9999.00-9999.00-9999.00-9999.00-9999.00-9999.00-9999.00-9999.00-9999.00-9999.00-9999.00-9999.00-9999.00-9999.00-9999.00-9999.00-9999.00 75.76 81.27 113.65 153.21 77.40 360.50 0.00 0.00
74.53 112.53 235.86 377.90 76.71 74.64 373.49 98.56 0.00 73.90 83.64 90.94 75.44 398.74 377.75 411.66 75.01 379.57 131.22 75.15-9999.00-9999.00-9999.00 -9999.00-9999.00-9999.00-9999.00-9999.00-9999.00-9999.00-9999.00-9999.00-9999.00-9999.00-9999.00-9999.00-9999.00-9999.00 73.63 234.87 81.61 75.26 108.74 0.00 299.06 156.55 74.10-9999.00-9999.00-9999.00-9999.00-9999.00-9999.00-9999.00-9999.00-9999.00-9999.00-9999.00-9999.00-9999.00-9999.00-9999.00-9999.00-9999.00-9999.00-9999.00-9999.00-9999.00-9999.00-9999.00-9999.00-9999.00-9999.00-9999.00-9999.00-9999.00-9999.00-9999.00-9999.00-9999.00-9999.00-9999.00-9999.00-9999.00-9999.00-9999.00-9999.00-9999.00-9999.00-9999.00-9999.00-9999.00-9999.00-9999.00-9999.00-9999.00-9999.00-9999.00-9999.00 78.20 78.20 376.28 378.62 88.38 85.44 86.97 76.71-9999.00-9999.00-9999.00-9999.00-9999.00-9999.00-9999.00-9999.00 73.64 124.56 370.87 287.48 79.83 327.57 118.79 76.71 378.79 255.31 75.15 189.00 114.70 83.50 177.03 250.33 74.64 78.20 73.90 123.73 115.59 113.90 0.00
103.95 85.84 77.40 378.77 135.58 77.66-9999.00 75.76 166.08 73.83 294.16 75.01 81.16 73.44 383.22 76.93 146.28 95.24 88.38 81.39 82.76 73.44 181.31 81.45 0.00 117.95 73.64 74.06 321.50 73.98 0.00 0.00 0.00 77.66 75.15 74.53 0.00 377.04 302.18 0.00 0.00 0.00 0.00 0.00 0.00 0.00 117.51 80.60 86.68 213.90 0.00 377.90 377.14 91.80 141.77 76.30 178.93 86.68 86.90-9999.00-9999.00-9999.00-9999.00-9999.00 -9999.00-9999.00-9999.00-9999.00-9999.00-9999.00-9999.00-9999.00-9999.00-9999.00-9999.00-9999.00 73.36 232.13
182.51 377.62 85.84 86.25 90.79 75.44 378.86 139.68 86.90 83.64 364.32 0.00 133.13 86.32 85.09 74.14 367.36 78.81 377.37 75.93 187.81 0.00 375.72 166.77 73.90 82.24 73.10 73.70 139.84 372.82 0.00 174.39 233.81 134.27 73.98 86.90 82.34 81.45 76.50 73.23 123.96 117.56 79.47 111.96 380.43 75.76 74.88 139.71 84.89 85.64 86.25 144.67 81.45 75.76 82.54 82.76 193.37 76.50 113.40 113.40 114.05
85.64 81.81 112.34 111.36 390.24 74.88 91.76 88.38 82.15 73.23 77.66 0.00 0.00 80.20 151.68 379.73 79.47 356.60 122.20 73.58 81.97 144.69 379.51 73.10 73.48 83.78 74.76 123.94 136.50 324.51 377.48 144.00 83.40 368.11 0.00 96.48 383.70 380.48 84.21 379.34 88.35 94.72-9999.00-9999.00-9999.00-9999.00-9999.00-9999.00-9999.00-9999.00-9999.00-9999.00-9999.00 -9999.00-9999.00-9999.00-9999.00-9999.00-9999.00-9999.00-9999.00-9999.00-9999.00 91.73 376.24 88.12 153.06 362.14 73.11 196.60 72.19 382.68 78.87 0.00 79.70 72.12 71.68 143.97 72.50 72.12 153.82
80.63 141.21 73.26 382.05 0.00 0.00 103.95 89.09 113.66 390.48 383.10 85.38 380.79 378.69 140.79 75.93 87.37-9999.00-9999.00-9999.00-9999.00-9999.00-9999.00-9999.00-9999.00-9999.00 -9999.00-9999.00-9999.00-9999.00 85.85 74.10 306.82 73.11 98.22 376.58 75.26 82.75 81.58 77.77 255.01 375.56 78.87 109.09 135.08 170.06 0.00 74.64 80.48 376.98 284.26 372.13 72.99 84.65 267.25 249.54 81.33 377.06 89.51 85.33 87.32 388.41 117.67 72.19 77.11 96.99 91.73 84.87 75.98 112.81 0.00 71.80 85.07
383.41 0.00 307.70 91.80 101.39 130.46 134.98 381.14 101.97 115.59 105.71 385.39 78.81 85.09 164.40 82.38-9999.00-9999.00-9999.00-9999.00-9999.00-9999.00-9999.00-9999.00 -9999.00-9999.00-9999.00 85.57 89.13 165.52 373.91 386.32 120.09 80.57 122.28 379.75 72.06 73.49 71.48 112.03 379.97 72.88 71.57 0.00 77.43 235.52 114.21 150.09 72.88 76.52 80.98 80.98 82.75 71.60 120.68 378.57 0.00 0.00 0.00 110.48 74.84 86.60 77.11 299.29 72.26 283.98 0.00 255.72 72.59 80.22 84.65
0.00 0.00 375.92 97.53 97.76 215.33 389.57 385.92 388.69 383.14 159.40 86.52 92.56 331.93 73.70 83.94 180.52 141.60 88.65-9999.00-9999.00-9999.00-9999.00-9999.00-9999.00 -9999.00-9999.00-9999.00-9999.00-9999.00-9999.00 133.97 71.76 240.25 0.00 81.10 130.24 72.59 75.26 120.25 169.62 82.91 72.50 0.00 164.28 71.53 161.69 82.43 159.55 164.54 77.77 72.50 377.82 74.84 81.10 71.55 0.00 140.71 71.84 83.82 71.89 376.40 77.43 378.39 72.33 72.26 0.00 144.74 71.65 74.45 253.77 381.99
379.79 379.55 378.00 74.53 81.01 83.78 73.76 179.13 76.50-9999.00-9999.00-9999.00-9999.00-9999.00-9999.00-9999.00 -9999.00-9999.00-9999.00-9999.00-9999.00-9999.00-9999.00-9999.00-9999.00 72.33 296.94 0.00 74.84 80.57 76.24 0.00 93.29 361.59 109.79 73.23 81.58 83.45 82.70 379.55 74.64 79.47 128.05 73.11 112.92 382.61 0.00 72.68 0.00 0.00 110.14 73.49 110.38 78.87 0.00 115.96 80.48 92.76 0.00 72.78 262.32 158.17 73.11 139.10 177.91 380.88 88.99 71.50 230.14 214.25 259.30 383.91 376.02 81.01 75.93 0.00
108.65 173.07 115.52 0.00 79.70 71.55 375.59 73.78 82.14 81.98 129.12 75.04 75.73 303.54 80.48 156.14 83.45 82.70 91.24 97.54 85.33 172.94 89.91 232.29 95.43 88.12 162.79 71.62 132.13 73.36 109.68 133.74 194.33 0.00 73.42 82.65 75.01 342.51 188.95 92.91 93.67 80.43 122.01 73.48 142.33 0.00 76.71 81.21 84.39 102.53 80.20 83.23 78.50 86.46 97.21 74.64 394.30 143.36 188.06 257.67 77.40
258.97 373.68 121.11 71.61 143.01 0.00 111.44 73.98 75.03 375.07 376.81 166.00 80.60 73.16 141.66 166.28 306.42 0.00 346.85 318.30 135.50 85.09 89.54 150.84 377.67 93.16 376.04 89.09 89.86 78.20 85.64 85.70 159.16 73.48 73.70 76.93 73.64 154.94 77.66 0.00 326.35 101.68 379.93 375.02 77.66 81.45 80.97 82.54 86.25 113.15 86.04 80.81 74.53 95.75 85.07 84.07 86.32 218.17 378.91 378.69 384.75
147.80 381.77 73.83 130.23 86.04 78.20 113.02 394.75 0.00 119.44 77.66 300.49 130.26 73.16 82.54 75.59 77.66 73.53 121.17 381.32 125.71 86.04 194.59 83.92 125.22 99.12 360.00 87.61 79.83 353.00 377.09 176.35 265.13 0.00 165.90 376.79 365.93 369.34 88.98 200.28 336.69 147.28 359.53 74.14 73.32 325.08 73.29 82.24 376.94 374.63 73.64 89.54-9999.00-9999.00-9999.00-9999.00-9999.00-9999.00-9999.00-9999.00-9999.00-9999.00 -9999.00-9999.00-9999.00-9999.00-9999.00-9999.00-9999.00-9999.00-9999.00 71.80 112.06 299.63 0.00 108.86 73.11 81.58 113.06
147.10 176.15 383.33 91.67 141.12 72.56 78.08 90.56 90.94 75.29 74.64 84.23 194.71 73.18 86.04 84.55-9999.00-9999.00-9999.00-9999.00-9999.00-9999.00-9999.00-9999.00-9999.00-9999.00-9999.00-9999.00-9999.00 -9999.00-9999.00-9999.00-9999.00-9999.00-9999.00-9999.00-9999.00-9999.00-9999.00 74.84 233.47 378.58 0.00 0.00 0.00 0.00 0.00 0.00 388.99 339.99 72.33 0.00 266.64 131.11 73.36 79.70 89.13 80.57 0.00 88.77 84.23 86.88 80.30 376.70 284.61 151.17 74.10 71.54 141.79 0.00 148.20 74.45 85.33 74.64 378.09 72.99 165.44 381.83 71.50 379.65 72.41 71.52 108.71
0.00 302.51 72.00 80.48 141.51 81.21 117.64 94.90 0.00 384.68 213.19 146.65 73.78 71.76 118.47 134.20 0.00 378.62 73.36 81.10 72.41 0.00 138.68 318.98 73.36 279.65 73.63 120.21 75.01 115.88 75.57 75.01 119.79 200.53 328.30 376.45 379.71 0.00 368.83 375.79 389.08 0.00 0.00 0.00 0.00 0.00 0.00 0.00 376.28 326.01 379.51 76.30 77.92 154.11 87.51 188.36 382.23 76.93 217.88 79.47 372.74
84.55 83.94 378.94 86.32 88.94 86.25 81.01 121.87 380.06 381.97 73.76 75.93 121.95 136.80 339.61 377.97 0.00 315.41 377.48 354.65 176.75 84.88 358.10 80.23 95.70 312.71 75.15 73.18 73.58 378.81 74.53 74.43 376.16 385.36 323.31 73.64 86.68-9999.00-9999.00-9999.00-9999.00-9999.00-9999.00-9999.00-9999.00-9999.00-9999.00-9999.00-9999.00-9999.00-9999.00 -9999.00-9999.00-9999.00-9999.00-9999.00-9999.00-9999.00-9999.00-9999.00-9999.00-9999.00-9999.00-9999.00 91.24 76.24 82.14 136.44 376.60 79.70 85.82 75.73 190.58 72.88 71.49 0.00 74.10 366.56 0.00 399.63 74.84 73.36 72.19 78.93 76.52 92.16 98.22
82.13 80.30 71.79 224.30 377.61 382.00 0.00 71.47 127.27 72.33 80.43 78.84 110.59 376.34 79.43 72.16 72.99 309.64 0.00 72.16 71.51 71.48 117.49 377.24 81.78 85.38 172.98 400.39 114.33 103.62 93.16 77.66 373.13 376.60 118.88 76.11 96.74 86.97 75.44 89.54 76.30 89.54 79.13 391.65 75.59 89.86 352.00 77.66 86.68 143.73 147.21 82.24 73.98 156.17 162.46 74.43 360.01 0.00 75.59 83.50 77.66
75.49 75.73 78.95 79.42 78.49 0.00 0.00 112.11 83.09 137.20 73.78 131.40 75.26 72.68 291.04 74.10 375.68 209.21 83.82 79.04 79.47 78.87 77.77 185.78 0.00 75.62 240.42 375.78 73.11 378.28 100.62 0.00 85.85 178.14 80.33 100.62 71.84 79.28 71.89 82.75 88.42 76.24 285.86 82.76 312.19 87.61 74.06 415.37 321.96 79.13 368.88 194.38 82.88 283.22 76.71 0.00 73.32 74.43 76.30 137.54 73.98
80.06 378.64 180.99 376.56 0.00 71.57 82.75 82.14 79.59 77.43 424.12 72.68 80.88 82.43 86.34 80.15 72.59 334.91 72.59 331.07 82.43 113.00 81.10 81.10 124.09 366.83 378.47 0.00 78.87 358.83 95.43 86.57 129.17 75.73 190.46 375.10 385.05 85.85 93.29 118.80 376.89 82.14 84.65 183.06 75.49 191.72 0.00 0.00 0.00 387.18 183.39 96.72 76.11 86.04 88.65 79.83 83.78 76.11 378.12 344.57 373.59
233.77 381.60 155.51 212.27 153.48 95.43 377.59 377.86 0.00 374.89 376.50 165.09 376.26 239.68 361.03 77.85 218.46 183.45 87.05 119.08 375.48 379.54 74.84 89.13 71.80 252.95 96.99 95.95 137.16 82.70 263.02 0.00 88.99 0.00 239.68 94.61 376.53 378.56 89.71 347.64 318.29 378.69 191.24 91.34 73.58 73.32 73.58 132.04 73.11 87.61 381.56 74.06 80.66 132.09 74.23 79.13 383.32 329.94 73.32 73.32 377.28
83.63 75.73 91.24 250.38 378.68 141.20 77.11 91.73 82.70 101.81 378.95 89.95 74.27 322.26 0.00 384.06 375.60 376.39 375.91 138.68 0.00 233.90 82.01 91.82 130.46 207.85 327.27 145.02 80.60 339.26 375.68 117.06 78.20 78.20 178.99 73.53 82.38 361.86 81.89 75.15 82.38 110.87 131.66 375.24 0.00 380.50 377.91 373.21 263.94 78.81 82.19 74.14 78.50 0.00 110.49 73.11 81.27 87.61 76.93 140.66 350.50
180.55 0.00 378.25 180.55 384.44 282.11 213.08 376.52 248.24 376.64 125.94 376.04 370.48 89.23 86.97 388.23 383.16 394.39 75.29 85.09 362.32 77.92 84.39 113.83 84.07 215.48 84.23 74.64 83.50 75.01 256.27 0.00 384.44 376.11 275.44 74.15 126.80 151.82 74.88 89.54 0.00 380.89 378.67 377.13 378.80 233.39 136.32 118.79 83.94-9999.00-9999.00-9999.00-9999.00-9999.00-9999.00-9999.00-9999.00-9999.00-9999.00-9999.00-9999.00-9999.00-9999.00-9999.00-9999.00-9999.00-9999.00-9999.00-9999.00 -9999.00-9999.00-9999.00-9999.00-9999.00-9999.00-9999.00-9999.00-9999.00-9999.00-9999.00-9999.00-9999.00-9999.00-9999.00-9999.00-9999.00-9999.00-9999.00-9999.00 81.61 176.47 344.75 378.62 382.27 327.59 73.78 86.07 358.68 118.44 77.11
318.91 378.67 375.13 375.36 0.00 246.78 384.23 80.61 82.14 381.32 386.17 378.25 338.45 150.04 76.11 83.40 263.03 82.65 85.70 109.19 381.26 244.37 0.00 378.29 375.68 376.34 261.38 375.85 243.37 347.18 200.98 83.78 87.13 74.06 0.00 378.09 245.69 81.01 215.56 77.92-9999.00-9999.00-9999.00-9999.00-9999.00-9999.00-9999.00-9999.00-9999.00-9999.00-9999.00-9999.00-9999.00-9999.00-9999.00-9999.00-9999.00-9999.00-9999.00-9999.00-9999.00-9999.00-9999.00 -9999.00-9999.00-9999.00-9999.00-9999.00-9999.00-9999.00-9999.00-9999.00-9999.00-9999.00-9999.00-9999.00-9999.00-9999.00-9999.00-9999.00 76.24 155.46 378.53 374.16 78.49 285.17 72.88 197.49 132.08 430.77 96.95 86.34 78.87 129.72 233.22 76.52 0.00 0.00 0.00 0.00
384.67 73.16 80.45 81.45 84.39 82.54 85.26 84.55 279.13 82.34 376.99 141.30 380.58 154.88 141.51-9999.00-9999.00-9999.00-9999.00-9999.00-9999.00-9999.00-9999.00-9999.00-9999.00-9999.00-9999.00-9999.00-9999.00-9999.00-9999.00-9999.00-9999.00-9999.00-9999.00-9999.00-9999.00-9999.00 -9999.00-9999.00-9999.00-9999.00-9999.00-9999.00-9999.00-9999.00-9999.00-9999.00-9999.00-9999.00-9999.00-9999.00-9999.00-9999.00-9999.00-9999.00-9999.00-9999.00-9999.00-9999.00-9999.00-9999.00-9999.00-9999.00 87.77 75.49 300.20 198.84 90.78 82.70 90.78 94.90 81.61 174.06 328.49 376.61 394.12 0.00 0.00 377.52 376.94 125.94 194.06 248.24 366.38 379.33 0.00 381.92 379.90 378.99 376.68 302.26 375.97 91.97 375.45 239.38 83.28 91.01 120.32 376.41 375.58 378.39 102.38 289.41 379.31 279.03 165.09 94.96 375.12
324.08 0.00 375.25 377.40 328.85 376.44 222.77 227.38 249.70 376.06 289.30 266.76 377.50 378.10 0.00 0.00 0.00 358.78 0.00 188.98 387.01 378.52 307.20 130.90 114.03 73.29 112.23 379.28 377.91 129.34 113.40 74.64 97.21 90.20 85.44 83.11 92.67 76.93 75.01 73.48 110.53 375.70 83.94 117.18 75.76-9999.00-9999.00-9999.00-9999.00-9999.00-9999.00-9999.00-9999.00-9999.00-9999.00-9999.00-9999.00-9999.00-9999.00-9999.00-9999.00-9999.00-9999.00-9999.00-9999.00-9999.00 -9999.00-9999.00-9999.00-9999.00-9999.00-9999.00-9999.00-9999.00-9999.00-9999.00-9999.00-9999.00-9999.00-9999.00-9999.00-9999.00-9999.00-9999.00-9999.00-9999.00-9999.00-9999.00-9999.00-9999.00-9999.00-9999.00-9999.00-9999.00-9999.00-9999.00 97.54 94.61 87.32 377.65 89.95 379.93 383.05 383.94 385.19 235.18 304.29 263.80 248.24 375.68 0.00
92.92 80.06 375.20 384.24 375.32 379.71 388.44 380.09 379.91 142.56 73.81 80.52 83.59 81.92 376.09 386.43 383.13 313.25 359.42 90.20 375.08 375.19 375.81 376.23 0.00 375.34 352.47 79.00 92.69 202.45 372.92 377.06 375.29 87.50 276.39 89.33 378.16 81.44 83.83 373.83 375.45 337.97 73.22 72.03 72.18 79.48 83.59 81.90 88.48 376.65 78.38 96.39 379.66 307.58 77.33 377.82 127.12 79.60 99.74 377.85 95.24
385.20 198.26 159.81 178.24 283.95 159.72 0.00 376.29 206.65 378.30 170.11 375.20 188.98 381.75 380.48 328.76 353.97 365.15 140.86 74.52 73.50 72.26 0.00 0.00 198.99 76.41 122.63 85.09 87.50 137.11 348.01 80.52 75.87 80.52 95.20 0.00 94.88 88.14 80.05 90.87 77.33 81.52 116.14 80.05 86.94-9999.00-9999.00-9999.00-9999.00-9999.00-9999.00-9999.00-9999.00-9999.00-9999.00-9999.00-9999.00-9999.00-9999.00-9999.00-9999.00-9999.00-9999.00-9999.00-9999.00-9999.00-9999.00-9999.00 -9999.00-9999.00-9999.00-9999.00-9999.00-9999.00-9999.00-9999.00-9999.00-9999.00-9999.00-9999.00-9999.00-9999.00-9999.00-9999.00-9999.00-9999.00-9999.00-9999.00-9999.00-9999.00-9999.00-9999.00-9999.00-9999.00-9999.00-9999.00-9999.00-9999.00-9999.00-9999.00-9999.00-9999.00-9999.00-9999.00-9999.00-9999.00-9999.00-9999.00-9999.00-9999.00-9999.00 222.77 375.36 269.80 269.80 375.52 0.00 375.41 294.66 319.52 294.66 0.00 249.67 376.14 294.66 375.42
375.48 294.66 297.96 0.00 319.52 375.00 375.00 0.00 294.66 294.66 0.00 375.35 375.03 375.10 294.66 375.60 375.00 313.24 0.00 294.66 376.41 269.80 0.00 0.00 0.00 375.20 375.21 298.79 134.11 163.60 79.45 375.13 0.00 378.46 378.09 82.58 77.43 375.50 291.45 133.48 81.01 81.36 381.87 234.37 74.93 76.70 380.12 294.32 85.58 86.59 96.21 351.80 382.30 81.01 119.59 86.59 80.05 396.84 78.02 376.83 145.21
