蒙特卡罗+CDRMV3/输出数据/2D水深分布/WaterDepthGIS_0163.ASC
ncols         539            
nrows         744            
xllcorner     602630.84259341
yllcorner     3914823.670891 
cellsize      50             
NODATA_value  -9999.00       
[rows 0 to 26 of 32, columns 305 to 365 of 539]
86.58 78.07 80.42 79.60 72.60 128.87 72.92 72.14 128.72 77.16 0.00 75.69 79.84 176.21 118.41 203.87 166.25 73.44-9999.00-9999.00-9999.00-9999.00-9999.00-9999.00-9999.00-9999.00-9999.00-9999.00-9999.00-9999.00 -9999.00-9999.00-9999.00-9999.00-9999.00-9999.00-9999.00-9999.00-9999.00-9999.00-9999.00-9999.00 84.84 72.45 256.80 83.53 136.44 0.00 76.15 358.99 87.42 150.98 98.51-9999.00-9999.00-9999.00-9999.00-9999.00-9999.00-9999.00-9999.00-9999.00-9999.00-9999.00-9999.00-9999.00-9999.00-9999.00-9999.00-9999.00-9999.00-9999.00-9999.00-9999.00-9999.00-9999.00-9999.00-9999.00-9999.00-9999.00-9999.00-9999.00-9999.00-9999.00-9999.00-9999.00-9999.00-9999.00-9999.00-9999.00-9999.00-9999.00-9999.00-9999.00-9999.00-9999.00-9999.00-9999.00-9999.00-9999.00-9999.00-9999.00-9999.00-9999.00-9999.00-9999.00-9999.00-9999.00-9999.00-9999.00-9999.00-9999.00-9999.00-9999.00-9999.00-9999.00-9999.00-9999.00-9999.00-9999.00-9999.00-9999.00-9999.00-9999.00-9999.00-9999.00-9999.00-9999.00-9999.00-9999.00-9999.00-9999.00-9999.00-9999.00-9999.00-9999.00-9999.00-9999.00-9999.00-9999.00 122.67 286.49 159.91 143.40 81.55 79.92 380.33 133.61 219.45 375.52 229.91 123.31 74.29 82.84 74.29 0.00 377.24 161.90 82.68 147.57 378.02 72.50 79.88 75.10-9999.00-9999.00-9999.00-9999.00-9999.00-9999.00-9999.00-9999.00-9999.00-9999.00-9999.00 -9999.00-9999.00-9999.00-9999.00-9999.00-9999.00-9999.00-9999.00-9999.00-9999.00-9999.00-9999.00-9999.00 88.49 114.35 81.13 128.44 120.82 0.00
351.44 326.79 0.00 109.99 172.44 71.00 85.35-9999.00-9999.00-9999.00-9999.00-9999.00-9999.00-9999.00-9999.00-9999.00-9999.00-9999.00-9999.00-9999.00-9999.00-9999.00-9999.00-9999.00-9999.00-9999.00-9999.00-9999.00-9999.00-9999.00-9999.00-9999.00-9999.00-9999.00-9999.00-9999.00-9999.00-9999.00-9999.00-9999.00-9999.00-9999.00-9999.00-9999.00-9999.00-9999.00-9999.00 98.72 379.76 81.77 271.95 100.34-9999.00-9999.00 79.52 76.14 83.13 76.37 75.49 375.86 422.95 76.88 93.01 73.44 184.05 76.37 83.80 74.29 82.68-9999.00-9999.00-9999.00 74.29 161.84 72.66 138.35 73.16 75.91 72.24 382.35 81.28 0.00 0.00 0.00 76.88 73.07 373.60 377.07 143.46 73.77 73.65 87.32 367.41 379.92 132.42 124.55 72.50 72.60 77.75 0.00 75.91 81.24 152.28 75.69 376.32 170.18
138.95 72.50 72.14 80.42 75.10 0.00 120.31 72.60 72.78 378.41 0.00 84.61 91.73 0.00 367.39 84.61 89.10 95.18 79.52 143.58 75.91 80.35 159.38-9999.00-9999.00-9999.00-9999.00-9999.00-9999.00 -9999.00-9999.00-9999.00-9999.00-9999.00-9999.00-9999.00-9999.00-9999.00-9999.00-9999.00 71.98 124.21 81.59 71.88 378.83 378.44 0.00 271.08 109.81 143.08 71.60 78.65 75.56 380.30 121.89 377.57 73.52 378.08 88.88 75.29 170.30-9999.00-9999.00-9999.00-9999.00-9999.00-9999.00-9999.00 83.24 76.14 87.59 77.75 87.32 75.91 78.76-9999.00-9999.00-9999.00-9999.00-9999.00-9999.00 77.16 176.16 94.10 85.39 309.61 368.21 82.84 83.63 188.95
80.35 376.43 75.29 116.71 377.10 82.84 385.70 112.58 82.68 356.51 74.15 146.21 377.77 77.16 0.00 76.37 82.01 96.68 384.41 87.05 81.34 130.17 84.55 377.68 81.89 78.07 0.00 150.98 72.71 90.64 126.37 306.26 73.44 0.00 87.32 83.46 173.70 72.13 88.46 80.49 72.78 369.60 255.62 74.76 231.34 72.71 74.93 74.59 87.05 153.78 74.93 214.07 73.25 115.19 127.46 82.13 74.02 114.19 206.27 86.58 0.00
209.54 73.34 81.77 341.75 291.65 72.34 74.15 73.07 376.16 79.52 75.10 80.49 72.12 381.47 90.20 72.50 358.88 207.03 386.97 83.41 91.04 399.59 72.92 83.29 378.62 74.02 306.71 73.65 72.99 379.33 79.13 80.96 82.13 72.12 141.02 233.88 376.39 376.61 79.52 388.09 380.98 0.00 79.13 87.87 357.06 74.44 141.20 210.10 378.53 313.70 121.35-9999.00-9999.00-9999.00-9999.00-9999.00-9999.00-9999.00-9999.00-9999.00-9999.00 -9999.00-9999.00-9999.00-9999.00-9999.00-9999.00-9999.00-9999.00 375.76 90.18 73.18 85.62 375.68 376.86 75.03 79.15 91.68
373.25 0.00 111.11 80.80 74.44 382.20 91.73 246.81 164.48 81.14 115.43 87.87 192.02 82.54 81.14 80.49 72.33 135.91 170.86 379.75 379.37 380.42 379.81 0.00 0.00 0.00 0.00 92.93 358.66 107.05 0.00 89.67 269.75 81.28 90.61 105.83 335.14 79.92 358.72 78.07-9999.00-9999.00-9999.00-9999.00-9999.00-9999.00-9999.00-9999.00-9999.00 -9999.00-9999.00 80.71 74.78 78.29 88.88 259.78 364.61 73.35 80.21 79.15 379.57 109.96 77.50 122.54 311.47 78.59 78.06 70.76 113.47 0.00 75.56
113.72 72.20 214.30 0.00 353.98 186.18 135.89 72.92 78.40 377.58 72.85 80.07 72.15 153.34 215.61 82.26 80.64 129.10 80.64 127.89 73.89 118.24 72.45 130.76 72.18 132.40 0.00 102.93 145.03 379.29 375.17 357.89 103.55 356.93 98.72 377.98 73.54 94.67 73.07 86.39 379.16 395.22 74.02 91.04-9999.00-9999.00-9999.00-9999.00-9999.00-9999.00 -9999.00-9999.00-9999.00-9999.00-9999.00 83.53 143.88 232.77 386.83 378.17 73.02 130.01 375.98 258.47 80.46 75.56 77.50 379.39 72.09 0.00 71.78
73.65 0.00 116.61 157.91 72.50 81.77 72.28 379.94 114.30 74.93 125.61 72.28 109.79 384.59 91.73 177.51 72.99 80.64 73.16 110.38 377.38 76.14 0.00 0.00 225.71 83.41 377.86 376.63 228.27 113.05 92.41 113.21 98.09 96.46 94.06 85.22 378.47 377.75 325.90 155.60 77.75-9999.00-9999.00-9999.00-9999.00-9999.00-9999.00-9999.00 -9999.00-9999.00-9999.00-9999.00-9999.00-9999.00-9999.00 77.89 119.78 145.60 0.00 112.70 78.09 70.58 142.52 70.62 301.01 0.00 135.43 357.48 173.52 145.97 73.35 178.78 370.07 83.53
132.37 79.13 72.14 131.15 305.32 81.77 0.00 94.19 378.73 378.66 376.40 305.58 160.11 184.77 84.88 350.20 86.31 83.46 72.66 149.19 206.92 77.45-9999.00-9999.00-9999.00-9999.00-9999.00-9999.00-9999.00-9999.00-9999.00 -9999.00-9999.00-9999.00-9999.00-9999.00-9999.00-9999.00-9999.00-9999.00 72.09 136.71 0.00 84.84 78.20 73.52 0.00 110.58 70.62 80.46 80.33 73.02 71.88 393.91 125.89 84.87 71.43 107.27 373.04 117.14 72.09 0.00 111.28 71.78 368.72 148.07 71.22 127.29 71.88 118.40 108.58 0.00 0.00 156.35 71.29 380.55 407.02 386.09
0.00 82.29 324.95 375.24 71.78 72.86 315.34 380.80 113.25 77.89 74.32 122.63 231.22 115.18 0.00 252.18 202.48 70.58 70.90 125.06 75.29 80.33 305.14 111.45 87.98 82.89 82.45 89.72 75.56 176.20 140.06 376.29 82.29 96.05 84.87 92.77 89.72 82.45 73.71 186.83 206.17 376.17 304.65 70.90 0.00 380.42 382.36 380.36 72.12 86.55 80.88 86.55 72.20 125.64 375.61 75.29 0.00 143.37 73.54 74.29 81.77
115.29 382.17 73.02 82.64 126.22 76.15 201.64 377.13 85.35 124.89 73.90 264.32 123.49 70.66 124.19 87.98 0.00 177.14 113.62 73.89 88.81 77.16 80.88 124.36 82.40 73.07 111.03 202.98 0.00 73.77 83.46 85.17 98.65 79.92 379.27 87.59 86.58 82.98 87.32 90.64 375.79 81.34 72.15 159.49 80.56 74.76 131.40 264.16 75.49 182.56 0.00 312.93 185.77 140.87 75.10 132.80 80.30 145.65 78.76 112.96 377.66
124.69 79.13 0.00 84.96 82.40 235.30 76.88 320.59 80.80 84.36 79.88 74.59 74.59 409.97 81.77 73.77 117.41 0.00 326.77 110.13 72.78 80.02 72.20 74.29 178.73 280.68 82.40 80.79 131.54 117.91 379.42 77.16 378.02 209.41 85.90 379.02 378.65 315.25 210.10 190.85 0.00 387.11 383.39 382.44 360.04 365.12 105.35 375.91 379.40 380.07 375.28 375.41 86.27 89.43 93.98 84.61 233.94 118.87 72.85 152.95 83.46
375.75 377.93 207.88 120.85 376.31 126.95 376.08 373.22 379.09 259.19 87.28 344.25 150.12 191.48 378.62 376.18 149.47 132.71 73.07-9999.00-9999.00-9999.00-9999.00-9999.00-9999.00-9999.00-9999.00-9999.00-9999.00-9999.00-9999.00-9999.00 -9999.00-9999.00-9999.00-9999.00-9999.00-9999.00-9999.00-9999.00-9999.00 80.85 77.67 299.08 72.45 380.25 376.47 74.78 378.86 70.68 128.25 73.90 0.00 378.40 0.00 249.47 121.46 73.02 83.89 126.47 159.61 0.00 163.27 71.78 80.58 166.40 382.52 137.04 139.00 72.72 70.57 0.00 375.94 159.88 109.96 77.50 71.68 379.31 377.07 82.27 70.58 381.04
75.56 77.97 78.85 92.87 89.62 78.38 0.00 117.87 77.50 86.18 134.24 76.79 71.22 127.11 164.20 253.92 0.00 79.15 71.78 124.18 0.00 70.86 78.16 70.76 78.85 79.94 75.53 83.89 70.64 72.50 132.53 79.80 73.16 81.77 84.55 86.58 0.00 0.00 0.00 279.03 82.27 79.22 375.94 375.89 129.66 349.47 376.69 85.11 83.13 118.06 378.28 163.53 72.20 76.14 179.74 376.98 343.15 83.41 74.02 373.33 85.39
383.50 139.17 82.40 75.10 194.59 369.40 82.84 375.64 0.00 0.00 226.36 376.37 83.25 101.98 74.98 82.54 127.42 122.52 73.54 87.32 80.79 337.99 82.01 376.00 78.40 74.76 379.36 118.51 84.17-9999.00-9999.00-9999.00-9999.00-9999.00-9999.00-9999.00-9999.00-9999.00-9999.00-9999.00-9999.00-9999.00-9999.00 -9999.00-9999.00-9999.00-9999.00-9999.00-9999.00-9999.00-9999.00-9999.00-9999.00-9999.00-9999.00-9999.00-9999.00-9999.00 87.98 84.87 356.53 97.79 90.18 86.34 267.02 376.20 378.87 0.00 110.41 71.16 70.61 107.64 342.20 79.39 72.86 108.17 172.65 0.00 125.22 79.62 78.09 70.70 149.81 0.00 176.39 70.79 82.45 70.95 0.00
179.85 82.29 79.49 110.86 74.44 276.78 94.64 89.81 91.73 91.04 73.54 382.05 79.13 376.97 265.57 74.76 79.13 74.76 346.60 239.45 117.01 73.89 114.31 376.72 86.55 382.65 341.23 127.07 141.10 77.16 86.31 79.84 72.13 73.65 150.92 388.24 79.92 73.25 72.15 152.96 0.00 0.00 386.87 81.28 79.53 91.37 379.18 147.54 109.30 72.41 72.71 111.30 72.78 355.30 125.33 75.10-9999.00-9999.00-9999.00-9999.00-9999.00-9999.00-9999.00-9999.00-9999.00-9999.00-9999.00-9999.00-9999.00-9999.00-9999.00-9999.00-9999.00-9999.00 -9999.00-9999.00-9999.00-9999.00-9999.00-9999.00-9999.00-9999.00-9999.00-9999.00-9999.00-9999.00-9999.00-9999.00-9999.00-9999.00-9999.00 80.61 81.15 93.59 111.57
377.52 97.16 80.01 0.00 0.00 0.00 96.55 305.64 88.20 157.50 75.85 378.88 375.76 375.42 73.35 114.74 88.88 70.73 293.63 378.82 91.04 172.59 390.34 80.35 88.02 376.43 79.13 81.77 0.00 89.67 381.00 311.96 277.32 135.26 74.59 81.34 81.77 158.20 81.05 222.46 375.73 323.95 118.43 73.25 88.16 143.70 73.16 72.34 123.83 75.91 0.00 81.28 160.97 282.55 98.10 382.17 74.59 81.05 91.50 383.93 378.59
76.15 121.14 376.53 77.50 378.12 378.02 0.00 379.28 84.19 357.29 375.76 80.10 388.52 0.00 77.89 76.15 84.61 132.88 363.98 88.81 388.60 382.95 390.22 384.32 379.49 114.05 80.12 82.13 77.75 381.05 74.76 351.06 72.78 79.42 85.39 246.02 75.49 73.77 123.94 289.99 376.82 102.33 84.61 80.18 73.07 107.05 0.00 0.00 361.03 340.77 319.39 229.05 121.63 72.60 79.69 120.92 83.80 72.16 110.88 87.59-9999.00-9999.00-9999.00-9999.00-9999.00-9999.00-9999.00-9999.00-9999.00-9999.00-9999.00-9999.00-9999.00-9999.00-9999.00-9999.00-9999.00-9999.00-9999.00-9999.00 -9999.00-9999.00-9999.00-9999.00-9999.00-9999.00-9999.00-9999.00-9999.00-9999.00-9999.00-9999.00-9999.00-9999.00-9999.00-9999.00-9999.00-9999.00-9999.00-9999.00
195.91 382.42 377.55 125.38 165.59 375.46 122.33 191.24 0.00 0.00 0.00 377.91 79.92 0.00 82.84 384.01 75.10 369.03 122.88 72.31 118.24 73.34 123.01 378.58 375.66 77.45 380.14 381.69 0.00 367.22 80.35 312.94 82.84 112.73 0.00 73.65 79.92 84.55 85.17 85.90 122.99 0.00 382.94 74.15 84.17 379.38 214.76 123.94 73.77-9999.00-9999.00-9999.00-9999.00-9999.00-9999.00-9999.00-9999.00-9999.00-9999.00-9999.00-9999.00-9999.00-9999.00-9999.00-9999.00-9999.00 -9999.00-9999.00-9999.00-9999.00-9999.00-9999.00-9999.00-9999.00-9999.00-9999.00-9999.00-9999.00-9999.00-9999.00-9999.00-9999.00-9999.00-9999.00-9999.00-9999.00-9999.00-9999.00-9999.00-9999.00-9999.00 87.76 71.43 176.27 339.66 76.46 419.92 118.76 75.03 72.32 128.92 86.78
80.80 73.54 110.43 362.25 135.91 73.77 72.31 123.67 376.75 0.00 366.60 124.67 80.15 84.55 81.34 80.79 87.59 0.00 114.22 73.54 82.26 375.53 175.88 73.54 74.59 162.33 352.47-9999.00-9999.00-9999.00-9999.00-9999.00-9999.00-9999.00-9999.00-9999.00-9999.00-9999.00-9999.00-9999.00-9999.00-9999.00-9999.00-9999.00-9999.00-9999.00 -9999.00-9999.00-9999.00-9999.00-9999.00-9999.00-9999.00-9999.00-9999.00-9999.00-9999.00-9999.00-9999.00-9999.00-9999.00-9999.00-9999.00-9999.00-9999.00-9999.00-9999.00-9999.00 84.84 84.87 148.01 377.05 90.66 73.02 90.66 81.13 81.59 120.56 73.18 0.00 0.00 0.00 298.24 0.00 148.61 104.34 89.93 121.21 85.90 87.76 149.29 87.98 162.68 87.09 224.10 92.22 87.09 78.71 76.15 393.59 376.10
381.16 378.18 343.16 282.77 87.27 361.63 119.26 73.34 81.77 0.00 73.89 83.98 121.74 84.96 115.47 83.63-9999.00-9999.00-9999.00-9999.00-9999.00-9999.00-9999.00-9999.00-9999.00-9999.00-9999.00-9999.00-9999.00-9999.00-9999.00-9999.00-9999.00-9999.00-9999.00-9999.00-9999.00-9999.00 -9999.00-9999.00-9999.00-9999.00-9999.00-9999.00-9999.00-9999.00-9999.00-9999.00-9999.00-9999.00-9999.00-9999.00-9999.00-9999.00-9999.00 75.03 166.34 80.10 73.52 86.48 79.62 72.20 167.94 120.89 129.72 381.65 0.00 0.00 123.24 71.05 71.88 368.21 73.90 131.39 371.49 377.07 0.00 356.90 95.17 353.42 375.81 104.34 380.25 144.12 86.34 92.32 342.79 378.64 352.97 126.22 82.89 77.89 76.79 98.31 97.16 109.35 376.03 0.00 382.25
384.35 0.00 72.17 77.75 133.60 85.17-9999.00-9999.00-9999.00-9999.00-9999.00-9999.00-9999.00-9999.00-9999.00-9999.00-9999.00-9999.00-9999.00-9999.00-9999.00-9999.00-9999.00-9999.00-9999.00-9999.00-9999.00-9999.00-9999.00-9999.00 -9999.00-9999.00-9999.00-9999.00-9999.00-9999.00-9999.00-9999.00-9999.00-9999.00-9999.00-9999.00-9999.00-9999.00-9999.00-9999.00-9999.00-9999.00-9999.00 82.64 84.87 87.13 381.84 154.46 89.94 87.42 74.55 74.55 120.21 350.27 77.50 384.07 71.51 73.18 75.29 112.78 379.96 0.00 0.00 266.27 376.40 394.67 369.52 375.39 255.61 376.31 202.18 109.40 379.00 376.14 347.21 381.15 80.10 90.66 75.29 79.15 91.09 375.09 375.63 376.34 376.58 136.06 128.65 0.00 376.51 364.37 375.71 361.07 178.42 375.79 378.29 386.51 178.42
295.96 402.16 96.37 201.77 128.65 377.08 375.53 263.01 326.48 379.32 0.00 0.00 384.58 376.49 326.55 378.44 379.08 0.00 318.09 380.56 182.36 386.90 266.27 133.94 375.11 183.63 90.93 131.35 87.42 72.86 73.35 80.87 78.01 127.45 71.10 379.33 0.00 98.65 382.29 380.03 380.90 72.92 79.92 80.64 74.02 73.07 111.08 379.16 364.32 72.22 126.12 121.68 175.09 73.44 133.71 84.96 79.13 344.89 117.49 82.01-9999.00-9999.00-9999.00-9999.00-9999.00-9999.00-9999.00-9999.00-9999.00-9999.00-9999.00-9999.00-9999.00-9999.00-9999.00-9999.00-9999.00-9999.00-9999.00-9999.00-9999.00-9999.00 -9999.00-9999.00-9999.00-9999.00-9999.00-9999.00-9999.00-9999.00-9999.00-9999.00-9999.00-9999.00-9999.00-9999.00-9999.00-9999.00-9999.00-9999.00-9999.00-9999.00-9999.00-9999.00-9999.00-9999.00-9999.00-9999.00-9999.00-9999.00-9999.00-9999.00-9999.00
375.40 375.61 234.03 375.17 234.03 0.00 323.55 375.27 376.12 0.00 253.97 88.98 219.97 96.74 111.89 138.31 375.20 106.86 78.01 353.72 352.80 88.98 74.50 83.45 82.66 94.36 114.69 96.20 111.07 121.29 378.55 376.12 376.46 154.50 294.22 277.24 376.15 376.15 376.15 0.00 0.00 0.00 328.50 376.48 312.35 0.00 356.58 269.11 377.00 361.97 183.40 221.63 375.64 131.66 370.73 381.35 371.56 83.31 360.04 379.81 87.14
379.94 383.31 77.13-9999.00-9999.00-9999.00-9999.00-9999.00-9999.00-9999.00-9999.00-9999.00-9999.00-9999.00-9999.00-9999.00-9999.00-9999.00-9999.00-9999.00-9999.00-9999.00-9999.00-9999.00-9999.00-9999.00 -9999.00-9999.00-9999.00-9999.00-9999.00-9999.00-9999.00-9999.00-9999.00-9999.00-9999.00-9999.00-9999.00-9999.00-9999.00-9999.00-9999.00-9999.00-9999.00-9999.00-9999.00-9999.00-9999.00-9999.00-9999.00-9999.00-9999.00-9999.00-9999.00-9999.00-9999.00-9999.00-9999.00-9999.00-9999.00-9999.00 124.01 376.41 375.06 372.44 377.34 375.90 375.94 377.51 377.52 377.82 294.22 294.22 0.00 0.00 312.36 375.00 382.51 375.91 297.53 297.53 375.00 377.30 297.54 376.08 297.54 0.00 347.66 87.21 87.35 81.44 82.30 87.92 91.08 76.67 187.13 214.27 108.29 77.61 386.86 77.61 96.75 101.33 80.88 84.48 368.34 106.67 85.80 0.00 383.61 281.63 375.89 80.30 383.20 171.40 0.00 376.41 376.20
375.21 226.15 0.00 382.52 375.22 214.43 375.37 375.33 312.15 154.50 373.06 315.54 360.79 116.17 86.19 80.72 81.67 79.72 71.35 79.40 97.01 93.93 79.83 375.64 83.31 379.95 78.44 85.18 95.75 82.81 72.13 118.50 92.17 378.25 74.75 71.65 73.82 379.08 71.35 113.50 94.01 369.28 92.65-9999.00-9999.00-9999.00-9999.00-9999.00-9999.00-9999.00-9999.00-9999.00-9999.00-9999.00-9999.00-9999.00-9999.00-9999.00-9999.00-9999.00-9999.00-9999.00-9999.00 -9999.00-9999.00-9999.00-9999.00-9999.00-9999.00-9999.00-9999.00-9999.00-9999.00-9999.00-9999.00-9999.00-9999.00-9999.00-9999.00-9999.00-9999.00-9999.00-9999.00-9999.00-9999.00-9999.00-9999.00-9999.00-9999.00-9999.00-9999.00-9999.00-9999.00-9999.00-9999.00-9999.00-9999.00-9999.00-9999.00-9999.00-9999.00-9999.00-9999.00-9999.00-9999.00-9999.00-9999.00-9999.00-9999.00-9999.00 375.62 294.23 0.00 375.27 269.11 375.34 312.36 379.89 0.00 375.00 294.23 375.52 351.10 269.11 375.00 375.00 378.80
294.23 294.22 0.00 294.23 0.00 0.00 294.22 375.13 377.61 375.43 375.25 234.18 324.11 192.01 376.25 375.44 179.00 121.29 201.05 179.28 88.36 397.17 356.57 289.63 77.16 78.44 0.00 78.01 86.64 74.04 91.00 120.05 381.61 78.44 194.66 196.30 82.66 369.52 387.91 383.33 170.48 84.69 84.69 89.84 91.00 380.59 76.66 335.61 407.76 368.02 126.78 84.94-9999.00-9999.00-9999.00-9999.00-9999.00-9999.00-9999.00-9999.00-9999.00-9999.00-9999.00-9999.00-9999.00-9999.00-9999.00-9999.00-9999.00-9999.00 -9999.00-9999.00-9999.00-9999.00-9999.00-9999.00-9999.00-9999.00-9999.00-9999.00-9999.00-9999.00-9999.00-9999.00-9999.00-9999.00-9999.00-9999.00-9999.00-9999.00-9999.00-9999.00-9999.00-9999.00-9999.00-9999.00-9999.00-9999.00-9999.00-9999.00-9999.00-9999.00-9999.00-9999.00-9999.00-9999.00-9999.00-9999.00-9999.00-9999.00-9999.00-9999.00-9999.00-9999.00-9999.00-9999.00-9999.00-9999.00-9999.00-9999.00-9999.00-9999.00-9999.00 375.59 0.00 294.22 375.71 221.57 367.09 274.23 312.36
