蒙特卡罗+CDRMV3/输出数据/2D水深分布/WaterDepthGIS_0143.ASC
ncols         539            
nrows         744            
xllcorner     602630.84259341
yllcorner     3914823.670891 
cellsize      50             
NODATA_value  -9999.00       
[rows 0 to 26 of 32, columns 305 to 365 of 539]
93.58 85.08 87.48 86.65 79.04 141.43 79.39 78.54 142.60 84.11 0.00 82.50 86.89 206.49 128.68 271.52 176.94 79.97-9999.00-9999.00-9999.00-9999.00-9999.00-9999.00-9999.00-9999.00-9999.00-9999.00-9999.00-9999.00 -9999.00-9999.00-9999.00-9999.00-9999.00-9999.00-9999.00-9999.00-9999.00-9999.00-9999.00-9999.00 92.65 79.91 305.85 91.28 154.46 0.00 83.91 368.26 95.54 190.26 109.00-9999.00-9999.00-9999.00-9999.00-9999.00-9999.00-9999.00-9999.00-9999.00-9999.00-9999.00-9999.00-9999.00-9999.00-9999.00-9999.00-9999.00-9999.00-9999.00-9999.00-9999.00-9999.00-9999.00-9999.00-9999.00-9999.00-9999.00-9999.00-9999.00-9999.00-9999.00-9999.00-9999.00-9999.00-9999.00-9999.00-9999.00-9999.00-9999.00-9999.00-9999.00-9999.00-9999.00-9999.00-9999.00-9999.00-9999.00-9999.00-9999.00-9999.00-9999.00-9999.00-9999.00-9999.00-9999.00-9999.00-9999.00-9999.00-9999.00-9999.00-9999.00-9999.00-9999.00-9999.00-9999.00-9999.00-9999.00-9999.00-9999.00-9999.00-9999.00-9999.00-9999.00-9999.00-9999.00-9999.00-9999.00-9999.00-9999.00-9999.00-9999.00-9999.00-9999.00-9999.00-9999.00-9999.00-9999.00 134.55 338.48 200.48 163.67 88.57 86.98 381.27 148.49 253.89 377.11 285.23 136.62 80.92 89.81 80.92 0.00 377.83 181.94 89.65 176.97 379.07 78.93 86.93 81.84-9999.00-9999.00-9999.00-9999.00-9999.00-9999.00-9999.00-9999.00-9999.00-9999.00-9999.00 -9999.00-9999.00-9999.00-9999.00-9999.00-9999.00-9999.00-9999.00-9999.00-9999.00-9999.00-9999.00-9999.00 96.73 123.88 88.91 141.73 131.12 0.00
367.69 351.09 0.00 118.30 197.05 78.32 93.20-9999.00-9999.00-9999.00-9999.00-9999.00-9999.00-9999.00-9999.00-9999.00-9999.00-9999.00-9999.00-9999.00-9999.00-9999.00-9999.00-9999.00-9999.00-9999.00-9999.00-9999.00-9999.00-9999.00-9999.00-9999.00-9999.00-9999.00-9999.00-9999.00-9999.00-9999.00-9999.00-9999.00-9999.00-9999.00-9999.00-9999.00-9999.00-9999.00-9999.00 107.80 380.66 88.79 299.78 111.68-9999.00-9999.00 86.57 82.99 90.08 83.25 82.27 376.24 427.99 83.81 100.04 79.97 224.27 83.25 90.73 80.92 89.65-9999.00-9999.00-9999.00 80.92 172.92 79.10 152.42 79.66 82.74 78.65 383.34 88.31 0.00 0.00 0.00 83.81 79.56 376.62 378.70 153.89 80.34 80.21 94.42 372.69 380.68 143.51 138.61 78.93 79.04 84.74 0.00 82.74 88.27 169.48 82.50 376.43 211.35
154.63 78.93 78.54 87.48 81.84 0.00 131.56 79.04 79.24 378.52 0.00 91.52 99.09 0.00 374.34 91.52 96.53 101.66 86.57 165.26 82.74 87.41 192.44-9999.00-9999.00-9999.00-9999.00-9999.00-9999.00 -9999.00-9999.00-9999.00-9999.00-9999.00-9999.00-9999.00-9999.00-9999.00-9999.00-9999.00 79.40 138.05 89.36 79.28 379.83 379.45 0.00 315.79 118.84 157.95 78.98 86.47 83.30 380.99 134.05 378.81 81.10 378.20 97.14 83.01 175.17-9999.00-9999.00-9999.00-9999.00-9999.00-9999.00-9999.00 90.99 82.99 94.74 84.74 94.42 82.74 85.79-9999.00-9999.00-9999.00-9999.00-9999.00-9999.00 84.11 204.52 100.81 92.29 344.07 376.45 89.81 90.56 225.12
87.41 376.37 82.05 126.18 377.36 89.81 386.55 120.76 89.65 375.33 80.77 177.17 378.90 84.11 0.00 83.25 89.01 103.40 383.92 94.11 88.37 142.68 91.46 377.90 88.90 85.08 0.00 164.20 79.17 98.15 146.31 339.31 79.97 0.00 94.42 90.40 187.95 78.53 95.78 87.54 79.24 375.53 305.41 81.45 290.12 79.17 81.64 81.26 94.11 180.36 81.64 253.69 79.75 124.28 139.56 89.13 80.62 123.14 255.97 93.58 0.00
251.02 79.86 88.78 363.98 346.64 78.76 80.77 79.56 376.82 86.57 81.84 87.54 78.52 381.99 97.71 78.93 372.13 240.68 387.74 90.35 98.51 400.52 79.39 90.24 379.03 80.62 342.68 80.21 79.47 380.20 86.17 88.00 89.13 78.52 160.29 289.87 376.63 376.83 86.57 388.25 381.46 0.00 86.17 95.08 367.32 81.09 166.43 222.72 378.54 342.15 141.17-9999.00-9999.00-9999.00-9999.00-9999.00-9999.00-9999.00-9999.00-9999.00-9999.00 -9999.00-9999.00-9999.00-9999.00-9999.00-9999.00-9999.00-9999.00 376.02 98.41 80.72 93.50 376.37 377.64 82.73 86.96 99.68
376.78 0.00 119.08 87.85 81.09 382.57 99.09 277.11 174.47 88.18 124.61 95.08 208.30 89.52 88.18 87.54 78.75 149.13 203.07 380.43 380.06 381.45 380.80 0.00 0.00 0.00 0.00 99.99 371.61 123.56 0.00 97.17 297.40 88.31 98.11 121.73 348.12 86.98 371.51 85.08-9999.00-9999.00-9999.00-9999.00-9999.00-9999.00-9999.00-9999.00-9999.00 -9999.00-9999.00 88.50 82.47 86.10 97.14 300.11 373.26 80.91 88.01 86.96 380.37 119.10 85.31 132.69 364.17 86.41 85.87 78.06 123.28 0.00 83.30
121.15 78.61 248.02 0.00 375.93 215.91 150.01 79.39 85.43 377.52 79.31 87.12 78.56 166.99 280.89 89.26 87.68 141.80 87.68 139.85 80.47 127.73 78.88 143.29 78.59 143.94 0.00 116.90 164.62 379.59 375.21 370.79 116.75 370.88 107.80 378.41 80.09 103.60 79.56 93.09 379.90 396.91 80.62 98.51-9999.00-9999.00-9999.00-9999.00-9999.00-9999.00 -9999.00-9999.00-9999.00-9999.00-9999.00 91.28 157.13 302.52 389.11 378.92 80.54 146.70 376.37 301.99 88.24 83.30 85.31 379.96 79.52 0.00 79.18
80.21 0.00 125.27 171.03 78.93 88.78 78.69 380.21 122.57 81.64 138.11 78.69 118.35 386.49 99.09 204.07 79.47 87.68 79.66 118.93 377.88 82.99 0.00 0.00 258.22 90.35 378.10 376.91 272.80 125.46 100.29 125.55 108.94 106.51 102.62 91.55 379.66 378.70 356.23 178.63 84.74-9999.00-9999.00-9999.00-9999.00-9999.00-9999.00-9999.00 -9999.00-9999.00-9999.00-9999.00-9999.00-9999.00-9999.00 85.70 130.90 178.11 0.00 121.80 85.90 77.87 157.21 77.92 339.24 0.00 165.18 376.73 214.80 162.05 80.91 193.26 375.53 91.28
141.24 86.17 78.54 144.47 338.86 88.79 0.00 100.88 379.58 377.77 369.54 329.92 210.16 197.59 91.12 367.75 93.27 90.40 79.10 170.64 252.38 84.42-9999.00-9999.00-9999.00-9999.00-9999.00-9999.00-9999.00-9999.00-9999.00 -9999.00-9999.00-9999.00-9999.00-9999.00-9999.00-9999.00-9999.00-9999.00 79.52 143.84 0.00 92.65 86.02 81.10 0.00 120.08 77.91 88.24 88.12 80.54 79.28 396.67 139.88 92.68 78.80 116.58 376.56 128.06 79.52 0.00 120.35 79.18 376.05 164.16 78.57 139.76 79.28 128.18 117.52 0.00 0.00 171.24 78.64 381.83 412.47 388.05
0.00 90.04 356.94 376.27 79.18 80.37 337.36 381.78 122.63 85.70 81.97 135.25 293.87 124.66 0.00 282.58 249.44 77.87 78.22 137.15 83.01 88.12 342.36 119.72 96.17 90.64 90.21 97.98 83.30 220.40 157.17 376.73 90.04 104.14 92.68 100.55 97.98 90.21 81.30 224.42 212.06 376.36 316.48 78.22 0.00 380.67 382.62 380.73 78.52 93.54 87.92 93.54 78.61 137.83 377.13 82.05 0.00 167.91 80.09 80.92 88.78
124.25 382.91 80.54 90.39 144.91 83.91 230.08 377.30 93.20 142.66 81.51 326.63 133.87 77.95 138.68 96.17 0.00 241.01 123.55 80.47 96.19 84.11 87.92 136.69 89.38 79.56 119.62 255.27 0.00 80.34 90.40 92.07 107.64 86.98 379.97 94.74 93.58 89.94 94.42 98.15 376.01 88.37 78.56 179.76 87.61 81.45 143.72 315.61 82.27 195.64 0.00 301.66 247.45 147.23 81.84 146.39 87.35 175.54 85.79 121.33 378.70
137.23 86.17 0.00 91.86 89.38 274.76 83.81 351.47 87.85 91.27 86.93 81.26 81.26 410.96 88.79 80.34 127.20 0.00 347.56 118.67 79.24 87.07 78.61 80.92 196.34 337.77 89.38 87.84 141.02 126.42 380.33 84.11 378.18 244.56 92.84 379.20 378.62 333.25 222.72 205.72 0.00 388.02 384.09 383.25 361.70 368.55 116.37 376.12 380.50 381.27 375.39 375.51 92.92 96.81 102.50 90.79 287.78 127.66 79.31 172.51 90.40
375.82 378.31 240.58 140.40 376.93 149.84 376.23 376.38 380.03 291.70 94.38 370.28 179.35 225.44 379.81 377.37 185.69 143.49 79.56-9999.00-9999.00-9999.00-9999.00-9999.00-9999.00-9999.00-9999.00-9999.00-9999.00-9999.00-9999.00-9999.00 -9999.00-9999.00-9999.00-9999.00-9999.00-9999.00-9999.00-9999.00-9999.00 88.63 87.53 354.15 79.91 380.43 377.62 82.47 379.78 77.84 150.61 81.51 0.00 378.98 0.00 290.22 134.43 80.54 93.82 141.55 175.94 0.00 173.85 79.18 88.37 204.46 384.04 186.14 146.11 80.21 77.86 0.00 376.86 184.14 119.10 85.31 79.08 379.83 377.71 90.02 77.87 382.38
83.30 85.78 86.66 104.57 100.49 88.23 0.00 128.71 85.31 94.13 143.86 84.58 78.57 140.55 180.51 324.54 0.00 86.96 79.18 138.12 0.00 78.18 85.98 78.06 86.66 90.50 83.07 91.65 77.93 78.93 147.59 86.85 79.66 88.78 91.46 93.58 0.00 0.00 0.00 305.39 90.42 86.11 376.08 375.91 149.25 363.26 376.81 91.94 90.08 135.25 379.04 180.85 78.61 82.99 212.86 377.59 364.85 90.35 80.62 375.88 92.29
385.62 163.66 89.38 81.84 212.34 376.25 89.81 376.15 0.00 0.00 236.36 376.83 91.39 114.47 81.69 89.34 136.93 135.27 80.09 94.42 87.84 369.74 89.01 376.67 85.43 81.45 379.95 129.77 91.08-9999.00-9999.00-9999.00-9999.00-9999.00-9999.00-9999.00-9999.00-9999.00-9999.00-9999.00-9999.00-9999.00-9999.00 -9999.00-9999.00-9999.00-9999.00-9999.00-9999.00-9999.00-9999.00-9999.00-9999.00-9999.00-9999.00-9999.00-9999.00-9999.00 96.17 92.68 365.39 107.48 98.41 94.30 321.72 377.03 379.52 0.00 127.53 78.50 77.90 116.49 366.58 87.20 80.37 117.45 193.97 0.00 143.89 87.42 85.90 78.00 175.88 0.00 229.75 78.10 90.21 78.27 0.00
227.52 90.04 87.29 119.44 81.09 304.30 101.22 97.32 99.09 98.51 80.09 383.85 86.17 376.81 281.79 81.45 86.17 81.45 361.03 297.72 125.68 80.47 122.55 377.63 93.54 382.94 374.72 142.95 152.73 84.11 93.27 86.89 78.53 80.21 196.28 390.43 86.98 79.75 78.56 165.66 0.00 0.00 387.80 88.31 86.42 99.06 380.13 165.16 117.84 78.84 79.17 118.77 79.24 375.64 137.86 81.84-9999.00-9999.00-9999.00-9999.00-9999.00-9999.00-9999.00-9999.00-9999.00-9999.00-9999.00-9999.00-9999.00-9999.00-9999.00-9999.00-9999.00-9999.00 -9999.00-9999.00-9999.00-9999.00-9999.00-9999.00-9999.00-9999.00-9999.00-9999.00-9999.00-9999.00-9999.00-9999.00-9999.00-9999.00-9999.00 88.40 88.92 101.23 124.03
377.67 106.18 90.41 0.00 0.00 0.00 109.33 337.05 96.19 174.54 83.39 379.38 376.78 376.55 80.91 124.80 97.14 78.03 332.37 379.13 98.51 212.18 392.79 87.41 95.26 376.69 86.17 88.79 0.00 97.17 381.80 338.21 331.13 143.48 81.26 88.37 88.79 174.43 88.09 254.85 376.42 350.16 128.69 79.75 95.42 169.15 79.66 78.76 137.58 82.74 0.00 88.31 189.01 279.02 106.28 382.76 81.26 88.09 98.90 384.53 379.12
83.91 132.94 377.12 85.31 379.28 379.11 0.00 380.68 91.96 370.40 376.29 87.90 390.01 0.00 85.70 83.91 91.52 153.03 375.40 96.19 390.54 384.03 392.08 385.45 380.10 121.93 87.18 89.13 84.74 382.00 81.45 367.80 79.24 86.47 92.29 261.81 82.27 80.34 137.18 337.91 377.33 115.77 91.52 87.23 79.56 123.56 0.00 0.00 372.17 294.66 358.44 236.23 133.82 79.04 86.74 129.69 90.73 78.56 119.29 94.74-9999.00-9999.00-9999.00-9999.00-9999.00-9999.00-9999.00-9999.00-9999.00-9999.00-9999.00-9999.00-9999.00-9999.00-9999.00-9999.00-9999.00-9999.00-9999.00-9999.00 -9999.00-9999.00-9999.00-9999.00-9999.00-9999.00-9999.00-9999.00-9999.00-9999.00-9999.00-9999.00-9999.00-9999.00-9999.00-9999.00-9999.00-9999.00-9999.00-9999.00
208.48 383.41 378.49 147.66 194.75 375.52 133.87 206.07 0.00 0.00 0.00 378.28 86.98 0.00 89.81 385.35 81.84 376.58 136.01 78.72 137.72 79.86 136.05 379.88 376.95 84.42 381.07 382.70 0.00 374.56 87.41 338.98 89.81 123.50 0.00 80.21 86.98 91.46 92.07 92.84 136.05 0.00 383.78 80.77 91.08 380.15 269.20 137.18 80.34-9999.00-9999.00-9999.00-9999.00-9999.00-9999.00-9999.00-9999.00-9999.00-9999.00-9999.00-9999.00-9999.00-9999.00-9999.00-9999.00-9999.00 -9999.00-9999.00-9999.00-9999.00-9999.00-9999.00-9999.00-9999.00-9999.00-9999.00-9999.00-9999.00-9999.00-9999.00-9999.00-9999.00-9999.00-9999.00-9999.00-9999.00-9999.00-9999.00-9999.00-9999.00-9999.00 95.92 78.80 211.30 369.40 84.24 425.97 129.06 82.73 79.78 135.76 94.81
87.85 80.09 118.95 371.22 143.95 80.34 78.72 137.32 377.30 0.00 375.67 140.26 88.02 91.46 88.37 87.84 94.74 0.00 123.16 80.09 89.26 376.91 231.48 80.09 81.26 208.15 371.21-9999.00-9999.00-9999.00-9999.00-9999.00-9999.00-9999.00-9999.00-9999.00-9999.00-9999.00-9999.00-9999.00-9999.00-9999.00-9999.00-9999.00-9999.00-9999.00 -9999.00-9999.00-9999.00-9999.00-9999.00-9999.00-9999.00-9999.00-9999.00-9999.00-9999.00-9999.00-9999.00-9999.00-9999.00-9999.00-9999.00-9999.00-9999.00-9999.00-9999.00-9999.00 92.65 92.68 179.11 378.39 98.83 80.54 98.83 88.91 89.36 130.99 80.72 0.00 0.00 0.00 318.92 0.00 166.17 119.29 102.62 137.42 93.81 95.92 166.80 96.17 197.01 95.17 269.12 100.11 95.17 86.52 83.91 394.51 377.40
381.14 378.16 368.62 310.50 94.41 371.72 129.96 79.86 88.79 0.00 80.47 90.90 137.26 91.86 129.73 90.56-9999.00-9999.00-9999.00-9999.00-9999.00-9999.00-9999.00-9999.00-9999.00-9999.00-9999.00-9999.00-9999.00-9999.00-9999.00-9999.00-9999.00-9999.00-9999.00-9999.00-9999.00-9999.00 -9999.00-9999.00-9999.00-9999.00-9999.00-9999.00-9999.00-9999.00-9999.00-9999.00-9999.00-9999.00-9999.00-9999.00-9999.00-9999.00-9999.00 82.73 190.51 87.89 81.10 94.46 87.42 79.64 191.48 140.98 144.69 382.73 0.00 0.00 136.79 78.38 79.28 375.73 81.51 141.38 369.23 377.01 0.00 366.44 102.96 368.78 375.81 119.29 381.46 172.08 94.30 100.19 358.07 378.96 366.36 144.91 90.64 85.70 84.58 114.91 106.18 126.20 376.69 0.00 383.32
387.80 0.00 78.57 84.74 149.50 92.07-9999.00-9999.00-9999.00-9999.00-9999.00-9999.00-9999.00-9999.00-9999.00-9999.00-9999.00-9999.00-9999.00-9999.00-9999.00-9999.00-9999.00-9999.00-9999.00-9999.00-9999.00-9999.00-9999.00-9999.00 -9999.00-9999.00-9999.00-9999.00-9999.00-9999.00-9999.00-9999.00-9999.00-9999.00-9999.00-9999.00-9999.00-9999.00-9999.00-9999.00-9999.00-9999.00-9999.00 90.39 92.68 95.21 382.48 193.44 98.19 95.54 82.21 82.21 138.82 370.91 85.31 385.33 78.89 80.72 83.01 122.32 380.18 0.00 0.00 278.44 375.34 396.72 369.05 375.45 269.55 376.69 223.69 125.37 379.35 376.23 359.65 382.26 87.90 98.83 83.01 86.96 99.20 375.18 375.70 376.42 376.68 154.50 153.17 0.00 376.57 373.35 375.90 369.93 192.94 375.84 378.29 388.43 192.94
317.18 405.84 105.14 213.00 153.17 377.83 375.60 268.18 328.03 377.89 0.00 0.00 383.27 375.63 328.07 376.95 378.07 0.00 321.28 380.42 209.92 387.58 278.44 151.83 375.41 216.44 104.23 149.97 95.54 80.37 80.91 89.95 87.08 142.03 79.69 379.79 0.00 107.64 383.35 380.93 381.78 79.39 86.98 87.68 80.62 79.56 119.71 379.44 372.12 78.63 135.14 139.48 178.90 79.97 148.88 91.86 86.17 362.17 125.57 89.01-9999.00-9999.00-9999.00-9999.00-9999.00-9999.00-9999.00-9999.00-9999.00-9999.00-9999.00-9999.00-9999.00-9999.00-9999.00-9999.00-9999.00-9999.00-9999.00-9999.00-9999.00-9999.00 -9999.00-9999.00-9999.00-9999.00-9999.00-9999.00-9999.00-9999.00-9999.00-9999.00-9999.00-9999.00-9999.00-9999.00-9999.00-9999.00-9999.00-9999.00-9999.00-9999.00-9999.00-9999.00-9999.00-9999.00-9999.00-9999.00-9999.00-9999.00-9999.00-9999.00-9999.00
375.38 375.58 241.76 375.17 241.76 0.00 326.15 375.18 376.20 0.00 271.51 107.03 265.39 117.98 131.27 168.56 376.50 127.19 87.08 369.69 366.81 107.03 83.38 92.52 91.73 103.50 131.60 105.97 129.24 145.37 379.80 376.25 376.59 169.56 297.09 285.14 376.15 376.15 376.15 0.00 0.00 0.00 330.79 376.69 318.11 0.00 366.29 273.68 377.15 360.52 195.37 229.53 375.70 148.63 375.58 381.91 375.16 92.38 375.49 380.98 104.09
380.05 384.50 84.90-9999.00-9999.00-9999.00-9999.00-9999.00-9999.00-9999.00-9999.00-9999.00-9999.00-9999.00-9999.00-9999.00-9999.00-9999.00-9999.00-9999.00-9999.00-9999.00-9999.00-9999.00-9999.00-9999.00 -9999.00-9999.00-9999.00-9999.00-9999.00-9999.00-9999.00-9999.00-9999.00-9999.00-9999.00-9999.00-9999.00-9999.00-9999.00-9999.00-9999.00-9999.00-9999.00-9999.00-9999.00-9999.00-9999.00-9999.00-9999.00-9999.00-9999.00-9999.00-9999.00-9999.00-9999.00-9999.00-9999.00-9999.00-9999.00-9999.00 149.86 377.30 375.22 376.04 377.48 375.96 376.00 377.66 377.68 377.99 297.09 297.09 0.00 0.00 318.12 375.00 384.69 375.92 300.37 300.37 375.01 377.48 300.38 376.39 300.38 0.00 359.51 96.42 96.57 90.18 94.78 101.64 105.69 85.39 199.48 225.86 124.57 86.67 388.37 86.67 114.37 118.34 89.97 100.11 376.08 127.05 101.99 0.00 385.24 291.55 376.10 89.04 383.99 185.49 0.00 376.72 376.46
375.21 234.26 0.00 382.57 375.22 239.06 375.37 375.33 326.12 169.56 371.99 313.06 374.28 137.93 95.49 89.81 90.74 88.81 79.97 88.49 107.19 103.39 88.92 376.35 92.38 380.19 87.51 94.35 105.40 91.87 80.81 131.79 101.79 378.44 83.65 80.29 82.65 380.24 79.97 124.15 103.55 375.22 110.35-9999.00-9999.00-9999.00-9999.00-9999.00-9999.00-9999.00-9999.00-9999.00-9999.00-9999.00-9999.00-9999.00-9999.00-9999.00-9999.00-9999.00-9999.00-9999.00-9999.00 -9999.00-9999.00-9999.00-9999.00-9999.00-9999.00-9999.00-9999.00-9999.00-9999.00-9999.00-9999.00-9999.00-9999.00-9999.00-9999.00-9999.00-9999.00-9999.00-9999.00-9999.00-9999.00-9999.00-9999.00-9999.00-9999.00-9999.00-9999.00-9999.00-9999.00-9999.00-9999.00-9999.00-9999.00-9999.00-9999.00-9999.00-9999.00-9999.00-9999.00-9999.00-9999.00-9999.00-9999.00-9999.00-9999.00-9999.00 375.62 297.09 0.00 375.27 273.68 375.35 318.12 380.24 0.00 375.01 297.09 375.52 353.52 273.68 375.01 375.01 379.06
297.09 297.09 0.00 297.09 0.00 0.00 297.09 375.13 378.00 375.43 375.25 255.33 324.89 203.04 376.52 375.55 198.01 145.37 211.10 192.50 106.06 398.83 368.33 342.75 91.19 87.51 0.00 87.08 96.02 82.88 100.74 136.29 382.17 87.51 206.15 219.76 91.73 375.79 389.19 384.82 201.60 93.81 93.81 99.62 100.74 381.97 84.42 358.06 409.92 375.47 147.07 93.16-9999.00-9999.00-9999.00-9999.00-9999.00-9999.00-9999.00-9999.00-9999.00-9999.00-9999.00-9999.00-9999.00-9999.00-9999.00-9999.00-9999.00-9999.00 -9999.00-9999.00-9999.00-9999.00-9999.00-9999.00-9999.00-9999.00-9999.00-9999.00-9999.00-9999.00-9999.00-9999.00-9999.00-9999.00-9999.00-9999.00-9999.00-9999.00-9999.00-9999.00-9999.00-9999.00-9999.00-9999.00-9999.00-9999.00-9999.00-9999.00-9999.00-9999.00-9999.00-9999.00-9999.00-9999.00-9999.00-9999.00-9999.00-9999.00-9999.00-9999.00-9999.00-9999.00-9999.00-9999.00-9999.00-9999.00-9999.00-9999.00-9999.00-9999.00-9999.00 375.59 0.00 297.09 375.72 229.47 370.05 278.88 318.12
