蒙特卡罗+CDRMV3/输出数据/2D水深分布/WaterDepthGIS_0152.ASC
ncols         539            
nrows         744            
xllcorner     602630.84259341
yllcorner     3914823.670891 
cellsize      50             
NODATA_value  -9999.00       
[rows 0 to 26 of 32, columns 183 to 243 of 539]
85.41 74.56 238.02 0.00 381.11 377.43 378.40 321.74 262.20 78.95-9999.00-9999.00-9999.00-9999.00-9999.00-9999.00-9999.00-9999.00-9999.00-9999.00-9999.00-9999.00-9999.00 -9999.00-9999.00-9999.00-9999.00-9999.00-9999.00-9999.00-9999.00-9999.00-9999.00-9999.00 82.69 186.56 378.47 85.80 379.46 79.01 85.27 89.88 81.02-9999.00-9999.00-9999.00-9999.00-9999.00-9999.00-9999.00-9999.00-9999.00-9999.00-9999.00-9999.00-9999.00-9999.00-9999.00-9999.00-9999.00-9999.00-9999.00-9999.00-9999.00-9999.00-9999.00-9999.00-9999.00-9999.00-9999.00-9999.00-9999.00-9999.00-9999.00-9999.00-9999.00-9999.00-9999.00-9999.00-9999.00-9999.00-9999.00-9999.00-9999.00-9999.00-9999.00-9999.00-9999.00-9999.00-9999.00-9999.00-9999.00-9999.00-9999.00-9999.00-9999.00-9999.00-9999.00-9999.00-9999.00-9999.00-9999.00-9999.00-9999.00-9999.00-9999.00-9999.00-9999.00-9999.00-9999.00-9999.00-9999.00-9999.00-9999.00-9999.00-9999.00-9999.00-9999.00-9999.00-9999.00-9999.00-9999.00-9999.00-9999.00-9999.00-9999.00-9999.00-9999.00-9999.00-9999.00-9999.00-9999.00-9999.00-9999.00-9999.00-9999.00-9999.00 76.57 120.33 211.52 377.92 379.63 286.67 74.56 83.72 74.49 178.71 86.12 0.00 82.67 189.35 80.41 189.62 81.47 86.33-9999.00-9999.00-9999.00-9999.00-9999.00-9999.00-9999.00-9999.00-9999.00-9999.00-9999.00-9999.00-9999.00 -9999.00-9999.00-9999.00-9999.00-9999.00-9999.00-9999.00-9999.00-9999.00-9999.00 211.54 135.73 78.45 380.81 98.23 378.50 298.01 75.86 135.86 215.91 109.94-9999.00-9999.00-9999.00-9999.00-9999.00-9999.00-9999.00-9999.00-9999.00-9999.00-9999.00-9999.00-9999.00-9999.00-9999.00-9999.00-9999.00-9999.00-9999.00-9999.00-9999.00-9999.00-9999.00-9999.00-9999.00-9999.00-9999.00-9999.00-9999.00-9999.00-9999.00-9999.00-9999.00-9999.00-9999.00-9999.00-9999.00-9999.00-9999.00-9999.00-9999.00-9999.00-9999.00-9999.00-9999.00-9999.00-9999.00-9999.00-9999.00-9999.00-9999.00-9999.00-9999.00-9999.00-9999.00-9999.00-9999.00-9999.00-9999.00-9999.00-9999.00-9999.00-9999.00-9999.00-9999.00-9999.00-9999.00-9999.00-9999.00-9999.00-9999.00-9999.00-9999.00-9999.00-9999.00-9999.00-9999.00-9999.00-9999.00-9999.00-9999.00-9999.00-9999.00-9999.00-9999.00-9999.00-9999.00-9999.00-9999.00-9999.00-9999.00-9999.00-9999.00 75.53 119.84 372.93 77.04 77.40 155.60 83.90 74.49 132.25 207.10 349.14
182.07 376.70 148.99 89.72 378.91 74.80 83.81 112.71 85.14 84.30 85.27 74.84 145.82 0.00 231.71 74.51 155.09 83.47 74.64 124.91 131.69 75.62 74.51 85.85 84.64 82.99 76.43 74.54 0.00 207.41 76.30 80.41 377.23 0.00 267.41 238.66 378.34 366.96 74.64 86.50-9999.00-9999.00-9999.00 -9999.00-9999.00-9999.00-9999.00-9999.00-9999.00-9999.00-9999.00-9999.00-9999.00-9999.00-9999.00-9999.00-9999.00-9999.00 82.53 74.83 257.43 375.32 74.31 0.00 342.06 368.97 134.03 79.95-9999.00-9999.00-9999.00-9999.00-9999.00-9999.00-9999.00-9999.00-9999.00-9999.00-9999.00-9999.00-9999.00-9999.00-9999.00-9999.00-9999.00-9999.00-9999.00-9999.00-9999.00-9999.00-9999.00-9999.00-9999.00-9999.00-9999.00-9999.00-9999.00-9999.00-9999.00-9999.00-9999.00-9999.00-9999.00-9999.00-9999.00-9999.00-9999.00-9999.00 119.27 176.98 91.24 85.04-9999.00-9999.00-9999.00-9999.00 76.57 121.23 368.62 377.33 84.04 381.28
130.51 76.05 77.40 87.82 87.28 0.00 0.00 0.00 0.00 0.00 354.35 130.08 89.96 0.00 0.00 0.00 213.56 117.04 75.01 75.93 0.00 81.85 75.01 77.79 108.67 0.00 77.22 88.94 81.85 0.00 376.84 172.47 119.27 376.45 246.70 116.20 77.22 86.85 98.56-9999.00-9999.00-9999.00-9999.00-9999.00 -9999.00-9999.00-9999.00-9999.00-9999.00-9999.00-9999.00-9999.00-9999.00-9999.00-9999.00-9999.00 74.25 143.22 364.59 74.02 249.07 0.00 79.01 82.02 82.19 85.27 76.49 380.55 123.65 78.72 278.11 189.45 83.64 219.56 186.29-9999.00-9999.00-9999.00-9999.00-9999.00-9999.00-9999.00-9999.00-9999.00-9999.00-9999.00-9999.00-9999.00-9999.00-9999.00-9999.00-9999.00-9999.00-9999.00-9999.00-9999.00-9999.00 76.72 100.17
76.17 207.52 380.74 418.43 77.59 94.09 139.53 77.22 187.20 377.47 85.70 119.33 0.00 118.65 86.17 96.84 338.51 86.50 84.04 336.75 374.98 75.07 122.12 0.00 78.95 85.41 86.67 87.04 158.43 85.27 79.21 0.00 366.89 75.13 150.10 309.53 74.64 95.49 89.96 75.93 132.97 75.35 115.43 376.51 376.81 364.37 205.48 85.41 75.53 75.82 76.88 77.59 88.03 80.09 75.44 118.83 84.30 123.30 0.00 0.00 0.00
219.36 75.62 83.39 75.28 93.64 85.56 82.50 116.81 384.97 78.00 83.63 76.05 83.81 82.25 382.92 375.22 94.09 76.88 76.88 380.62 224.38 82.93 90.59 87.04 79.21 378.19 130.15 82.67 82.11 74.84 141.06 76.30 117.77 385.12 357.72 141.64 215.97 0.00 375.93 334.21 188.45 96.30 394.30 345.93 152.48 83.11-9999.00-9999.00-9999.00-9999.00-9999.00-9999.00-9999.00-9999.00-9999.00-9999.00 -9999.00-9999.00-9999.00-9999.00-9999.00-9999.00-9999.00-9999.00-9999.00 375.50 85.80 250.96 83.64 83.99 80.29 137.57 75.72 124.89 114.60 0.00 76.49 75.12 81.25
330.02 136.76 85.14 87.42 90.59 82.63 155.17 113.19 74.65 142.99 353.12 78.22 376.10 89.96 0.00 376.78 130.87 0.00 376.40 376.05 81.97 80.75 294.68 79.21 82.67 375.41 78.45 88.94-9999.00-9999.00-9999.00-9999.00-9999.00-9999.00-9999.00-9999.00-9999.00 -9999.00-9999.00-9999.00 84.15 350.84 389.34 377.48 76.49 82.61 75.34 403.24 122.24 130.61 84.68 84.68 378.12 76.67 74.09 119.16 151.61 0.00 380.60 378.45 346.75 75.23 79.95 84.96 80.29 380.46 84.68 82.39 376.61 84.25 84.81 380.83
165.67 114.76 83.72 85.41 75.93 74.56 157.21 357.98 376.80 75.01 74.54 113.02 386.95 383.10 0.00 88.54 105.83 114.78 105.83 176.92 116.86 378.94 378.01 345.87 77.79 381.80 405.29 78.95 84.04 218.62-9999.00-9999.00-9999.00-9999.00-9999.00-9999.00-9999.00 -9999.00-9999.00-9999.00-9999.00 175.30 375.31 91.05 83.53 380.57 76.67 380.55 87.68 74.51 114.80 89.42 74.11 124.29 388.89 73.80 0.00 119.36 87.68 376.18 116.74 76.67 322.46 75.23 82.25 79.95 112.77 131.25 0.00 134.68 92.67
112.56 240.31 82.25 385.67 79.21 84.64 76.88 138.43 288.64 75.28 115.05 391.02 0.00 224.80 83.56 268.66 97.86 91.64 106.62 379.04 256.64 233.23 382.22 380.37 385.53 134.10 77.22 92.36 79.78 75.35-9999.00-9999.00-9999.00-9999.00-9999.00-9999.00-9999.00 -9999.00-9999.00-9999.00-9999.00-9999.00-9999.00 92.67 233.18 82.02 75.34 0.00 73.90 83.53 81.62 73.95 378.67 83.03 117.13 0.00 74.15 81.29 74.20 135.51 73.85 81.87 88.59 74.83 127.00 297.43 82.85 112.33 0.00 116.56 79.01 83.64 76.16
272.50 96.92 380.90 100.21 206.39 85.15 95.47 84.25 371.56 75.82 86.33 379.79 267.59 118.95 81.10 84.04-9999.00-9999.00-9999.00-9999.00-9999.00-9999.00-9999.00-9999.00 -9999.00-9999.00-9999.00-9999.00-9999.00-9999.00-9999.00-9999.00-9999.00 83.03 74.66 0.00 75.86 74.15 148.80 0.00 140.28 112.52 182.15 114.41 76.67 74.58 376.14 198.34 85.80 73.95 157.19 158.90 77.94 89.42 378.44 0.00 376.36 212.93 81.53 84.52 75.72 210.40 74.44 0.00 117.63 0.00 93.54 384.32 113.23 83.64 74.37 378.42 375.52 83.16 87.38 83.87 82.25
131.67 386.29 75.46 82.68 77.48 201.79 84.52 74.15 0.00 144.98 129.62 73.80 379.00 233.44 375.50 113.26 78.45 84.52 85.96 119.02 84.12 86.40 92.21 81.41 79.95 87.02 251.36 88.37 378.55 77.94 95.46 87.68 141.31 187.87 225.49 171.06 74.37 81.74 77.40 0.00 74.46 75.62 378.62 375.10 74.84 91.24 82.77 125.60 113.57 297.66 378.96 0.00 259.15 367.36 137.51 91.64 86.17 82.25 85.57 112.71 95.02
96.43 392.63 84.15 92.21 79.31 174.26 82.85 73.78 328.56 376.26 0.00 89.88 85.61 140.75 75.26 241.78 333.62 84.04 78.00 74.89 115.40 137.18 299.48 0.00 75.07 90.59 135.07 87.90 75.62 377.70 391.41 377.88 376.65 258.89 79.78 337.37 83.11 86.01 74.68 83.90 88.47 82.63 74.68 220.57 76.43 0.00 185.10 76.88 78.45 85.70 378.15 219.07 126.23 74.80 84.10 205.57 86.50 83.63 75.20 140.98 205.67
77.04 159.40 138.02 94.56 82.87 74.68 355.73 382.27 115.86 84.52 76.17 120.74 379.38 0.00 265.70 167.73 123.20 74.45 83.90 77.22 169.46 251.26 83.39 85.85 85.56 378.61 87.22 334.74 82.25 325.67 83.11 371.37 83.56 145.88 380.03 377.46 0.00 0.00 375.14 111.36 194.65 383.61 79.11 96.30 92.02 87.94 90.13 110.71 358.27 84.77 377.75 74.56 89.45 115.23 336.95 261.85 81.10-9999.00-9999.00-9999.00-9999.00-9999.00-9999.00-9999.00-9999.00-9999.00-9999.00 -9999.00-9999.00-9999.00-9999.00-9999.00-9999.00-9999.00-9999.00-9999.00 74.15 115.96 387.00
102.56 358.93 122.17 379.55 170.47 75.90 84.15 95.95 221.12 75.82 74.48 74.50 74.48 84.41 343.85 182.37 77.22-9999.00-9999.00-9999.00-9999.00-9999.00-9999.00-9999.00-9999.00-9999.00-9999.00-9999.00-9999.00-9999.00 -9999.00-9999.00-9999.00-9999.00-9999.00-9999.00-9999.00-9999.00-9999.00 84.15 334.99 370.51 75.46 75.02 378.73 120.35 79.01 379.80 383.73 0.00 337.43 81.82 0.00 74.83 237.18 130.38 97.01 86.95 74.15 0.00 156.77 85.27 84.52 118.33 382.84 138.40 131.73 76.86 73.95 140.73 0.00 74.37 82.77 82.25 160.31 375.80 83.99 389.47 83.99 76.32 380.34 77.94
0.00 284.58 132.22 73.83 86.40 249.80 379.18 75.46 0.00 77.70 84.81 84.38 87.61 73.76 125.53 74.44 128.45 0.00 76.67 74.74 152.21 0.00 137.09 75.02 149.83 75.46 201.22 75.23 83.64 80.75 86.50 86.85 75.13 145.86 86.01 86.01 80.75 0.00 367.99 375.78 0.00 75.93 78.45 386.89 286.64 380.70 198.17 0.00 241.66 85.04 370.15 88.03 99.56 75.07 84.30 76.88 379.43 90.28 83.56 78.45 371.19
377.00 77.40 75.01 346.04 370.90 81.10 381.10 75.35 84.76 87.42 75.72 377.47 378.01 380.25 0.00 376.10 378.87 204.97 137.28 84.54 132.71 77.40 85.56 163.14 88.54 74.50 383.06 75.53 376.23 75.01 74.80 374.90 261.78 85.04-9999.00-9999.00-9999.00-9999.00-9999.00-9999.00-9999.00-9999.00-9999.00-9999.00-9999.00-9999.00-9999.00-9999.00 -9999.00-9999.00-9999.00-9999.00-9999.00-9999.00-9999.00-9999.00-9999.00-9999.00-9999.00-9999.00-9999.00-9999.00-9999.00 353.47 89.42 90.73 96.43 81.02 377.08 85.96 83.22 73.76 0.00 84.52 114.60 119.59 369.30 380.81 112.55 79.95 81.25 74.44 378.49 0.00 76.86 81.28 73.90 227.04 0.00
88.59 79.31 139.67 377.22 377.32 74.25 383.18 77.48 94.90 0.00 74.15 81.92 82.77 83.32 164.49 148.82 100.89 221.34 122.85 348.57 96.96 222.37 380.34 377.45 134.35 85.04 233.46 75.82 79.49 322.67 82.25 188.02 84.76 84.04 393.23 80.41 196.31 93.64 376.58 77.22 78.69 78.22 87.82 75.01 143.78 244.72 204.92 0.00 134.41 87.42 77.59 313.58 215.97 0.00 382.97 375.30 288.05 141.83 77.22 74.45 82.16
89.72 127.40 79.95 379.49 77.94 152.24 74.58 119.64 160.22 394.29 77.94 133.09 0.00 86.91 375.65 84.81 74.74 96.03 376.63 0.00 130.39 81.77 76.60 88.66 217.59 75.23 147.51 137.53 76.01 79.62 129.24 239.43 381.29 91.60 77.40 390.25 192.23 86.12 86.69 376.25 342.57 379.47 0.00 81.10 83.63 89.99 90.91 77.04 87.82 235.03 265.45 84.52 86.12 78.45 376.48 380.76 121.65 85.14 82.67 76.88 115.73
75.12 92.64 378.32 75.46 74.74 264.72 76.49 152.15 91.66 134.71 0.00 266.39 74.37 80.72 316.19 78.19 84.68 77.70 159.48 380.94 125.30 383.97 81.82 378.61 100.17 132.55 77.70 373.03 78.45 0.00 117.47 140.71 83.56 85.57 393.34 397.73 86.69 118.04 84.15 281.47 78.45 379.77 75.93 105.83 87.82 78.00 378.98 398.81 244.01 137.43 74.80 236.48 75.20 136.57 375.79 90.28 78.95 122.50 377.21 83.56 85.04
88.96 78.34 79.61 365.30 229.63 100.17 86.15 89.14 96.03 202.61 104.29 80.29 375.32 376.94 0.00 202.39 211.54 394.14 379.49 151.21 388.99 378.01 377.78 235.86 373.45 89.96 249.19 171.53 310.03 0.00 0.00 85.57 0.00 129.11 216.60 82.25 207.88 74.75 79.78 75.44 373.59 376.86 416.33 386.49 74.68 175.09 379.02 0.00 85.57 377.14 84.53 0.00 375.53 85.15 74.75 74.45 83.55 0.00 0.00 377.56 79.78
0.00 0.00 250.46 98.53 252.45 89.18 93.25 96.84 100.90 80.41 89.19 86.69 80.41 74.59 78.00 129.19 81.85 95.02 89.19 76.05 83.25 168.43 76.17 75.07 113.45 209.59 0.00 377.37 362.71 136.65 84.96 185.34 81.85 75.72 180.45 0.00 204.14 165.71 115.32 82.67 87.22 81.10 120.36 348.49 87.22-9999.00-9999.00-9999.00-9999.00-9999.00-9999.00-9999.00-9999.00-9999.00-9999.00-9999.00-9999.00-9999.00-9999.00-9999.00-9999.00-9999.00-9999.00-9999.00 -9999.00-9999.00-9999.00-9999.00-9999.00-9999.00-9999.00-9999.00-9999.00-9999.00-9999.00-9999.00-9999.00-9999.00-9999.00-9999.00-9999.00-9999.00-9999.00-9999.00-9999.00-9999.00-9999.00 85.58 99.03 156.92 375.90 380.28 81.02 89.14 83.53 74.92 161.31 134.49 290.66 228.03 87.02 349.38
131.65 77.40 366.79 81.10 83.11 91.60 76.72 192.72 81.85 378.53 76.17 84.64 82.09 118.17 377.00 0.00 146.36 74.45 82.47 375.28 74.17 83.47 82.63 90.91 0.00 119.17 219.40 125.42 75.53 370.52 174.53 115.43 93.68-9999.00-9999.00-9999.00-9999.00-9999.00-9999.00-9999.00-9999.00-9999.00-9999.00-9999.00-9999.00-9999.00-9999.00-9999.00-9999.00-9999.00-9999.00-9999.00-9999.00 -9999.00-9999.00-9999.00-9999.00-9999.00-9999.00-9999.00-9999.00-9999.00-9999.00-9999.00-9999.00-9999.00-9999.00-9999.00-9999.00-9999.00-9999.00 106.62-9999.00 90.03 83.64 285.68 77.70 75.86 384.74 390.24 92.64 77.70 376.20 0.00 378.48 91.81 75.34 78.19 118.59 365.32 0.00 379.37 376.07 91.66 101.87 320.41 310.52 377.86 84.15
80.75 378.52 382.27 349.03 0.00 0.00 383.24 377.23 302.11 87.42 91.12 228.22 378.30 173.06 117.94 271.03 77.40 86.01 0.00 82.37 266.32 210.66 81.85-9999.00-9999.00-9999.00-9999.00-9999.00-9999.00-9999.00-9999.00-9999.00-9999.00-9999.00-9999.00-9999.00-9999.00-9999.00-9999.00-9999.00-9999.00-9999.00-9999.00-9999.00-9999.00-9999.00-9999.00 -9999.00-9999.00-9999.00-9999.00-9999.00-9999.00-9999.00-9999.00-9999.00-9999.00-9999.00-9999.00-9999.00-9999.00-9999.00-9999.00-9999.00 87.38 89.42 79.62 387.97 384.47 88.37 389.23 385.91 387.89 96.03 96.91 89.14 167.53 91.42 74.92 386.57 133.18 91.05 84.15 0.00 377.16 0.00 237.98 375.00 376.56 283.56 283.58 375.71 118.36 375.22 149.17 375.02 375.83 111.26 94.90 379.48 94.90
246.11 381.70 242.44 0.00 0.00 378.82 311.16 131.21 263.48 222.82 319.41 356.77 0.00 216.90 331.29 89.12 92.15 100.56 85.69 86.77 375.17 88.37 89.88 375.28 375.56 195.75 104.02 383.10 157.73 204.65 179.03 131.21 381.40 265.48 372.78 375.36 0.00 326.90 326.90 378.20 380.41 326.92 376.23 311.01 377.03 0.00 0.00 376.04 378.40 383.56 375.89 375.42 86.91 231.58 84.15 91.81 83.64 377.40 83.16 88.59 74.37
115.49 173.01 377.10 313.67 153.51 134.45 77.40 85.57 75.13 85.14 114.14 137.47 128.10 87.76 372.53 75.82 137.69 140.00-9999.00-9999.00-9999.00-9999.00-9999.00-9999.00-9999.00-9999.00-9999.00-9999.00-9999.00-9999.00-9999.00-9999.00-9999.00-9999.00-9999.00-9999.00-9999.00-9999.00-9999.00 -9999.00-9999.00-9999.00-9999.00-9999.00-9999.00-9999.00-9999.00-9999.00-9999.00-9999.00-9999.00-9999.00-9999.00-9999.00-9999.00-9999.00-9999.00-9999.00-9999.00-9999.00-9999.00-9999.00-9999.00-9999.00-9999.00-9999.00-9999.00-9999.00-9999.00 77.05 379.61 379.50 89.10 378.01 103.31 366.77 375.88 355.89 377.24 377.24 376.59 376.61 0.00 265.48 0.00 326.90 377.37 182.53 0.00 416.16 413.78 384.56 389.13 388.90 387.71 76.32 93.22 79.47 85.50 91.65 82.60 86.07 83.03 116.82 189.97 225.94 112.41 111.41 375.79 175.55 175.55
315.58 154.02 121.93 151.76 334.14 94.89 87.14 264.34 268.07 83.48 79.20 77.80 131.62 83.48 81.79 75.85 376.53 116.13 351.92 89.28 96.12 95.09 379.74 97.72 379.19 77.80 88.05 76.90 90.66 383.91 97.27 378.89 86.69 382.98 79.32-9999.00-9999.00-9999.00-9999.00-9999.00-9999.00-9999.00-9999.00-9999.00-9999.00-9999.00-9999.00-9999.00-9999.00-9999.00-9999.00-9999.00-9999.00-9999.00-9999.00-9999.00-9999.00 -9999.00-9999.00-9999.00-9999.00-9999.00-9999.00-9999.00-9999.00-9999.00-9999.00-9999.00-9999.00-9999.00-9999.00-9999.00-9999.00-9999.00-9999.00-9999.00-9999.00-9999.00-9999.00-9999.00-9999.00-9999.00-9999.00-9999.00-9999.00-9999.00-9999.00-9999.00-9999.00-9999.00 254.86 237.38 194.21 360.01 376.93 377.31 376.72 375.66 376.67 377.33 375.00 375.00 352.44 375.30 0.00 324.98 378.89 329.78 375.91 377.01 256.96 379.50 381.69 377.33 329.77
80.37 93.22 91.40 131.40-9999.00-9999.00-9999.00-9999.00-9999.00-9999.00-9999.00-9999.00-9999.00-9999.00-9999.00-9999.00-9999.00-9999.00-9999.00-9999.00-9999.00-9999.00-9999.00-9999.00-9999.00-9999.00 -9999.00-9999.00-9999.00-9999.00-9999.00-9999.00-9999.00-9999.00-9999.00-9999.00-9999.00-9999.00-9999.00-9999.00-9999.00-9999.00-9999.00-9999.00-9999.00-9999.00-9999.00-9999.00-9999.00-9999.00-9999.00-9999.00-9999.00-9999.00-9999.00-9999.00-9999.00-9999.00-9999.00-9999.00-9999.00-9999.00-9999.00-9999.00-9999.00-9999.00-9999.00-9999.00-9999.00-9999.00-9999.00 375.28 374.02 375.12 0.00 295.81 375.34 324.95 375.83 225.94 0.00 376.24 375.00 295.81 375.34 329.78 295.81 377.12 375.00 0.00 287.65 317.26 375.65 378.04 251.94 380.38 322.35 375.98 230.64 388.29 375.24 375.06 299.10 382.67 256.96 0.00 0.00 0.00 379.17 230.64 276.80 0.00 375.31 372.84 375.09 286.90 193.92 0.00 0.00 0.00 0.00 0.00 0.00 0.00 122.71 84.44 82.30
99.38 376.84 284.65 81.79 380.18 144.07 77.80 384.36 163.24 81.41 378.65 378.81 251.40 84.45 85.80 385.61 92.25 200.28 380.56 365.91 80.62-9999.00-9999.00-9999.00-9999.00-9999.00-9999.00-9999.00-9999.00-9999.00-9999.00-9999.00-9999.00-9999.00-9999.00-9999.00-9999.00-9999.00-9999.00 -9999.00-9999.00-9999.00-9999.00-9999.00-9999.00-9999.00-9999.00-9999.00-9999.00-9999.00-9999.00-9999.00-9999.00-9999.00-9999.00-9999.00-9999.00-9999.00-9999.00-9999.00-9999.00-9999.00-9999.00-9999.00-9999.00-9999.00-9999.00-9999.00-9999.00-9999.00-9999.00-9999.00-9999.00-9999.00-9999.00-9999.00-9999.00-9999.00-9999.00-9999.00-9999.00-9999.00-9999.00-9999.00-9999.00-9999.00-9999.00-9999.00-9999.00-9999.00 271.63 251.94 0.00 295.81 375.66 324.95 378.16 362.87 230.64 0.00 256.96 380.89 329.88 0.00 376.21 375.24 0.00 295.81 0.00 375.00 295.81 295.81 375.47 329.78 375.31 295.81 0.00 295.81 375.00 324.98 0.00 251.94 374.02 378.26 377.35 377.04 384.17 376.75 221.64
