蒙特卡罗+CDRMV3/输出数据/2D水深分布/WaterDepthGIS_0137.ASC
ncols         539            
nrows         744            
xllcorner     602630.84259341
yllcorner     3914823.670891 
cellsize      50             
NODATA_value  -9999.00       
[rows 0 to 26 of 32, columns 122 to 182 of 539]
88.20 381.38 147.66 83.10 189.22 93.21-9999.00-9999.00-9999.00-9999.00-9999.00-9999.00-9999.00-9999.00-9999.00-9999.00-9999.00-9999.00-9999.00-9999.00 -9999.00-9999.00-9999.00-9999.00-9999.00-9999.00-9999.00-9999.00-9999.00-9999.00-9999.00-9999.00-9999.00-9999.00-9999.00-9999.00-9999.00-9999.00-9999.00-9999.00-9999.00-9999.00-9999.00-9999.00-9999.00-9999.00-9999.00-9999.00-9999.00-9999.00-9999.00-9999.00-9999.00-9999.00-9999.00-9999.00-9999.00-9999.00-9999.00-9999.00-9999.00-9999.00-9999.00-9999.00-9999.00-9999.00-9999.00-9999.00-9999.00-9999.00-9999.00-9999.00-9999.00-9999.00-9999.00-9999.00-9999.00-9999.00-9999.00-9999.00-9999.00-9999.00-9999.00-9999.00-9999.00-9999.00-9999.00-9999.00-9999.00-9999.00-9999.00-9999.00-9999.00-9999.00-9999.00-9999.00-9999.00-9999.00-9999.00-9999.00-9999.00-9999.00-9999.00-9999.00-9999.00-9999.00-9999.00-9999.00-9999.00-9999.00-9999.00-9999.00-9999.00-9999.00-9999.00-9999.00-9999.00-9999.00-9999.00-9999.00-9999.00-9999.00-9999.00-9999.00-9999.00-9999.00-9999.00-9999.00-9999.00-9999.00-9999.00-9999.00-9999.00-9999.00-9999.00-9999.00 82.17 177.00 83.54 137.80 81.98 376.51 388.31 82.00 219.35 0.00 143.80 82.91 375.07 82.91 84.75-9999.00-9999.00-9999.00-9999.00-9999.00-9999.00-9999.00-9999.00-9999.00-9999.00-9999.00-9999.00-9999.00-9999.00 -9999.00-9999.00-9999.00-9999.00-9999.00-9999.00-9999.00-9999.00-9999.00-9999.00-9999.00-9999.00 96.89 87.52 100.02 100.43 88.21 97.86-9999.00-9999.00-9999.00-9999.00-9999.00-9999.00-9999.00-9999.00-9999.00-9999.00-9999.00-9999.00-9999.00-9999.00-9999.00-9999.00-9999.00-9999.00-9999.00-9999.00-9999.00-9999.00-9999.00-9999.00-9999.00-9999.00-9999.00-9999.00-9999.00-9999.00-9999.00-9999.00-9999.00-9999.00-9999.00-9999.00-9999.00-9999.00-9999.00-9999.00-9999.00-9999.00-9999.00-9999.00-9999.00-9999.00-9999.00-9999.00-9999.00-9999.00-9999.00-9999.00-9999.00-9999.00-9999.00-9999.00-9999.00-9999.00-9999.00-9999.00-9999.00-9999.00-9999.00-9999.00-9999.00-9999.00-9999.00-9999.00-9999.00-9999.00-9999.00-9999.00-9999.00-9999.00-9999.00-9999.00-9999.00-9999.00-9999.00-9999.00-9999.00-9999.00-9999.00-9999.00-9999.00-9999.00-9999.00-9999.00-9999.00-9999.00-9999.00-9999.00-9999.00-9999.00-9999.00-9999.00-9999.00 82.75 121.96 174.20 377.00 83.67 336.75 386.34 88.88 89.85 82.91 0.00 86.47 360.42 84.24 90.24 143.69 91.17-9999.00-9999.00-9999.00-9999.00-9999.00-9999.00-9999.00-9999.00-9999.00-9999.00-9999.00-9999.00-9999.00 -9999.00-9999.00-9999.00-9999.00-9999.00-9999.00-9999.00-9999.00-9999.00-9999.00-9999.00 87.52 163.97 213.71 101.16 225.42 328.51 85.52-9999.00-9999.00-9999.00-9999.00-9999.00-9999.00-9999.00-9999.00-9999.00-9999.00-9999.00-9999.00-9999.00-9999.00-9999.00-9999.00-9999.00-9999.00-9999.00-9999.00-9999.00-9999.00-9999.00-9999.00-9999.00-9999.00-9999.00-9999.00-9999.00-9999.00-9999.00-9999.00-9999.00-9999.00-9999.00-9999.00-9999.00-9999.00-9999.00-9999.00-9999.00-9999.00-9999.00-9999.00-9999.00-9999.00-9999.00-9999.00-9999.00-9999.00-9999.00-9999.00-9999.00-9999.00-9999.00-9999.00-9999.00-9999.00-9999.00-9999.00-9999.00-9999.00-9999.00-9999.00-9999.00-9999.00-9999.00-9999.00-9999.00-9999.00-9999.00-9999.00-9999.00-9999.00-9999.00-9999.00-9999.00-9999.00-9999.00-9999.00-9999.00-9999.00-9999.00-9999.00-9999.00-9999.00-9999.00-9999.00-9999.00-9999.00-9999.00-9999.00-9999.00-9999.00-9999.00-9999.00-9999.00 90.35 90.95 93.98 83.42 380.19 386.76 87.89
123.23 92.18 273.65 83.20 90.65 93.35 91.02 83.54 95.80 94.92 82.75 95.65 144.98 87.00 90.40 0.00 196.21 82.67 85.54 284.41 379.80 384.20 382.37 83.54 82.35 252.23 135.95 93.21-9999.00-9999.00 -9999.00-9999.00-9999.00-9999.00-9999.00-9999.00-9999.00-9999.00-9999.00-9999.00-9999.00-9999.00-9999.00-9999.00-9999.00 81.92 139.21 368.17 82.69 81.29 0.00 96.29 99.28 151.91 91.66-9999.00-9999.00-9999.00-9999.00-9999.00-9999.00-9999.00-9999.00-9999.00-9999.00-9999.00-9999.00-9999.00-9999.00-9999.00-9999.00-9999.00-9999.00-9999.00-9999.00-9999.00-9999.00-9999.00-9999.00-9999.00-9999.00-9999.00-9999.00-9999.00-9999.00-9999.00-9999.00-9999.00-9999.00-9999.00-9999.00-9999.00-9999.00-9999.00-9999.00-9999.00 90.00 105.03-9999.00-9999.00-9999.00-9999.00-9999.00-9999.00 93.06 92.19 129.55 92.41 89.61 381.60 86.22 93.82 349.48 215.09-9999.00-9999.00-9999.00-9999.00-9999.00-9999.00-9999.00-9999.00 83.31 126.12 151.30 385.99 311.36 93.20 374.98 93.82 87.00 378.19
82.94 212.23 165.07 376.38 0.00 146.93 129.61 82.94 81.84 400.99 256.69 96.01 204.41 102.75 101.16 107.96-9999.00-9999.00-9999.00-9999.00-9999.00-9999.00-9999.00-9999.00-9999.00-9999.00-9999.00-9999.00-9999.00-9999.00-9999.00-9999.00-9999.00-9999.00-9999.00-9999.00-9999.00-9999.00-9999.00-9999.00-9999.00-9999.00 86.22 109.68 94.35 105.03 88.53 95.80 96.29 222.93 97.40 378.13 91.49 377.33 93.06 90.76 96.83 96.29 83.80 144.03 378.57 95.80 84.93 0.00 0.00 375.29 86.47 85.75 129.67 382.50 85.75 91.49 87.89 93.35 91.49 83.10 176.60 83.54 90.76 82.25 380.70 128.67 91.67 89.24 83.20 84.24 83.42
143.58 212.73 0.00 0.00 318.68 85.12 86.47 90.82 101.40 90.89 86.22 0.00 170.56 0.00 170.56 379.67 211.37 90.40 100.22 420.91 378.23 377.05 91.25 99.67-9999.00-9999.00-9999.00-9999.00-9999.00-9999.00 -9999.00-9999.00-9999.00-9999.00-9999.00-9999.00-9999.00-9999.00-9999.00-9999.00-9999.00-9999.00 249.45 96.05 87.20 85.04 120.18 194.85 368.57 0.00 160.03 82.69 81.48 0.00 378.31 82.94 81.29 275.18 83.21 378.78 92.18 160.47 91.26-9999.00-9999.00-9999.00-9999.00 99.65 100.78 82.81 196.36 379.48 85.98 382.72 84.93 91.25 244.68 94.98 201.33 89.61 372.67 95.57
147.76 147.83 86.89 101.16 340.83 95.48 89.78 379.12 95.30 380.02 163.75 102.28 94.74 86.89 89.92 83.36 389.78 378.18 97.70 383.12 160.92 95.65 109.68 103.98 92.79 88.20 95.34 87.00 370.66 0.00 97.70 382.18 82.30 0.00 84.57 137.34 89.61 95.80 98.83 122.30 82.91 349.18 144.36 83.94 88.88 0.00 82.41 92.41 91.87 87.00 88.20 93.06 345.60 87.89 0.00 130.70 83.00 184.68 91.97 124.87 353.26
95.65 101.74 86.47 159.42 120.82 85.12 87.58 381.73 82.02 0.00 90.00 91.67 81.95 0.00 82.21 97.70 94.72 376.06 90.00 92.18 377.12 83.20 152.12 91.41 83.10 0.00 123.58 83.10 83.42 168.71 0.00 237.83 136.32 319.22 103.98 254.71 141.17 83.54 91.97 188.35 103.54 380.40 357.49 83.54 96.04 84.24 147.60 401.29 381.74 82.47 382.90 141.90 87.29 82.91 376.82 184.62 96.04 370.31 82.60 283.45 95.57
89.78 101.16 97.70 120.27 378.78 84.57 379.88 379.74 0.00 0.00 82.83 138.71 0.00 121.86 82.60 96.29 90.00 382.67 82.30 82.75 165.47 92.30 83.67 83.42 0.00 123.29 83.31 90.03 132.75 0.00 87.58 328.15 84.75 140.97 93.06 98.33 126.33 293.27 108.43 379.09 385.94 351.06 271.47 98.99 365.52 256.33 83.20 100.02 90.24 82.25 0.00 90.82 94.16 137.21 91.77 91.87 92.92 83.31 211.04 84.93 91.97
306.76 324.00 101.35 347.99 95.22 98.01 88.20 90.82 83.54 137.42 149.28 89.61 0.00 87.89 386.30 376.54 366.52 224.33 83.94 83.67 137.04 90.59 91.49 85.12 0.00 82.53 93.50 136.61 0.00 82.75 82.60 127.03 91.41 90.76 95.57 88.53 82.47 127.04 239.20 103.09 0.00 122.05 82.60 91.97 83.31 93.65 91.32 85.75 267.38 120.89 0.00 93.77 93.82 92.07 91.02 87.29 122.12 380.81 121.39 91.49 85.32
83.21 81.94 93.82 264.08 86.22 92.19 175.54 83.80 124.65 376.30 377.76 91.71 0.00 85.98 385.94 380.70 384.38 84.93 85.12 91.87 100.37 188.41 376.43 85.54 91.25 103.54 91.24 90.82 0.00 366.01 145.07 82.75 91.24 274.05 128.67 85.12 99.33 256.62 376.26 0.00 221.44 83.00 102.25 143.89 386.09 375.50 93.35 100.37 82.00 292.67 97.11 88.20 0.00 122.56 88.88 91.17 91.87 90.05 85.75 378.38 0.00
187.77 0.00 0.00 93.20 96.29 101.74 151.87 97.70 170.40 137.80 0.00 93.77 374.50 143.34 136.15 90.54 91.77 91.32 83.80 155.73 379.29 0.00 0.00 149.92 88.88 0.00 93.21 156.78 159.03 84.40 90.82 134.46 89.61 378.47 0.00 113.05 381.89 381.50 129.16 85.98 93.50 92.66 91.17 85.75 85.54 103.15 99.33 209.53 87.29 151.01 101.06-9999.00-9999.00-9999.00-9999.00-9999.00-9999.00-9999.00-9999.00 -9999.00-9999.00-9999.00-9999.00-9999.00-9999.00-9999.00-9999.00-9999.00-9999.00 89.51 123.54 125.34 0.00 377.91 82.08 85.77 91.50 92.47
0.00 375.61 85.27 0.00 386.99 381.23 318.33 0.00 375.44 373.24 281.75 98.14 94.16 90.82 387.32 84.57 85.75 83.80 83.67 96.83 97.70 375.43 149.93 91.71-9999.00-9999.00-9999.00-9999.00-9999.00-9999.00-9999.00-9999.00 -9999.00-9999.00-9999.00-9999.00-9999.00-9999.00-9999.00-9999.00-9999.00-9999.00 92.95 137.06 121.52 0.00 232.35 93.13 105.32 89.02 81.32 92.18 398.65 81.40 90.13 90.46 81.47 0.00 165.33 81.99 100.40 87.52 141.10 81.71 217.03 382.06 256.42 127.09 86.59 82.46 221.96 382.34 95.48 91.15 388.93 83.07 94.98 92.74
0.00 85.77 96.29 88.96 139.27 132.55 84.40 0.00 303.62 310.43 122.43 92.18 95.74 380.18 97.20 140.37 366.67 86.03 93.68 376.63 90.55 81.71 172.89 0.00 92.17 98.55 92.47 89.32 81.14 90.94 94.30 376.82 89.28 323.57 88.81 90.46 81.12 342.93 0.00 189.08 137.37 81.25 89.10 88.21 324.46 84.93 158.74 376.09 375.97 82.21 155.11 0.00 143.19 82.75 92.66 94.34 83.67 152.46 0.00 128.89 91.25
0.00 132.38 84.21 211.70 99.51 81.16 146.91 350.98 378.84 188.47 94.52 86.47 0.00 380.10 87.00 398.37 84.75 121.65 92.69 138.50 0.00 147.35 85.32 83.54 381.70 89.24 87.89 207.23 97.40 377.13 96.55 81.94 388.79 105.31 83.94 94.35 0.00 376.48 359.77 89.61 87.29 377.29 81.98 92.07 84.24 380.69 85.54 343.63 377.02 385.26 95.65 101.43 203.32 383.13 245.05 376.22 265.51 265.51 0.00 375.43 376.48
93.77 85.12 90.40 299.14 0.00 0.00 290.95 376.63 378.62 265.57 0.00 0.00 0.00 118.29 200.80 237.59 0.00 0.00 0.00 87.22 0.00 0.00 381.31 101.74 85.32 369.05 377.50 123.16 83.10 84.40 95.80-9999.00-9999.00-9999.00-9999.00-9999.00-9999.00-9999.00-9999.00-9999.00-9999.00-9999.00-9999.00-9999.00-9999.00 -9999.00-9999.00-9999.00-9999.00-9999.00-9999.00-9999.00-9999.00-9999.00-9999.00 98.59 194.10 254.83 92.62 173.62 170.13 376.10 92.03 92.62 368.01 375.30 0.00 87.20 81.17 81.53 89.92 91.26 91.15 228.65 85.27 128.05 0.00 333.79 0.00 159.75 121.88 120.60 89.92 82.36
0.00 122.85 81.64 100.40 0.00 174.46 120.59 90.64 89.28 86.03 0.00 82.17 211.01 83.36 95.74 171.76 91.50 89.24 81.99 90.83 81.44 0.00 0.00 124.72 81.44 338.28 136.36 89.99 96.29 84.82 370.14 92.32 137.21 369.72 166.79 125.84 82.60 380.14 0.00 377.47 375.97 375.45 92.19 114.94 97.35 97.60 83.42 85.98 355.31 317.95 94.36 383.21 129.02 84.75 84.24 178.61 91.32 127.44 85.12 375.65 237.30
252.71 229.50 0.00 144.55 81.02 83.99 92.07 386.08 377.89 377.31 82.17 93.20 82.02 125.27 92.18 93.20 83.94-9999.00-9999.00-9999.00-9999.00-9999.00-9999.00-9999.00-9999.00-9999.00-9999.00-9999.00-9999.00-9999.00-9999.00-9999.00-9999.00 -9999.00-9999.00-9999.00-9999.00-9999.00-9999.00-9999.00-9999.00-9999.00-9999.00-9999.00-9999.00-9999.00-9999.00-9999.00-9999.00-9999.00 108.05 94.60 88.21 85.52 92.62 83.21 81.23 129.40 0.00 81.53 93.49 83.07 247.71 81.19 182.28 380.11 81.53 388.90 0.00 132.59 84.21 82.17 0.00 88.96 89.67 81.77 175.72 377.16 0.00 383.12 382.20 377.99 352.13 169.63 83.51 88.91 122.79 204.92 375.20 0.00 88.58 90.55 91.15
100.37 379.67 84.75 149.97 91.87 83.80 82.91 382.52 85.32 91.02 84.09 81.92 122.15 0.00 139.07 94.35 97.40 103.54 256.13 87.54 101.69 85.32 97.40 217.59 127.07 83.10 95.80 308.92 199.78 135.60 95.65-9999.00-9999.00-9999.00-9999.00-9999.00-9999.00-9999.00-9999.00-9999.00-9999.00-9999.00-9999.00-9999.00-9999.00-9999.00-9999.00-9999.00-9999.00-9999.00 -9999.00-9999.00-9999.00-9999.00-9999.00-9999.00-9999.00-9999.00-9999.00-9999.00-9999.00-9999.00-9999.00-9999.00-9999.00-9999.00-9999.00 86.30 295.33 152.35 87.20 208.19 371.79 82.36 0.00 147.98 85.27 93.32 96.59 94.74 93.31 83.36 85.27 92.62 97.52 84.82 120.21 165.66 0.00 102.28 379.65 81.36 94.30 85.04 101.94 94.52
189.11 84.40 126.16 171.44 90.35 90.76 83.00 93.06 90.44 83.31 82.00 125.81 213.80 384.22 410.93 381.14 0.00 0.00 92.19 377.97 377.30 377.71 304.03 152.22 121.76 82.41 86.47 156.17 92.41 97.40-9999.00-9999.00-9999.00-9999.00-9999.00-9999.00-9999.00-9999.00-9999.00-9999.00-9999.00-9999.00-9999.00-9999.00-9999.00-9999.00-9999.00-9999.00-9999.00-9999.00-9999.00 -9999.00-9999.00-9999.00-9999.00-9999.00-9999.00-9999.00-9999.00-9999.00-9999.00-9999.00-9999.00-9999.00-9999.00-9999.00-9999.00-9999.00-9999.00-9999.00 99.51 377.18 157.76 95.30 385.47 91.15 97.52 173.89 98.91 369.22 83.85 87.86 224.58 315.28 133.17 121.86 379.57 0.00 184.79 119.78 93.94 84.82 126.26 0.00 330.52 127.44 82.26 81.44 83.36 122.59
377.22 92.66 83.20 372.25 0.00 0.00 0.00 0.00 87.29 85.12 108.58 0.00 0.00 0.00 89.61 83.10 126.42 377.85 81.96 81.98 136.09 295.28 82.25 93.65-9999.00-9999.00-9999.00-9999.00-9999.00-9999.00-9999.00-9999.00-9999.00-9999.00-9999.00-9999.00-9999.00-9999.00-9999.00-9999.00-9999.00 -9999.00-9999.00-9999.00-9999.00-9999.00-9999.00-9999.00-9999.00-9999.00-9999.00-9999.00-9999.00-9999.00-9999.00-9999.00-9999.00-9999.00-9999.00-9999.00-9999.00-9999.00-9999.00-9999.00-9999.00-9999.00 201.28 327.88 378.05 376.07 380.33 390.83 380.60 0.00 0.00 0.00 0.00 0.00 374.73 85.52 86.59 188.80 96.05 0.00 0.00 0.00 0.00 0.00 340.87 119.38 0.00 0.00 378.86 289.14 376.55 380.11 274.89 376.57 97.70 103.02 95.40 98.18
381.87 123.04 83.54-9999.00-9999.00-9999.00-9999.00-9999.00-9999.00-9999.00-9999.00-9999.00-9999.00-9999.00-9999.00-9999.00-9999.00-9999.00-9999.00-9999.00-9999.00 -9999.00-9999.00-9999.00-9999.00-9999.00-9999.00-9999.00-9999.00-9999.00-9999.00-9999.00-9999.00-9999.00-9999.00-9999.00-9999.00-9999.00-9999.00-9999.00-9999.00-9999.00-9999.00-9999.00-9999.00 116.03 93.13 91.04 83.68 381.28 88.21 90.94 89.13 90.37 133.45 120.04 127.38 99.28 88.21 85.52 88.21 0.00 379.67 375.29 174.96 96.05 102.34 96.85 306.34 378.83 382.57 232.72 91.66 312.11 96.05 375.63 184.17 0.00 303.07 109.25 288.18 233.51 89.36 90.22 86.59 336.25 91.66 385.42 378.39 89.78 96.85 263.52 377.89 380.73 91.66 101.16 86.89 321.53 0.00 0.00 0.00 0.00
0.00 89.36 90.64 83.21 125.18 368.62 0.00 379.39 105.92 181.54 82.73 120.82 102.11 376.39 152.58 96.29 85.52 99.51 339.83 105.92 429.21 318.61 126.88 103.26 85.27 339.28 377.71 0.00 0.00 123.57 102.47 91.66 91.66 97.86 118.34 133.52 375.77 241.52 92.74 125.40 86.03 136.78 341.86 378.70 379.55 248.97 0.00 248.97 376.08 255.87 269.99 371.28 385.46 375.54 247.95 384.82 226.18 97.70 92.74 0.00 376.76
381.36 0.00 376.39 381.66 308.05 377.32 375.55 124.15 187.43 128.80 90.68 372.63 92.74 356.27 257.77 98.50 137.20 407.37 178.41 353.57 110.76 93.94 392.28 423.17 0.00 0.00 375.05 341.78 385.95 114.52 100.78 300.59 91.66 256.48 86.59 86.30 377.94 240.52 358.21 150.27 0.00 378.23 0.00 375.70 377.44 379.90 299.66 375.38 0.00 225.01 377.53 261.22 92.92 129.70 107.23 83.68 85.12 99.67 98.01 102.43 96.04
0.00 377.42 0.00 307.00 375.38 375.71 384.79 329.34 329.52 377.51 0.00 376.46 0.00 375.25 381.33 106.70 125.00 375.84 102.11 344.48 99.51 85.61 368.42 137.82 88.96 83.67 122.81 375.48 291.50 0.00 376.91 307.40 109.27 154.39 91.77 122.76 157.55 385.50 121.48 375.79 371.27 161.30 142.30 84.57 261.89 299.08 349.59 82.75 156.51 377.80 83.42 177.39-9999.00-9999.00-9999.00-9999.00-9999.00-9999.00-9999.00-9999.00-9999.00-9999.00-9999.00-9999.00-9999.00-9999.00-9999.00-9999.00-9999.00-9999.00-9999.00-9999.00-9999.00-9999.00 -9999.00-9999.00-9999.00-9999.00-9999.00-9999.00-9999.00-9999.00-9999.00-9999.00-9999.00-9999.00-9999.00-9999.00-9999.00-9999.00-9999.00-9999.00-9999.00-9999.00-9999.00-9999.00-9999.00-9999.00-9999.00-9999.00-9999.00-9999.00 97.70 140.93 104.74 101.16 96.05 84.21 377.19 93.94
377.20 375.77 138.59 359.58 0.00 180.72 115.76 256.45 315.48 327.48 377.97 380.01 275.18 107.96 96.05 376.07 333.78 274.08 377.40 380.65 382.69 0.00 0.00 0.00 0.00 0.00 376.79 198.96 297.94 130.25 198.96 336.33 0.00 297.93 376.41 0.00 379.83 375.18 297.93 377.32 297.93 0.00 0.00 0.00 0.00 0.00 0.00 0.00 377.83 177.75 104.15 99.12 377.23 393.52 379.77 89.48 110.20 374.73 121.86 83.12 86.11
380.55 90.40 102.25 384.13 95.25-9999.00-9999.00-9999.00-9999.00-9999.00-9999.00-9999.00-9999.00-9999.00-9999.00-9999.00-9999.00-9999.00-9999.00-9999.00-9999.00-9999.00-9999.00-9999.00-9999.00-9999.00 -9999.00-9999.00-9999.00-9999.00-9999.00-9999.00-9999.00-9999.00-9999.00-9999.00-9999.00-9999.00-9999.00-9999.00-9999.00-9999.00-9999.00-9999.00-9999.00-9999.00-9999.00-9999.00-9999.00-9999.00-9999.00-9999.00-9999.00-9999.00-9999.00-9999.00-9999.00-9999.00-9999.00 368.12 377.60 379.31 190.54 386.98 384.47 376.72 377.85 275.03 297.94 297.94 297.94 275.03 275.03 0.00 375.23 375.16 379.80 375.55 378.05 380.89 378.97 378.49 379.30 398.21 93.40 90.95 380.98 390.93 256.11 407.32 391.52 397.50 375.51 111.28 118.19 107.60 93.40 376.71 376.95 375.61 376.51 272.62 102.07 101.06 377.87 97.97 376.21 384.53 0.00 376.08 375.20 308.41 91.81 122.74
297.93 297.93 402.74 297.94 375.25 231.80 0.00 376.19 280.26 380.98 247.66 378.03 379.57 177.75 370.32 335.82 395.33 391.06 381.60 261.22 280.26 382.78 378.25 377.48 0.00 381.89 377.65 376.71 0.00 0.00 0.00 0.00 0.00 375.62 348.18 279.37 375.03 139.82 90.12 154.14 0.00 246.89 122.67 90.96 251.02 82.52 100.81 105.71 98.22 254.28 89.35 383.21 375.74 86.11 89.35 105.71 101.62 163.49 85.08 94.36 100.81
381.72 88.31 94.37 380.26 88.84-9999.00-9999.00-9999.00-9999.00-9999.00-9999.00-9999.00-9999.00-9999.00-9999.00-9999.00-9999.00-9999.00-9999.00-9999.00-9999.00-9999.00-9999.00 -9999.00-9999.00-9999.00-9999.00-9999.00-9999.00-9999.00-9999.00-9999.00-9999.00-9999.00-9999.00-9999.00-9999.00-9999.00-9999.00-9999.00-9999.00-9999.00-9999.00-9999.00-9999.00-9999.00-9999.00-9999.00-9999.00-9999.00-9999.00-9999.00-9999.00-9999.00-9999.00-9999.00-9999.00-9999.00-9999.00-9999.00-9999.00-9999.00-9999.00-9999.00-9999.00-9999.00-9999.00-9999.00-9999.00-9999.00-9999.00-9999.00-9999.00-9999.00 297.93 0.00 256.11 297.94 375.78 376.83 0.00 0.00 0.00 378.90 236.65 323.15 368.60 0.00 319.98 375.18 0.00 297.94 297.93 0.00 375.04 375.01 297.93 376.31 375.82 297.94 297.93 0.00 375.01 297.94 376.78 0.00 231.80 275.03 319.77 231.85 375.70 375.50 375.50 201.03 88.69 216.69 111.84 392.91 379.69 380.40 383.18 82.74 92.13 93.10 106.28 87.99 387.16 183.88 94.56
