蒙特卡罗+CDRMV3/输出数据/2D水深分布/WaterDepthGIS_0155.ASC
ncols         539            
nrows         744            
xllcorner     602630.84259341
yllcorner     3914823.670891 
cellsize      50             
NODATA_value  -9999.00       
[rows 0 to 26 of 32, columns 183 to 243 of 539]
84.66 73.91 232.08 0.00 381.21 377.52 378.35 316.23 256.15 78.22-9999.00-9999.00-9999.00-9999.00-9999.00-9999.00-9999.00-9999.00-9999.00-9999.00-9999.00-9999.00-9999.00 -9999.00-9999.00-9999.00-9999.00-9999.00-9999.00-9999.00-9999.00-9999.00-9999.00-9999.00 81.41 184.53 378.29 84.52 379.34 77.73 84.00 88.58 79.73-9999.00-9999.00-9999.00-9999.00-9999.00-9999.00-9999.00-9999.00-9999.00-9999.00-9999.00-9999.00-9999.00-9999.00-9999.00-9999.00-9999.00-9999.00-9999.00-9999.00-9999.00-9999.00-9999.00-9999.00-9999.00-9999.00-9999.00-9999.00-9999.00-9999.00-9999.00-9999.00-9999.00-9999.00-9999.00-9999.00-9999.00-9999.00-9999.00-9999.00-9999.00-9999.00-9999.00-9999.00-9999.00-9999.00-9999.00-9999.00-9999.00-9999.00-9999.00-9999.00-9999.00-9999.00-9999.00-9999.00-9999.00-9999.00-9999.00-9999.00-9999.00-9999.00-9999.00-9999.00-9999.00-9999.00-9999.00-9999.00-9999.00-9999.00-9999.00-9999.00-9999.00-9999.00-9999.00-9999.00-9999.00-9999.00-9999.00-9999.00-9999.00-9999.00-9999.00-9999.00-9999.00-9999.00-9999.00-9999.00-9999.00-9999.00-9999.00-9999.00-9999.00-9999.00 75.89 119.25 205.13 377.91 379.74 286.17 73.91 82.96 73.84 176.65 85.38 0.00 81.91 184.69 79.66 185.92 80.71 85.59-9999.00-9999.00-9999.00-9999.00-9999.00-9999.00-9999.00-9999.00-9999.00-9999.00-9999.00-9999.00-9999.00 -9999.00-9999.00-9999.00-9999.00-9999.00-9999.00-9999.00-9999.00-9999.00-9999.00 209.67 132.79 77.18 380.66 96.99 378.39 293.43 74.63 133.07 211.51 107.67-9999.00-9999.00-9999.00-9999.00-9999.00-9999.00-9999.00-9999.00-9999.00-9999.00-9999.00-9999.00-9999.00-9999.00-9999.00-9999.00-9999.00-9999.00-9999.00-9999.00-9999.00-9999.00-9999.00-9999.00-9999.00-9999.00-9999.00-9999.00-9999.00-9999.00-9999.00-9999.00-9999.00-9999.00-9999.00-9999.00-9999.00-9999.00-9999.00-9999.00-9999.00-9999.00-9999.00-9999.00-9999.00-9999.00-9999.00-9999.00-9999.00-9999.00-9999.00-9999.00-9999.00-9999.00-9999.00-9999.00-9999.00-9999.00-9999.00-9999.00-9999.00-9999.00-9999.00-9999.00-9999.00-9999.00-9999.00-9999.00-9999.00-9999.00-9999.00-9999.00-9999.00-9999.00-9999.00-9999.00-9999.00-9999.00-9999.00-9999.00-9999.00-9999.00-9999.00-9999.00-9999.00-9999.00-9999.00-9999.00-9999.00-9999.00-9999.00-9999.00-9999.00 74.86 118.77 370.47 76.35 76.70 155.44 83.14 73.84 130.69 200.43 343.89
175.68 376.49 147.58 88.96 378.77 74.14 83.05 111.81 84.39 83.54 84.52 74.19 144.04 0.00 228.99 73.86 152.12 82.71 73.99 123.91 130.17 74.95 73.86 85.11 83.88 82.22 75.75 73.89 0.00 202.92 75.62 79.66 377.31 0.00 265.63 234.17 378.54 367.17 73.99 85.76-9999.00-9999.00-9999.00 -9999.00-9999.00-9999.00-9999.00-9999.00-9999.00-9999.00-9999.00-9999.00-9999.00-9999.00-9999.00-9999.00-9999.00-9999.00 81.24 73.61 248.87 375.27 73.10 0.00 333.52 366.43 131.97 78.66-9999.00-9999.00-9999.00-9999.00-9999.00-9999.00-9999.00-9999.00-9999.00-9999.00-9999.00-9999.00-9999.00-9999.00-9999.00-9999.00-9999.00-9999.00-9999.00-9999.00-9999.00-9999.00-9999.00-9999.00-9999.00-9999.00-9999.00-9999.00-9999.00-9999.00-9999.00-9999.00-9999.00-9999.00-9999.00-9999.00-9999.00-9999.00-9999.00-9999.00 116.85 173.05 90.45 84.29-9999.00-9999.00-9999.00-9999.00 75.89 120.11 367.23 377.58 83.28 381.59
128.62 75.37 76.70 87.09 86.55 0.00 0.00 0.00 0.00 0.00 352.39 128.26 89.20 0.00 0.00 0.00 208.80 116.03 74.35 75.26 0.00 81.09 74.35 77.08 106.88 0.00 76.52 88.21 81.09 0.00 376.94 167.76 116.85 376.59 239.16 115.21 76.52 86.12 97.91-9999.00-9999.00-9999.00-9999.00-9999.00 -9999.00-9999.00-9999.00-9999.00-9999.00-9999.00-9999.00-9999.00-9999.00-9999.00-9999.00-9999.00 73.05 141.98 359.76 72.82 245.14 0.00 77.73 80.73 80.90 84.00 75.25 380.45 122.09 77.45 268.93 184.01 82.36 214.92 183.97-9999.00-9999.00-9999.00-9999.00-9999.00-9999.00-9999.00-9999.00-9999.00-9999.00-9999.00-9999.00-9999.00-9999.00-9999.00-9999.00-9999.00-9999.00-9999.00-9999.00-9999.00-9999.00 76.03 99.38
75.49 203.01 381.04 419.24 76.88 93.24 136.53 76.52 180.64 377.70 84.96 118.53 0.00 116.69 85.43 96.13 336.79 85.76 83.28 333.72 375.40 74.41 120.97 0.00 78.22 84.66 85.94 86.30 156.05 84.52 78.48 0.00 364.44 74.47 146.33 306.05 73.99 94.68 89.20 75.26 131.02 74.69 114.48 376.55 377.03 363.86 204.19 84.66 74.86 75.15 76.19 76.88 87.30 79.34 74.77 117.78 83.54 122.18 0.00 0.00 0.00
216.25 74.95 82.63 74.61 92.78 84.81 81.74 115.90 385.22 77.29 82.87 75.37 83.05 81.49 383.11 375.62 93.24 76.19 76.19 380.93 222.17 82.16 89.81 86.30 78.48 378.31 129.03 81.91 81.34 74.19 139.87 75.62 116.74 385.71 353.12 138.88 214.33 0.00 376.15 332.92 185.82 95.43 394.85 340.68 149.18 82.34-9999.00-9999.00-9999.00-9999.00-9999.00-9999.00-9999.00-9999.00-9999.00-9999.00 -9999.00-9999.00-9999.00-9999.00-9999.00-9999.00-9999.00-9999.00-9999.00 375.37 84.52 249.93 82.36 82.71 79.00 135.86 74.49 122.49 113.11 0.00 75.25 73.90 79.97
321.59 135.65 84.39 86.69 89.81 81.86 153.37 112.25 73.99 138.83 348.82 77.50 376.34 89.20 0.00 377.06 128.17 0.00 376.49 376.13 81.22 79.99 289.46 78.48 81.91 375.79 77.73 88.21-9999.00-9999.00-9999.00-9999.00-9999.00-9999.00-9999.00-9999.00-9999.00 -9999.00-9999.00-9999.00 82.87 347.79 389.25 377.46 75.25 81.32 74.12 402.62 120.57 129.01 83.40 83.40 378.02 75.43 72.89 117.52 149.15 0.00 380.51 378.37 344.08 74.01 78.66 83.68 79.00 380.50 83.40 81.10 376.43 82.97 83.53 380.67
163.89 113.82 82.96 84.66 75.26 73.91 154.58 357.01 376.98 74.35 73.89 112.07 387.05 383.69 0.00 87.81 104.32 113.87 104.32 173.20 115.49 380.03 378.47 343.01 77.08 381.82 405.37 78.22 83.28 212.93-9999.00-9999.00-9999.00-9999.00-9999.00-9999.00-9999.00 -9999.00-9999.00-9999.00-9999.00 169.86 373.59 89.72 82.24 380.32 75.43 380.38 86.40 73.30 113.26 88.13 72.90 122.41 388.73 72.60 0.00 117.91 86.40 375.98 115.16 75.43 318.33 74.01 80.96 78.66 111.27 129.22 0.00 131.70 91.31
111.80 234.23 81.49 385.88 78.48 83.88 76.19 136.68 280.70 74.61 114.10 391.08 0.00 220.28 82.80 263.40 96.94 90.82 105.18 379.28 251.10 227.10 382.83 380.86 386.10 132.24 76.52 91.53 79.04 74.69-9999.00-9999.00-9999.00-9999.00-9999.00-9999.00-9999.00 -9999.00-9999.00-9999.00-9999.00-9999.00-9999.00 91.31 228.69 80.73 74.12 0.00 72.70 82.24 80.33 72.75 378.37 81.74 115.66 0.00 72.95 80.00 73.00 134.41 72.65 80.58 87.31 73.61 124.84 287.00 81.56 110.85 0.00 114.99 77.73 82.36 74.93
268.07 96.21 381.36 99.16 203.95 84.85 94.78 83.98 372.81 75.15 85.59 379.66 263.13 117.96 80.34 83.28-9999.00-9999.00-9999.00-9999.00-9999.00-9999.00-9999.00-9999.00 -9999.00-9999.00-9999.00-9999.00-9999.00-9999.00-9999.00-9999.00-9999.00 81.74 73.44 0.00 74.63 72.95 146.29 0.00 137.52 111.05 179.05 112.88 75.43 73.37 376.08 191.94 84.52 72.75 154.40 153.40 76.68 88.13 378.31 0.00 376.21 204.92 80.24 83.24 74.49 202.10 73.23 0.00 115.91 0.00 92.17 384.03 111.75 82.36 73.16 378.27 375.30 81.87 86.11 82.59 80.97
130.09 386.02 74.24 81.40 76.22 200.28 83.24 72.95 0.00 141.67 127.21 72.60 378.95 226.08 375.29 111.75 77.18 83.24 84.69 117.52 82.84 85.12 90.85 80.12 78.66 85.75 247.16 87.09 378.44 76.68 94.13 86.40 138.33 185.80 224.25 163.90 73.16 80.45 76.70 0.00 73.81 74.95 378.80 373.95 74.19 90.45 82.00 123.65 112.65 290.10 379.00 0.00 253.09 364.78 135.05 90.82 85.43 81.49 84.82 110.63 94.20
95.14 392.49 82.87 90.85 78.03 171.75 81.56 72.58 323.98 376.15 0.00 88.58 84.33 140.17 74.58 235.97 331.02 83.28 77.29 74.24 114.45 135.54 291.46 0.00 74.41 89.81 133.26 87.17 74.95 377.79 391.95 378.21 376.76 252.61 79.04 334.31 82.34 85.27 74.02 83.14 87.74 81.86 74.02 215.79 75.75 0.00 179.89 76.19 77.73 84.96 378.19 214.65 124.72 74.14 83.34 202.59 85.76 82.87 74.54 139.86 196.20
76.35 155.00 137.07 93.71 82.11 74.02 353.50 382.61 115.07 83.77 75.49 119.64 379.47 0.00 253.90 165.66 122.00 73.80 83.14 76.52 168.64 246.82 82.63 85.11 84.81 378.77 86.49 329.01 81.49 319.28 82.34 371.54 82.80 142.66 380.18 377.91 0.00 0.00 375.25 109.33 192.72 384.76 78.37 95.43 91.37 87.37 89.35 109.10 354.93 84.48 377.76 73.91 88.70 114.28 333.31 254.22 80.34-9999.00-9999.00-9999.00-9999.00-9999.00-9999.00-9999.00-9999.00-9999.00-9999.00 -9999.00-9999.00-9999.00-9999.00-9999.00-9999.00-9999.00-9999.00-9999.00 72.95 114.41 386.87
101.34 356.97 120.37 380.09 166.50 75.22 83.52 95.17 216.50 75.15 73.82 73.85 73.82 83.65 336.53 179.31 76.52-9999.00-9999.00-9999.00-9999.00-9999.00-9999.00-9999.00-9999.00-9999.00-9999.00-9999.00-9999.00-9999.00 -9999.00-9999.00-9999.00-9999.00-9999.00-9999.00-9999.00-9999.00-9999.00 82.87 330.95 369.74 74.24 73.80 378.61 118.69 77.73 379.65 383.51 0.00 337.37 80.53 0.00 73.61 231.17 128.68 95.01 85.67 72.95 0.00 152.52 84.00 83.24 116.94 382.63 135.52 129.50 75.61 72.75 139.46 0.00 73.16 81.48 80.96 158.10 375.73 82.71 389.16 82.71 75.09 380.08 76.68
0.00 277.64 130.05 72.63 85.12 239.38 379.12 74.24 0.00 76.44 83.53 83.10 86.33 72.56 123.54 73.23 126.15 0.00 75.43 73.53 149.72 0.00 135.55 73.80 147.61 74.24 197.11 74.01 82.41 79.99 85.76 86.12 74.47 144.03 85.27 85.27 79.99 0.00 374.14 376.27 0.00 75.26 77.73 388.20 286.28 381.12 196.20 0.00 237.12 84.29 370.98 87.30 98.54 74.41 83.54 76.19 379.63 89.52 82.80 77.73 372.64
377.14 76.70 74.35 342.61 371.77 80.34 381.16 74.69 84.00 86.69 75.05 377.68 378.37 380.70 0.00 376.19 378.84 200.73 135.30 83.91 130.95 76.70 84.81 160.46 87.81 73.85 383.17 74.86 376.56 74.35 74.14 375.25 255.34 84.29-9999.00-9999.00-9999.00-9999.00-9999.00-9999.00-9999.00-9999.00-9999.00-9999.00-9999.00-9999.00-9999.00-9999.00 -9999.00-9999.00-9999.00-9999.00-9999.00-9999.00-9999.00-9999.00-9999.00-9999.00-9999.00-9999.00-9999.00-9999.00-9999.00 351.64 88.13 89.41 95.14 79.73 376.97 84.69 81.93 72.56 0.00 83.29 113.08 117.94 367.71 380.76 111.05 78.66 79.97 73.23 378.35 0.00 75.61 79.99 72.70 222.53 0.00
87.31 78.03 137.38 377.10 377.28 73.05 382.89 76.22 93.55 0.00 72.95 80.63 81.48 82.03 162.39 147.69 99.78 219.96 120.85 346.80 96.07 215.45 380.38 377.75 133.23 84.29 228.82 75.15 78.75 318.45 81.49 184.08 84.00 83.28 393.21 79.66 194.40 92.78 376.59 76.52 77.97 77.50 87.09 74.35 142.62 241.32 204.04 0.00 132.43 86.69 76.88 309.59 214.33 0.00 383.20 375.29 277.42 141.50 76.52 73.80 81.40
88.42 125.21 78.66 379.43 76.68 149.39 73.37 117.99 158.10 393.81 76.68 131.07 0.00 85.68 375.64 83.53 73.53 94.73 376.60 0.00 127.53 80.02 75.39 87.41 213.40 74.01 145.11 134.46 74.77 78.34 127.25 239.18 381.34 90.79 76.70 390.17 185.71 85.38 85.95 376.46 341.09 379.60 0.00 80.34 82.87 89.24 90.12 76.35 87.09 228.55 255.23 83.77 85.38 77.73 376.71 381.02 120.51 84.39 81.91 76.19 114.76
73.90 91.27 378.30 74.24 73.53 257.08 75.25 148.43 90.31 131.77 0.00 262.10 73.16 79.48 311.31 76.92 83.40 76.44 154.52 380.70 122.45 383.86 80.53 378.41 98.81 130.88 76.44 370.88 77.18 0.00 114.82 139.72 82.80 84.82 393.87 398.50 85.95 116.74 83.52 276.81 77.73 379.97 75.26 104.32 87.09 77.29 379.04 398.77 237.56 135.64 74.14 231.82 74.54 134.83 375.86 89.52 78.22 121.28 377.28 82.80 84.29
87.70 77.10 78.37 362.80 224.08 98.81 84.88 87.85 94.73 200.58 102.49 79.00 375.31 376.89 0.00 200.36 209.67 393.87 379.41 146.98 388.85 378.21 378.02 234.60 372.61 89.20 244.66 166.91 307.32 0.00 0.00 84.82 0.00 127.88 211.22 81.49 203.15 74.10 79.04 74.77 373.83 377.08 417.26 386.49 74.02 173.73 379.22 0.00 84.82 377.35 83.77 0.00 375.55 84.85 74.10 73.80 82.79 0.00 0.00 377.77 79.04
0.00 0.00 249.36 97.29 247.37 88.43 92.42 96.13 100.02 79.66 88.45 85.95 79.66 73.93 77.29 127.90 81.09 94.20 88.45 75.37 82.48 167.32 75.49 74.41 112.51 202.07 0.00 377.65 360.93 134.70 84.33 181.38 81.09 75.05 178.23 0.00 198.57 163.07 114.39 81.91 86.49 80.34 119.28 344.10 86.49-9999.00-9999.00-9999.00-9999.00-9999.00-9999.00-9999.00-9999.00-9999.00-9999.00-9999.00-9999.00-9999.00-9999.00-9999.00-9999.00-9999.00-9999.00-9999.00 -9999.00-9999.00-9999.00-9999.00-9999.00-9999.00-9999.00-9999.00-9999.00-9999.00-9999.00-9999.00-9999.00-9999.00-9999.00-9999.00-9999.00-9999.00-9999.00-9999.00-9999.00-9999.00-9999.00 84.35 96.79 152.25 375.53 380.05 79.73 87.85 82.24 73.70 159.79 132.90 281.06 224.70 85.75 346.63
130.39 76.70 363.40 80.34 82.34 90.79 76.03 189.23 81.09 378.46 75.49 83.88 81.33 117.25 377.21 0.00 144.49 73.80 81.72 375.34 73.51 82.71 81.86 90.12 0.00 118.27 214.60 124.48 74.86 368.07 169.00 114.72 92.82-9999.00-9999.00-9999.00-9999.00-9999.00-9999.00-9999.00-9999.00-9999.00-9999.00-9999.00-9999.00-9999.00-9999.00-9999.00-9999.00-9999.00-9999.00-9999.00-9999.00 -9999.00-9999.00-9999.00-9999.00-9999.00-9999.00-9999.00-9999.00-9999.00-9999.00-9999.00-9999.00-9999.00-9999.00-9999.00-9999.00-9999.00-9999.00 104.60-9999.00 88.73 82.36 279.24 76.44 74.63 384.54 389.95 91.27 76.44 376.15 0.00 378.35 90.46 74.12 76.92 117.00 363.57 0.00 379.02 375.72 90.31 99.06 315.29 306.66 377.72 82.87
79.99 378.59 382.47 347.10 0.00 0.00 383.52 377.27 295.58 86.69 90.56 218.53 378.44 167.21 117.14 265.46 76.70 85.27 0.00 81.60 259.97 204.18 81.09-9999.00-9999.00-9999.00-9999.00-9999.00-9999.00-9999.00-9999.00-9999.00-9999.00-9999.00-9999.00-9999.00-9999.00-9999.00-9999.00-9999.00-9999.00-9999.00-9999.00-9999.00-9999.00-9999.00-9999.00 -9999.00-9999.00-9999.00-9999.00-9999.00-9999.00-9999.00-9999.00-9999.00-9999.00-9999.00-9999.00-9999.00-9999.00-9999.00-9999.00-9999.00 86.11 88.13 78.34 387.84 384.36 87.09 388.92 385.66 387.60 94.73 95.64 87.85 165.12 90.08 73.70 386.26 130.96 89.72 82.87 0.00 377.14 0.00 236.69 374.99 376.53 281.49 281.50 375.70 115.61 375.20 144.60 375.01 375.80 108.91 93.55 379.35 93.55
242.47 381.64 241.12 0.00 0.00 378.75 310.26 127.57 262.17 219.44 318.79 356.09 0.00 215.25 329.05 87.86 90.22 97.82 83.62 84.68 375.13 87.09 88.58 375.26 375.52 191.08 101.54 382.79 154.95 200.91 174.87 127.57 381.27 264.57 372.70 375.35 0.00 326.53 326.53 378.20 380.40 326.55 376.22 310.11 377.03 0.00 0.00 376.03 378.22 383.50 375.88 375.42 85.68 227.32 82.87 90.46 82.36 377.31 81.87 87.31 73.16
113.88 172.32 377.18 301.78 149.88 132.76 76.70 84.82 74.47 84.39 113.21 135.89 127.00 87.35 373.63 75.15 136.78 139.11-9999.00-9999.00-9999.00-9999.00-9999.00-9999.00-9999.00-9999.00-9999.00-9999.00-9999.00-9999.00-9999.00-9999.00-9999.00-9999.00-9999.00-9999.00-9999.00-9999.00-9999.00 -9999.00-9999.00-9999.00-9999.00-9999.00-9999.00-9999.00-9999.00-9999.00-9999.00-9999.00-9999.00-9999.00-9999.00-9999.00-9999.00-9999.00-9999.00-9999.00-9999.00-9999.00-9999.00-9999.00-9999.00-9999.00-9999.00-9999.00-9999.00-9999.00-9999.00 75.81 379.48 379.35 87.81 377.87 101.61 364.56 375.87 354.36 377.19 377.20 376.55 376.58 0.00 264.57 0.00 326.53 377.35 180.27 0.00 415.37 413.12 384.41 388.95 388.74 387.60 75.05 91.78 78.16 84.16 90.26 81.26 84.73 81.69 114.44 188.17 224.76 110.06 109.24 375.77 173.51 173.51
314.71 149.50 119.09 149.34 330.38 92.74 85.85 261.68 265.71 82.14 77.89 76.51 129.74 82.14 80.45 74.58 376.45 114.75 347.74 87.94 94.66 93.62 379.72 96.30 379.12 76.51 86.71 75.62 89.30 384.02 95.84 379.15 85.95 383.21 78.17-9999.00-9999.00-9999.00-9999.00-9999.00-9999.00-9999.00-9999.00-9999.00-9999.00-9999.00-9999.00-9999.00-9999.00-9999.00-9999.00-9999.00-9999.00-9999.00-9999.00-9999.00-9999.00 -9999.00-9999.00-9999.00-9999.00-9999.00-9999.00-9999.00-9999.00-9999.00-9999.00-9999.00-9999.00-9999.00-9999.00-9999.00-9999.00-9999.00-9999.00-9999.00-9999.00-9999.00-9999.00-9999.00-9999.00-9999.00-9999.00-9999.00-9999.00-9999.00-9999.00-9999.00-9999.00-9999.00 251.96 233.95 189.73 358.81 376.93 377.31 376.72 375.66 376.65 377.31 375.00 375.00 352.07 375.30 0.00 324.59 378.89 329.43 375.86 376.97 256.09 379.28 381.53 377.31 329.43
79.05 91.78 90.18 128.71-9999.00-9999.00-9999.00-9999.00-9999.00-9999.00-9999.00-9999.00-9999.00-9999.00-9999.00-9999.00-9999.00-9999.00-9999.00-9999.00-9999.00-9999.00-9999.00-9999.00-9999.00-9999.00 -9999.00-9999.00-9999.00-9999.00-9999.00-9999.00-9999.00-9999.00-9999.00-9999.00-9999.00-9999.00-9999.00-9999.00-9999.00-9999.00-9999.00-9999.00-9999.00-9999.00-9999.00-9999.00-9999.00-9999.00-9999.00-9999.00-9999.00-9999.00-9999.00-9999.00-9999.00-9999.00-9999.00-9999.00-9999.00-9999.00-9999.00-9999.00-9999.00-9999.00-9999.00-9999.00-9999.00-9999.00-9999.00 375.28 373.96 375.12 0.00 295.38 375.34 324.57 375.83 224.76 0.00 376.21 375.00 295.38 375.34 329.43 295.38 377.10 375.00 0.00 286.15 316.63 375.64 377.97 251.09 380.28 321.76 375.97 229.42 387.88 375.19 375.05 298.67 382.66 256.09 0.00 0.00 0.00 379.16 229.42 276.10 0.00 375.31 372.69 375.09 286.17 192.06 0.00 0.00 0.00 0.00 0.00 0.00 0.00 120.91 83.10 80.96
97.99 376.85 279.24 80.45 379.99 141.43 76.51 384.21 161.11 80.08 378.47 378.65 248.31 83.10 84.63 385.34 91.05 198.84 380.50 364.70 79.48-9999.00-9999.00-9999.00-9999.00-9999.00-9999.00-9999.00-9999.00-9999.00-9999.00-9999.00-9999.00-9999.00-9999.00-9999.00-9999.00-9999.00-9999.00 -9999.00-9999.00-9999.00-9999.00-9999.00-9999.00-9999.00-9999.00-9999.00-9999.00-9999.00-9999.00-9999.00-9999.00-9999.00-9999.00-9999.00-9999.00-9999.00-9999.00-9999.00-9999.00-9999.00-9999.00-9999.00-9999.00-9999.00-9999.00-9999.00-9999.00-9999.00-9999.00-9999.00-9999.00-9999.00-9999.00-9999.00-9999.00-9999.00-9999.00-9999.00-9999.00-9999.00-9999.00-9999.00-9999.00-9999.00-9999.00-9999.00-9999.00-9999.00 270.95 251.09 0.00 295.38 375.66 324.57 378.11 361.51 229.42 0.00 256.09 380.88 329.53 0.00 376.21 375.24 0.00 295.38 0.00 375.00 295.38 295.38 375.47 329.43 375.31 295.38 0.00 295.38 375.00 324.59 0.00 251.09 373.96 378.17 377.28 376.97 383.86 376.69 216.36
