蒙特卡罗+CDRMV3/输出数据/2D水深分布/WaterDepthGIS_0137.ASC
ncols         539            
nrows         744            
xllcorner     602630.84259341
yllcorner     3914823.670891 
cellsize      50             
NODATA_value  -9999.00       
[rows 0 to 26 of 32, columns 366 to 426 of 539]
163.48 207.60 165.98 98.20-9999.00-9999.00-9999.00-9999.00-9999.00-9999.00-9999.00-9999.00-9999.00-9999.00-9999.00-9999.00-9999.00-9999.00-9999.00-9999.00-9999.00-9999.00-9999.00-9999.00-9999.00-9999.00-9999.00-9999.00-9999.00-9999.00-9999.00-9999.00-9999.00-9999.00-9999.00-9999.00-9999.00-9999.00-9999.00-9999.00-9999.00-9999.00-9999.00-9999.00-9999.00-9999.00-9999.00-9999.00-9999.00-9999.00-9999.00-9999.00-9999.00-9999.00-9999.00-9999.00-9999.00-9999.00-9999.00-9999.00-9999.00 103.98 91.71 100.37-9999.00-9999.00-9999.00-9999.00-9999.00-9999.00-9999.00-9999.00-9999.00-9999.00-9999.00-9999.00-9999.00-9999.00-9999.00-9999.00-9999.00-9999.00-9999.00-9999.00-9999.00-9999.00-9999.00-9999.00-9999.00-9999.00 82.53 375.45 96.29 377.55 124.17 90.54 82.30 90.76 82.83 125.84 149.64 377.88 378.23 382.64 386.19 385.11 87.89 0.00 128.95 91.77 378.72 149.33 86.22 82.91 327.70 86.22-9999.00-9999.00-9999.00-9999.00-9999.00-9999.00-9999.00-9999.00-9999.00-9999.00 -9999.00-9999.00-9999.00-9999.00-9999.00-9999.00-9999.00-9999.00-9999.00-9999.00-9999.00-9999.00-9999.00-9999.00 89.78 93.88 91.50 95.22 296.61 0.00 0.00 124.19 92.03-9999.00-9999.00-9999.00-9999.00-9999.00-9999.00-9999.00-9999.00-9999.00-9999.00-9999.00-9999.00-9999.00-9999.00-9999.00-9999.00-9999.00-9999.00-9999.00-9999.00-9999.00-9999.00-9999.00-9999.00-9999.00-9999.00-9999.00-9999.00-9999.00-9999.00-9999.00-9999.00-9999.00-9999.00-9999.00-9999.00-9999.00-9999.00-9999.00-9999.00-9999.00-9999.00-9999.00-9999.00-9999.00-9999.00-9999.00-9999.00-9999.00-9999.00-9999.00-9999.00-9999.00-9999.00-9999.00-9999.00-9999.00 102.25 379.27 86.73-9999.00-9999.00-9999.00-9999.00-9999.00-9999.00-9999.00-9999.00-9999.00-9999.00-9999.00-9999.00-9999.00-9999.00-9999.00-9999.00-9999.00-9999.00-9999.00-9999.00-9999.00-9999.00-9999.00-9999.00-9999.00-9999.00 92.07 257.51 93.06 377.50 281.79 82.21 319.95 83.80 96.55 82.41 124.85 376.79 375.60 384.19 88.53
320.75 163.60 90.89 94.72 88.53 88.53 135.94 0.00 92.69 93.77 0.00 379.10 317.81 370.38 187.28 100.97 146.38 97.70-9999.00-9999.00-9999.00 -9999.00-9999.00-9999.00-9999.00-9999.00-9999.00-9999.00-9999.00-9999.00-9999.00-9999.00-9999.00-9999.00-9999.00 82.17 141.30 345.23 84.40 84.82 0.00 146.33 82.26 95.22 92.79 101.55 113.98-9999.00-9999.00-9999.00-9999.00-9999.00-9999.00-9999.00-9999.00-9999.00-9999.00-9999.00-9999.00-9999.00-9999.00-9999.00-9999.00-9999.00-9999.00-9999.00-9999.00-9999.00-9999.00-9999.00-9999.00-9999.00-9999.00-9999.00-9999.00-9999.00-9999.00-9999.00-9999.00-9999.00-9999.00-9999.00-9999.00-9999.00 96.04 84.75 372.74 99.33 88.20 89.24 375.78-9999.00 93.06 124.19 134.56 85.75 354.01 327.85 0.00 98.83 302.60 92.69 377.53 90.82 86.73 89.24 377.34 85.12-9999.00-9999.00 90.24 90.76 83.42 350.05 321.32 140.86 122.95
98.66 99.67 128.76 359.24 383.93 382.96 329.29 138.53 87.58 87.89 147.19 203.88 85.12 164.56 382.49 0.00 91.71 168.25 100.37 82.47 214.84 82.53 83.80 382.04 84.75 375.73 123.05 95.80 82.47 122.24 376.92 377.29 82.83 92.41 102.43 82.00 317.59 378.40 83.20 83.31 390.65 384.66 0.00 0.00 0.00 133.12 82.91 156.44 81.93 82.13 82.53 91.97 86.22 82.25 82.75 82.21 90.11 84.09 82.60 0.00 147.82
84.40 268.43 379.49 89.61 209.69 83.54 276.50 82.21 126.49 87.29 185.51 366.92 370.99 83.80 90.89 89.24 0.00 0.00 104.06 104.46 93.77 96.05 113.04 97.40 285.60 98.01 86.47-9999.00-9999.00-9999.00-9999.00-9999.00-9999.00-9999.00-9999.00 -9999.00-9999.00-9999.00-9999.00-9999.00-9999.00-9999.00-9999.00-9999.00-9999.00-9999.00-9999.00 98.59 280.83 182.59 81.64 120.67 83.36 81.84 0.00 83.21 122.87 85.04 0.00 100.40 304.20 402.98 82.69 381.01 88.58 86.30 93.13 94.30 107.03 101.16 88.21 208.53 268.69 110.60 99.51 95.22 94.08 147.06 384.95 85.75
90.46 82.46 125.83 0.00 318.50 140.30 82.36 95.74 83.07 91.04 95.74 86.89 87.20 212.33 100.43 379.76 90.46 375.49 93.68 82.94 380.03 171.57 86.89 96.59 97.70 328.56 86.30 353.79 0.00 360.25 88.88 216.76 109.58 117.02 82.75 376.94 376.08 98.33 82.25 142.61 0.00 82.67 92.92 144.14 0.00 130.60 262.96 87.29 83.20 377.82 94.35 84.57 142.15 93.82 90.05 376.97 0.00 82.30 93.98 136.47 120.94
90.06 90.64 356.15 135.03 90.68 81.44 365.42 380.15 82.17 380.40 84.40 81.40 0.00 133.46 374.00 378.08 85.04 81.64 89.67 92.47 81.77 0.00 147.17 83.21 274.92 84.40 83.42 376.72 102.09 84.93 126.73 379.89 387.53 0.00 86.73 92.18 89.96 84.24 0.00 121.12 92.19 83.94 378.73 86.22 83.20 122.92 380.54 380.97 84.24 0.00 97.70 91.09 86.47 138.82 84.40 0.00 149.03 140.36 83.31 82.53 91.97
369.57 94.74 377.16 302.18 169.29 82.81 122.84 90.94 81.44 120.19 0.00 199.71 88.96 93.13 95.74 129.68 93.31 377.57 100.02 92.03 0.00 154.22 81.29 92.32 108.05 101.16 334.84 101.55 94.60 82.91 187.02 376.07 84.40 85.32 148.18 82.04 0.00 148.91 82.35 89.86 123.41 251.18 378.00 134.87 84.75 83.54 137.68 90.49 94.52 0.00 95.34 91.32 97.11 123.97 0.00 94.98 381.63 376.51 354.77 124.65 83.31
90.94 81.99 379.08 91.50 128.23 0.00 81.77 81.16 82.17 229.24 381.37 84.40 139.94 90.29 85.52 0.00 88.58 383.38 81.71 84.21 81.71 89.79 97.20 87.86 93.88 81.64 125.12 375.66 225.47 91.97 147.00 87.00 126.00 0.00 81.98 317.88 296.20 82.91 94.16 98.99 90.44 143.38 84.09 131.38 150.16 0.00 82.30 102.25 0.00 82.04 90.59 82.83 83.31 240.98 82.60 88.20 368.08 83.80 124.65 356.15 368.13
232.28 83.68 93.88 82.08 153.26 252.19 369.93 377.09 377.59 377.98 377.70 0.00 158.59 85.12 191.69 96.04 90.82 383.00 89.61 82.02 122.38 329.65 378.21 338.72 0.00 365.66 125.04 86.47 95.80 334.29 377.91 94.98 90.82 148.80 281.39 382.89 156.76 385.58 83.10 85.32 82.30 0.00 376.71 376.61 127.39 82.35 82.17 251.29 376.86 91.77 83.42 375.92 0.00 157.85 121.81 88.88 90.27 82.53 0.00 129.72 83.67
107.36 98.66 262.95 194.04 190.45 83.10 94.52 88.20 109.68 255.94 90.70 83.80 82.25 378.47 92.69 0.00 377.72 88.88 90.00 379.52 0.00 371.20 98.01 91.17 92.66 127.30 90.05 88.20 139.78 139.89 83.67 376.00 84.75 130.58 353.33 150.60 95.65 0.00 0.00 85.98 259.97 94.92 90.14 84.57 0.00 0.00 380.75 202.28 379.57 375.45 373.85 334.24 311.35 133.80 83.80 377.79 83.10 96.55 83.42 378.67 86.22
130.83 92.53 93.06 96.29 92.79 93.82 88.20 96.37 88.20 138.30 366.25 218.99 245.05 0.00 0.00 123.55 376.89 334.43 381.26 378.97 258.06 0.00 101.43 0.00 90.82 87.58 136.01 124.74 92.18 210.71 375.24 184.07 142.19 95.65-9999.00-9999.00-9999.00-9999.00-9999.00-9999.00-9999.00-9999.00-9999.00 -9999.00-9999.00-9999.00-9999.00-9999.00-9999.00-9999.00-9999.00-9999.00-9999.00 81.84 268.34 0.00 82.46 89.17 86.30 89.51 83.36 0.00 121.49 92.47 83.36 137.50 90.64 83.51 0.00 81.48 331.65 129.64 87.20 87.52 383.95 138.12 87.20 96.89 256.20
114.80-9999.00-9999.00-9999.00-9999.00-9999.00-9999.00-9999.00-9999.00-9999.00-9999.00 -9999.00-9999.00-9999.00-9999.00-9999.00-9999.00-9999.00-9999.00-9999.00 82.81 122.18 404.81 0.00 83.36 83.51 0.00 86.30 91.38 84.40 130.33 127.00 81.59 121.82 373.21 0.00 187.94 93.32 94.52 82.94 264.95 386.86 82.26 86.89 93.49 168.19 381.08 85.27 82.57 120.48 376.28 0.00 180.05 151.24 85.52 82.26 376.09 82.94 82.46 382.55 82.57 378.92 81.19 133.54 81.19 0.00 141.82 81.13 94.08 95.22 89.85 90.68 269.54 324.12 94.30 87.58 158.85 375.50 0.00
365.64 81.99 81.38 120.36 0.00 99.65 158.90 159.66 99.65 142.02 89.92 81.32 385.86 0.00 0.00 378.63 174.00 84.75 376.49 269.89 94.10 84.09 157.27 219.89 336.70 0.00 85.54 83.00 385.60 264.86 376.07 351.48 221.85 378.39 84.40 92.18 91.71 0.00 0.00 0.00 0.00 0.00 0.00 0.00 100.59 289.56 87.58 383.74 196.32 98.33 91.25 380.12 379.50 0.00 91.25 297.45 377.89 377.27 392.34 304.58 376.73
140.78 374.93 383.08 85.54 84.93 85.98 123.82 354.50 384.83 0.00 229.50 376.87 160.40 377.79 285.05 375.77 374.15 208.34 93.45 137.50 239.43 124.45 0.00 89.24 357.46 151.41 85.75 378.61 171.90 86.47-9999.00-9999.00-9999.00-9999.00-9999.00-9999.00-9999.00-9999.00-9999.00-9999.00-9999.00-9999.00-9999.00-9999.00 -9999.00-9999.00-9999.00-9999.00-9999.00-9999.00-9999.00-9999.00-9999.00-9999.00-9999.00 98.55 92.74 97.52 89.36 378.85 87.86 377.92 86.89 88.82 90.37 241.15 380.96 0.00 0.00 0.00 86.59 82.69 131.51 0.00 0.00 0.00 85.27 0.00 96.05 138.75 337.06 90.21 81.19 299.39 0.00
100.40 180.51 86.89 377.92 83.07 91.50 81.21 135.71 314.87 124.55 87.20 0.00 339.87 81.23 97.52 103.58 92.47 95.22 88.58 378.75 81.29 162.15 377.00 210.76 0.00 0.00 0.00 378.65 327.39 380.24 97.97 376.26 385.74 384.40 159.97 93.77 98.99 87.58 92.66 85.12 87.00 377.90 85.12 81.96 82.83 144.76 375.99 97.97 88.20 86.47 175.39 101.43 93.77 147.77 246.71 380.21 136.85 96.04 117.02 94.16 93.06
378.70 379.80 380.22 88.96 0.00 83.21 215.72 81.32 82.57 144.56 373.49 82.69 163.11 237.43 147.60 126.51 84.21 0.00 152.17 83.36 85.77 0.00 0.00 82.69 91.38 358.35 83.68 101.55 91.89 86.30 92.62 89.79 91.04 82.46 378.20 0.00 390.96 349.19 83.21 88.21 220.59 92.62 93.94 220.98 419.84 0.00 89.36 376.27 129.40 145.13 93.31 377.25 81.99 82.36 99.33 92.41 88.53 88.20 98.33 88.88 84.57
376.85 377.25 375.70 231.36 125.03-9999.00-9999.00-9999.00-9999.00-9999.00-9999.00-9999.00-9999.00-9999.00-9999.00-9999.00-9999.00-9999.00-9999.00-9999.00-9999.00-9999.00-9999.00-9999.00-9999.00 -9999.00-9999.00-9999.00-9999.00-9999.00-9999.00-9999.00-9999.00-9999.00-9999.00-9999.00-9999.00-9999.00-9999.00-9999.00-9999.00-9999.00-9999.00-9999.00 105.92 91.66 101.16 91.15 143.81 87.20 386.31 346.46 378.90 86.03 81.48 247.96 375.39 378.83 122.71 125.53 88.94 167.70 382.07 0.00 376.58 126.18 221.06 88.21 81.84 82.57 384.74 412.30 285.49 93.94 91.89 92.74 91.38 161.11 90.94 95.48 89.99 81.53 251.60 105.92 0.00 97.70 0.00 279.59 100.43 376.64 251.72 119.47 148.65 375.22 380.30 92.74 93.88 96.01 96.29
95.74 88.96 329.50 110.60 377.68 85.04 392.82 376.63 376.89 382.71 82.81 81.92 88.80 88.82 131.78 142.86 0.00 146.39 136.87 99.28 86.59 100.43 0.00 90.22 81.36 98.55 86.59 376.10 295.25 339.77 89.36 379.87 125.17 134.71 373.37 339.68 328.29 377.93 150.27 0.00 383.11 380.56 215.07 145.50 83.51 82.17 276.85 84.61 94.74 87.86 379.51 171.89 0.00 101.35 377.72 151.26 97.70 0.00 142.10 89.78 95.30
208.11 378.92 376.06 93.94 0.00 89.36 85.27 188.34 94.60 379.33 375.98 91.66 209.47 194.89 103.26 101.35 103.26 172.49 138.59 191.10 138.59 321.20 107.93 91.16 190.36 94.97 210.62 231.76 101.16 84.02 87.86 84.82 96.85 400.17 294.91 378.51 381.09 85.27 386.70 92.74 0.00 389.21 248.97 387.81 215.07 187.49 234.28 382.17 170.56 0.00 0.00 375.98 117.68 91.25 87.00 376.32 92.69 95.80 82.91 381.09 84.93
100.43 103.26 0.00 205.12 124.26 380.73 375.97 377.87 393.87 383.21 96.85 100.40 103.65 110.60 91.66 377.66 101.94 95.22 87.86 99.51 377.62 0.00 229.51 378.30 93.94 269.99 265.37 375.17 357.67 376.29 258.84 92.30 129.10 183.60 358.16 101.74 85.54 128.25 352.39 86.47 85.12 376.76 359.44 123.16 93.21 91.24 84.57 83.67 373.90 379.90 83.00 132.64 378.31 0.00 378.00 207.68 134.34 96.83 91.02 92.41 91.25
246.91 103.25 90.64 97.52 90.22 93.94 380.00 349.11 93.94 100.02 83.36 134.80 366.45 378.78 380.28 0.00 274.89 308.02 376.78 225.01 326.38 392.44 358.05 377.01 157.74 138.59 369.88 0.00 227.57 99.51 312.24 85.75 339.01 83.80 89.61 96.29 83.94 141.82 337.94 381.02 85.12 380.71 84.09 0.00 378.04 139.07 383.79 83.20 154.40 182.61 354.13 83.10 369.30 83.20 103.15 0.00 361.10 125.01 85.98 101.40 96.04
369.63 212.55 382.71 260.68 0.00 248.97 212.55 208.48 375.89 0.00 326.78 373.14 0.00 157.74 123.57 106.70 377.45 231.61 118.34 298.33 378.39 83.94 84.57 376.70 89.24 376.39 87.58 369.49 0.00 89.61 101.40 94.10 81.99 89.75 93.32 216.87 91.17 85.54 338.52 138.70 84.75 96.83 135.22 382.92 144.50 83.10 94.34 93.98-9999.00-9999.00-9999.00-9999.00-9999.00-9999.00-9999.00-9999.00-9999.00-9999.00-9999.00-9999.00-9999.00-9999.00-9999.00-9999.00-9999.00-9999.00-9999.00-9999.00-9999.00-9999.00-9999.00-9999.00 -9999.00-9999.00-9999.00-9999.00-9999.00-9999.00-9999.00-9999.00-9999.00-9999.00-9999.00-9999.00-9999.00-9999.00-9999.00-9999.00-9999.00-9999.00-9999.00-9999.00-9999.00 94.98 91.15 88.21 101.35 181.08 378.06 377.05 383.01 387.77 383.11 419.12 106.15
91.50 83.21 86.03 87.86 348.90 340.21 377.24 377.27 378.06 343.47 336.08 0.00 377.56 376.14 378.57 368.57 137.20 117.74 0.00 376.17 378.07 191.16 212.60 190.79 116.40 95.54 86.30 88.58 101.21 370.09 299.21 376.21 375.64 378.66 174.01 231.47 321.18 265.37 376.03 373.84 310.21 340.09 0.00 329.34 0.00 383.05 329.34 383.17 386.30 0.00 376.45 287.98 326.78 378.42 375.36 376.48 310.96 92.90 288.22 100.03 85.67
374.60 159.65 141.52 83.03 82.17 90.03 92.83 90.72 83.12 91.47 86.35 128.25 144.76 285.68 160.73 146.31 366.46 86.73 98.99 375.41 106.73 382.04 128.76 92.69-9999.00-9999.00-9999.00-9999.00-9999.00-9999.00-9999.00-9999.00-9999.00-9999.00-9999.00-9999.00-9999.00-9999.00-9999.00-9999.00-9999.00-9999.00-9999.00-9999.00-9999.00 -9999.00-9999.00-9999.00-9999.00-9999.00-9999.00-9999.00-9999.00-9999.00-9999.00-9999.00-9999.00-9999.00-9999.00-9999.00-9999.00-9999.00-9999.00-9999.00-9999.00-9999.00-9999.00-9999.00-9999.00-9999.00-9999.00-9999.00-9999.00-9999.00-9999.00-9999.00-9999.00-9999.00 104.47 250.63 377.78 205.12 381.96 381.32 376.50 376.89 375.60 213.99 375.29 297.93 0.00 327.45 0.00 375.19 375.19 109.00 104.51 128.41 113.95 95.88 107.06 122.62 148.63 104.51 382.77 376.72 158.22 94.56 362.64 95.20 376.39 366.88 100.29 134.45
376.43 384.79 376.68 381.46 85.08 87.40 381.06 383.30 403.99 380.32 82.22 91.55 109.27 101.21 83.40 91.40 387.78 95.20 232.14 88.64 377.87 263.50 420.33 97.39 0.00 0.00 385.00 101.06 164.32-9999.00-9999.00-9999.00-9999.00-9999.00-9999.00-9999.00-9999.00-9999.00-9999.00-9999.00-9999.00-9999.00-9999.00-9999.00-9999.00-9999.00-9999.00-9999.00-9999.00-9999.00-9999.00-9999.00 -9999.00-9999.00-9999.00-9999.00-9999.00-9999.00-9999.00-9999.00-9999.00-9999.00-9999.00-9999.00-9999.00-9999.00-9999.00-9999.00-9999.00-9999.00-9999.00-9999.00-9999.00-9999.00-9999.00-9999.00-9999.00-9999.00-9999.00-9999.00-9999.00-9999.00-9999.00-9999.00-9999.00-9999.00-9999.00-9999.00-9999.00 291.94 369.86 375.01 375.40 374.27 353.10 375.27 375.27 375.15 0.00 297.93 335.56 294.46 0.00 361.96 297.94 377.56 375.06 297.94 297.93 297.94 377.61 377.11 297.94 375.97 0.00 356.42 106.84 106.84 119.21 382.71
0.00 297.93 297.93 297.93 379.61 0.00 361.29 375.01 297.93 0.00 0.00 0.00 0.00 375.01 297.93 375.01 297.93 320.98 0.00 0.00 375.84 378.07 185.84 375.51 284.41 375.32 370.19 145.21 375.18 319.39 173.74 377.99 178.31 84.90 182.74 82.32 157.54 150.01 92.24 104.69 263.47 375.42 377.15 108.38 376.80 191.11 102.07 90.95 372.84 377.11 92.35 383.65 86.85 203.03 83.12 376.81 88.99 377.16 95.25 377.89 93.85
301.25 0.00 375.01 0.00 375.76 297.93 0.00 297.93 375.52 375.18 297.94 297.93 376.82 375.01 331.46 375.01 0.00 0.00 297.94 297.94 0.00 378.04 375.55 231.80 375.42 299.50 137.29 159.27 375.45 107.94 375.30 375.36 377.79 88.31 86.35 379.43 313.57 146.76 85.89 0.00 90.53 148.69 90.95 186.28 86.35 84.12 415.52 104.15 380.12 90.53 96.60 0.00 389.46 162.54 90.95 103.76 92.35 187.31 107.60 86.00 0.00
