蒙特卡罗+CDRMV3/输出数据/2D水深分布/WaterDepthGIS_0166.ASC
ncols         539            
nrows         744            
xllcorner     602630.84259341
yllcorner     3914823.670891 
cellsize      50             
NODATA_value  -9999.00       
[rows 0 to 26 of 32, columns 305 to 365 of 539]
85.39 76.90 79.21 78.40 71.49 126.95 71.81 71.03 126.27 76.00 0.00 74.56 78.63 171.93 116.91 196.53 163.44 72.33-9999.00-9999.00-9999.00-9999.00-9999.00-9999.00-9999.00-9999.00-9999.00-9999.00-9999.00-9999.00 -9999.00-9999.00-9999.00-9999.00-9999.00-9999.00-9999.00-9999.00-9999.00-9999.00-9999.00-9999.00 83.73 71.41 248.94 82.41 134.79 0.00 75.06 357.41 86.30 147.37 97.32-9999.00-9999.00-9999.00-9999.00-9999.00-9999.00-9999.00-9999.00-9999.00-9999.00-9999.00-9999.00-9999.00-9999.00-9999.00-9999.00-9999.00-9999.00-9999.00-9999.00-9999.00-9999.00-9999.00-9999.00-9999.00-9999.00-9999.00-9999.00-9999.00-9999.00-9999.00-9999.00-9999.00-9999.00-9999.00-9999.00-9999.00-9999.00-9999.00-9999.00-9999.00-9999.00-9999.00-9999.00-9999.00-9999.00-9999.00-9999.00-9999.00-9999.00-9999.00-9999.00-9999.00-9999.00-9999.00-9999.00-9999.00-9999.00-9999.00-9999.00-9999.00-9999.00-9999.00-9999.00-9999.00-9999.00-9999.00-9999.00-9999.00-9999.00-9999.00-9999.00-9999.00-9999.00-9999.00-9999.00-9999.00-9999.00-9999.00-9999.00-9999.00-9999.00-9999.00-9999.00-9999.00-9999.00-9999.00 120.88 278.97 155.56 140.18 80.33 78.72 380.04 130.08 215.10 375.53 221.86 121.59 73.18 81.61 73.18 0.00 377.10 158.51 81.45 145.47 377.90 71.39 78.68 73.98-9999.00-9999.00-9999.00-9999.00-9999.00-9999.00-9999.00-9999.00-9999.00-9999.00-9999.00 -9999.00-9999.00-9999.00-9999.00-9999.00-9999.00-9999.00-9999.00-9999.00-9999.00-9999.00-9999.00-9999.00 87.34 113.00 80.00 126.99 119.23 0.00
346.93 323.97 0.00 108.70 170.47 69.97 84.24-9999.00-9999.00-9999.00-9999.00-9999.00-9999.00-9999.00-9999.00-9999.00-9999.00-9999.00-9999.00-9999.00-9999.00-9999.00-9999.00-9999.00-9999.00-9999.00-9999.00-9999.00-9999.00-9999.00-9999.00-9999.00-9999.00-9999.00-9999.00-9999.00-9999.00-9999.00-9999.00-9999.00-9999.00-9999.00-9999.00-9999.00-9999.00-9999.00-9999.00 97.56 379.57 80.55 267.27 98.98-9999.00-9999.00 78.32 75.00 81.91 75.23 74.36 375.66 420.90 75.73 91.70 72.33 180.05 75.23 82.58 73.18 81.45-9999.00-9999.00-9999.00 73.18 157.81 71.55 136.07 72.05 74.77 71.13 382.19 80.06 0.00 0.00 0.00 75.73 71.96 372.57 376.70 142.85 72.66 72.54 86.13 365.85 379.51 129.66 122.72 71.39 71.49 76.58 0.00 74.77 80.02 150.31 74.56 376.28 162.47
136.31 71.39 71.04 79.21 73.98 0.00 118.76 71.49 71.67 378.33 0.00 83.40 90.44 0.00 366.10 83.40 87.89 93.94 78.32 142.53 74.77 79.14 154.67-9999.00-9999.00-9999.00-9999.00-9999.00-9999.00 -9999.00-9999.00-9999.00-9999.00-9999.00-9999.00-9999.00-9999.00-9999.00-9999.00-9999.00 70.95 122.31 80.46 70.85 378.71 378.31 0.00 263.82 108.51 140.56 70.57 77.54 74.49 380.16 120.15 377.45 72.48 378.05 87.72 74.22 169.10-9999.00-9999.00-9999.00-9999.00-9999.00-9999.00-9999.00 82.12 75.00 86.40 76.58 86.13 74.77 77.57-9999.00-9999.00-9999.00-9999.00-9999.00-9999.00 76.00 170.50 92.81 84.18 302.73 364.83 81.61 82.41 186.02
79.14 376.37 74.16 115.22 377.04 81.61 385.35 111.28 81.45 352.74 73.04 143.78 377.26 76.00 0.00 75.23 80.79 95.54 384.01 85.87 80.12 128.70 83.34 377.65 80.66 76.90 0.00 147.38 71.61 89.38 124.37 299.68 72.33 0.00 86.13 82.23 171.97 71.03 87.26 79.28 71.67 367.88 247.59 73.64 222.08 71.61 73.80 73.48 85.87 149.60 73.80 208.65 72.14 113.75 125.19 80.91 72.91 112.75 198.11 85.39 0.00
201.37 72.23 80.55 337.69 282.35 71.23 73.04 71.96 376.01 78.32 73.98 79.28 71.01 381.23 88.95 71.39 355.95 204.44 386.57 82.18 89.77 399.17 71.81 82.07 378.55 72.91 300.58 72.54 71.89 379.10 77.93 79.75 80.91 71.01 139.01 225.32 376.14 376.35 78.32 387.74 380.75 0.00 77.93 86.68 354.81 73.32 136.98 207.86 378.51 308.04 118.45-9999.00-9999.00-9999.00-9999.00-9999.00-9999.00-9999.00-9999.00-9999.00-9999.00 -9999.00-9999.00-9999.00-9999.00-9999.00-9999.00-9999.00-9999.00 375.54 88.99 72.14 84.51 375.55 376.73 73.96 78.03 90.48
371.04 0.00 109.74 79.59 73.32 382.11 90.44 241.75 161.04 79.93 113.98 86.68 188.99 81.31 79.93 79.28 71.22 133.89 166.70 379.55 379.16 380.14 379.54 0.00 0.00 0.00 0.00 91.62 356.11 104.92 0.00 88.44 265.10 80.06 89.35 103.82 332.68 78.72 355.87 76.90-9999.00-9999.00-9999.00-9999.00-9999.00-9999.00-9999.00-9999.00-9999.00 -9999.00-9999.00 79.59 73.72 77.18 87.72 254.99 362.25 72.30 79.09 78.03 379.34 108.66 76.40 120.92 301.98 77.48 76.95 69.74 112.11 0.00 74.49
112.39 71.10 208.86 0.00 348.84 182.88 133.82 71.81 77.22 377.58 71.74 78.86 71.05 149.66 211.16 81.04 79.42 127.18 79.42 125.59 72.78 116.76 71.35 128.08 71.08 129.58 0.00 101.23 141.89 379.11 375.15 353.93 100.95 355.19 97.56 378.01 72.43 92.58 71.96 84.41 378.98 394.64 72.91 89.77-9999.00-9999.00-9999.00-9999.00-9999.00-9999.00 -9999.00-9999.00-9999.00-9999.00-9999.00 82.41 141.51 224.40 386.54 377.84 71.98 128.40 375.86 251.47 79.33 74.49 76.40 379.26 71.06 0.00 70.75
72.54 0.00 115.16 154.35 71.39 80.55 71.17 379.75 112.87 73.80 123.53 71.17 108.31 384.21 90.44 175.44 71.89 79.42 72.05 108.91 377.20 75.00 0.00 0.00 220.76 82.18 377.70 376.50 220.48 109.87 90.26 110.03 95.81 94.31 91.95 83.25 378.27 377.64 319.39 152.08 76.58-9999.00-9999.00-9999.00-9999.00-9999.00-9999.00-9999.00 -9999.00-9999.00-9999.00-9999.00-9999.00-9999.00-9999.00 76.78 118.23 142.46 0.00 111.36 76.98 69.56 140.17 69.60 293.75 0.00 132.68 351.76 171.28 143.70 72.30 176.48 368.84 82.41
130.44 77.93 71.04 129.20 299.20 80.55 0.00 92.91 378.51 378.60 376.33 297.95 154.19 183.04 82.90 345.93 85.11 82.23 71.55 147.20 201.42 76.28-9999.00-9999.00-9999.00-9999.00-9999.00-9999.00-9999.00-9999.00-9999.00 -9999.00-9999.00-9999.00-9999.00-9999.00-9999.00-9999.00-9999.00-9999.00 71.06 134.63 0.00 83.73 77.09 72.48 0.00 109.21 69.60 79.33 79.21 71.98 70.85 393.02 124.44 83.76 70.41 105.91 370.49 115.74 71.06 0.00 109.95 70.75 364.37 145.29 70.20 125.08 70.85 117.09 107.31 0.00 0.00 153.26 70.26 380.36 406.53 385.98
0.00 81.16 318.99 373.78 70.75 71.83 311.64 380.42 111.90 76.78 73.27 120.84 222.94 113.85 0.00 247.39 195.57 69.56 69.88 123.06 74.22 79.21 298.74 110.21 86.85 81.77 81.33 88.55 74.49 170.12 138.89 376.25 81.16 94.96 83.76 91.58 88.55 81.33 72.66 180.72 204.07 376.15 297.79 69.88 0.00 380.36 382.30 380.31 71.01 85.36 79.66 85.36 71.10 123.83 375.29 74.16 0.00 141.92 72.43 73.18 80.55
113.97 382.06 71.98 81.52 123.53 75.06 196.64 377.05 84.24 123.16 72.85 254.45 121.73 69.64 122.33 86.85 0.00 170.95 112.31 72.78 87.60 76.00 79.66 122.40 81.17 71.96 109.55 195.75 0.00 72.66 82.23 83.96 97.50 78.72 378.96 86.40 85.39 81.75 86.13 89.38 375.70 80.12 71.05 156.35 79.35 73.64 129.44 255.73 74.36 180.52 0.00 312.75 177.24 139.31 73.98 130.83 79.09 143.50 77.57 111.54 377.61
122.66 77.93 0.00 83.75 81.17 226.50 75.73 314.93 79.59 83.14 78.68 73.48 73.48 409.18 80.55 72.66 115.91 0.00 323.03 108.65 71.67 78.81 71.10 73.18 177.32 273.11 81.17 79.58 129.81 116.42 379.19 76.00 377.95 203.94 84.71 378.99 378.62 312.02 207.86 188.29 0.00 386.03 382.64 381.84 355.59 362.90 102.91 375.82 379.01 379.75 375.24 375.38 84.28 87.33 91.87 82.63 226.26 117.34 71.74 149.60 82.23
375.73 377.84 202.03 118.03 376.16 123.56 376.06 370.88 378.92 255.11 86.10 338.62 147.50 186.33 378.47 376.00 147.94 129.95 71.96-9999.00-9999.00-9999.00-9999.00-9999.00-9999.00-9999.00-9999.00-9999.00-9999.00-9999.00-9999.00-9999.00 -9999.00-9999.00-9999.00-9999.00-9999.00-9999.00-9999.00-9999.00-9999.00 79.72 76.19 289.73 71.41 380.18 376.45 73.72 378.75 69.69 125.25 72.85 0.00 378.17 0.00 246.48 119.82 71.98 82.40 124.26 158.27 0.00 160.30 70.75 79.46 161.64 382.20 132.53 137.58 71.68 69.55 0.00 375.77 156.63 108.66 76.40 70.66 379.25 376.68 81.15 69.56 380.81
74.49 76.86 77.73 91.29 88.08 76.89 0.00 116.46 76.40 85.07 132.58 75.70 70.20 125.35 161.61 243.59 0.00 78.03 70.75 122.29 0.00 69.84 77.05 69.74 77.73 78.29 74.48 82.77 69.62 71.39 131.00 78.59 72.05 80.55 83.34 85.39 0.00 0.00 0.00 273.88 80.53 78.05 375.91 375.87 126.67 347.11 376.59 83.96 81.91 115.56 378.08 159.36 71.10 75.00 177.09 376.74 338.78 82.18 72.91 371.68 84.18
383.19 135.60 81.17 73.98 191.83 369.12 81.61 375.48 0.00 0.00 224.54 375.66 81.47 99.48 73.88 81.37 125.78 120.84 72.43 86.13 79.58 330.68 80.79 375.88 77.22 73.64 379.20 117.22 82.95-9999.00-9999.00-9999.00-9999.00-9999.00-9999.00-9999.00-9999.00-9999.00-9999.00-9999.00-9999.00-9999.00-9999.00 -9999.00-9999.00-9999.00-9999.00-9999.00-9999.00-9999.00-9999.00-9999.00-9999.00-9999.00-9999.00-9999.00-9999.00-9999.00 86.85 83.76 355.16 96.65 88.99 85.22 259.01 376.23 378.87 0.00 108.19 70.14 69.58 106.39 335.63 78.27 71.83 106.83 169.13 0.00 122.54 78.50 76.98 69.68 147.98 0.00 171.50 69.77 81.33 69.93 0.00
173.78 81.16 78.36 109.37 73.32 272.17 93.37 88.58 90.44 89.77 72.43 381.74 77.93 376.96 261.44 73.64 77.93 73.64 343.81 230.90 115.55 72.78 112.88 376.43 85.36 382.49 333.76 125.51 140.00 76.00 85.11 78.63 71.02 72.54 144.36 387.84 78.72 72.14 71.05 149.71 0.00 0.00 386.07 80.06 78.36 89.52 378.94 145.11 107.83 71.31 71.61 109.92 71.67 350.33 123.27 73.98-9999.00-9999.00-9999.00-9999.00-9999.00-9999.00-9999.00-9999.00-9999.00-9999.00-9999.00-9999.00-9999.00-9999.00-9999.00-9999.00-9999.00-9999.00 -9999.00-9999.00-9999.00-9999.00-9999.00-9999.00-9999.00-9999.00-9999.00-9999.00-9999.00-9999.00-9999.00-9999.00-9999.00-9999.00-9999.00 79.49 80.02 92.41 110.20
377.50 96.06 78.42 0.00 0.00 0.00 94.76 300.17 87.08 154.38 74.79 378.74 375.55 374.06 72.30 113.37 87.72 69.71 286.91 378.80 89.77 167.14 389.62 79.14 86.83 376.20 77.93 80.55 0.00 88.44 380.94 308.25 269.05 132.71 73.48 80.12 80.55 155.34 79.83 217.46 375.58 319.31 116.93 72.14 86.96 141.83 72.05 71.23 122.10 74.77 0.00 80.06 156.59 282.42 96.99 381.85 73.48 79.83 90.21 383.69 378.41
75.06 119.46 376.36 76.40 377.91 377.78 0.00 378.92 83.07 355.79 375.62 78.98 388.35 0.00 76.78 75.06 83.40 129.77 361.85 87.60 388.06 382.62 389.69 384.04 379.38 112.64 78.92 80.91 76.58 380.83 73.64 347.32 71.67 78.22 84.18 243.06 74.36 72.66 122.10 282.52 376.63 100.70 83.40 78.97 71.96 104.92 0.00 0.00 361.03 346.06 313.05 226.96 120.04 71.49 78.49 119.32 82.58 71.05 109.47 86.40-9999.00-9999.00-9999.00-9999.00-9999.00-9999.00-9999.00-9999.00-9999.00-9999.00-9999.00-9999.00-9999.00-9999.00-9999.00-9999.00-9999.00-9999.00-9999.00-9999.00 -9999.00-9999.00-9999.00-9999.00-9999.00-9999.00-9999.00-9999.00-9999.00-9999.00-9999.00-9999.00-9999.00-9999.00-9999.00-9999.00-9999.00-9999.00-9999.00-9999.00
193.89 382.14 377.41 122.41 160.99 375.45 119.70 188.68 0.00 0.00 0.00 377.79 78.72 0.00 81.61 383.78 73.98 365.73 121.24 71.20 115.44 72.23 121.29 378.46 374.84 76.28 379.78 381.35 0.00 365.69 79.14 308.15 81.61 110.70 0.00 72.54 78.72 83.34 83.96 84.71 121.29 0.00 382.82 73.04 82.95 379.28 205.86 122.10 72.66-9999.00-9999.00-9999.00-9999.00-9999.00-9999.00-9999.00-9999.00-9999.00-9999.00-9999.00-9999.00-9999.00-9999.00-9999.00-9999.00-9999.00 -9999.00-9999.00-9999.00-9999.00-9999.00-9999.00-9999.00-9999.00-9999.00-9999.00-9999.00-9999.00-9999.00-9999.00-9999.00-9999.00-9999.00-9999.00-9999.00-9999.00-9999.00-9999.00-9999.00-9999.00-9999.00 86.63 70.41 170.90 333.75 75.37 418.47 117.49 73.96 71.29 127.65 85.66
79.59 72.43 108.95 360.25 133.26 72.66 71.20 121.95 376.61 0.00 364.06 122.07 78.49 83.34 80.12 79.58 86.40 0.00 112.79 72.43 81.04 373.60 169.71 72.43 73.48 157.26 348.68-9999.00-9999.00-9999.00-9999.00-9999.00-9999.00-9999.00-9999.00-9999.00-9999.00-9999.00-9999.00-9999.00-9999.00-9999.00-9999.00-9999.00-9999.00-9999.00 -9999.00-9999.00-9999.00-9999.00-9999.00-9999.00-9999.00-9999.00-9999.00-9999.00-9999.00-9999.00-9999.00-9999.00-9999.00-9999.00-9999.00-9999.00-9999.00-9999.00-9999.00-9999.00 83.73 83.76 144.70 376.83 89.46 71.98 89.46 80.00 80.46 118.96 72.14 0.00 0.00 0.00 294.82 0.00 145.91 102.55 88.17 119.75 84.79 86.63 146.61 86.85 158.22 85.97 217.28 91.02 85.97 77.60 75.06 392.58 375.83
381.09 378.11 335.96 278.85 85.34 359.19 117.73 72.23 80.55 0.00 72.78 82.76 120.31 83.75 114.02 82.41-9999.00-9999.00-9999.00-9999.00-9999.00-9999.00-9999.00-9999.00-9999.00-9999.00-9999.00-9999.00-9999.00-9999.00-9999.00-9999.00-9999.00-9999.00-9999.00-9999.00-9999.00-9999.00 -9999.00-9999.00-9999.00-9999.00-9999.00-9999.00-9999.00-9999.00-9999.00-9999.00-9999.00-9999.00-9999.00-9999.00-9999.00-9999.00-9999.00 73.96 162.45 78.97 72.48 85.36 78.50 71.17 166.04 118.78 128.21 381.48 0.00 0.00 121.44 70.02 70.85 366.47 72.85 129.13 370.70 377.01 0.00 355.66 94.14 350.45 375.81 102.55 380.13 140.54 85.22 91.11 339.95 378.56 350.11 123.53 81.77 76.78 75.70 96.08 96.06 107.20 375.88 0.00 382.05
383.96 0.00 71.06 76.58 132.03 83.96-9999.00-9999.00-9999.00-9999.00-9999.00-9999.00-9999.00-9999.00-9999.00-9999.00-9999.00-9999.00-9999.00-9999.00-9999.00-9999.00-9999.00-9999.00-9999.00-9999.00-9999.00-9999.00-9999.00-9999.00 -9999.00-9999.00-9999.00-9999.00-9999.00-9999.00-9999.00-9999.00-9999.00-9999.00-9999.00-9999.00-9999.00-9999.00-9999.00-9999.00-9999.00-9999.00-9999.00 81.52 83.76 86.01 381.67 150.40 88.76 86.30 73.49 73.49 118.48 347.08 76.40 383.71 70.49 72.14 74.22 111.44 379.92 0.00 0.00 264.13 375.70 394.30 367.83 375.37 253.20 375.99 198.63 106.60 378.85 376.04 344.92 380.95 78.98 89.46 74.22 78.03 89.89 375.05 375.62 376.13 376.56 133.30 125.29 0.00 376.46 363.03 375.69 359.77 176.12 375.78 378.29 386.42 176.12
292.45 400.40 95.32 199.96 125.29 376.94 375.50 262.08 325.93 378.21 0.00 0.00 383.01 375.79 325.97 377.25 378.30 0.00 317.29 380.20 177.81 386.13 264.13 131.28 375.03 180.49 89.17 128.61 86.30 71.83 72.30 79.74 76.91 125.82 70.07 379.32 0.00 97.50 381.93 379.74 380.62 71.81 78.72 79.42 72.91 71.96 109.59 379.05 362.23 71.12 124.36 120.04 173.60 72.33 131.96 83.75 77.93 341.33 116.12 80.79-9999.00-9999.00-9999.00-9999.00-9999.00-9999.00-9999.00-9999.00-9999.00-9999.00-9999.00-9999.00-9999.00-9999.00-9999.00-9999.00-9999.00-9999.00-9999.00-9999.00-9999.00-9999.00 -9999.00-9999.00-9999.00-9999.00-9999.00-9999.00-9999.00-9999.00-9999.00-9999.00-9999.00-9999.00-9999.00-9999.00-9999.00-9999.00-9999.00-9999.00-9999.00-9999.00-9999.00-9999.00-9999.00-9999.00-9999.00-9999.00-9999.00-9999.00-9999.00-9999.00-9999.00
375.38 375.58 232.72 375.17 232.72 0.00 323.17 375.19 376.10 0.00 251.31 87.29 213.84 94.48 109.31 134.46 373.34 104.09 76.91 350.85 350.51 87.29 73.45 82.32 81.53 93.21 112.49 95.06 109.00 118.42 378.38 376.09 376.43 152.29 293.78 276.03 376.15 376.15 376.15 0.00 0.00 0.00 328.15 376.44 311.46 0.00 355.14 268.41 376.98 362.17 181.61 220.43 375.64 129.26 369.75 381.29 369.86 82.18 357.28 379.71 85.54
379.44 383.02 76.16-9999.00-9999.00-9999.00-9999.00-9999.00-9999.00-9999.00-9999.00-9999.00-9999.00-9999.00-9999.00-9999.00-9999.00-9999.00-9999.00-9999.00-9999.00-9999.00-9999.00-9999.00-9999.00-9999.00 -9999.00-9999.00-9999.00-9999.00-9999.00-9999.00-9999.00-9999.00-9999.00-9999.00-9999.00-9999.00-9999.00-9999.00-9999.00-9999.00-9999.00-9999.00-9999.00-9999.00-9999.00-9999.00-9999.00-9999.00-9999.00-9999.00-9999.00-9999.00-9999.00-9999.00-9999.00-9999.00-9999.00-9999.00-9999.00-9999.00 121.02 376.28 375.03 370.72 377.33 375.90 375.94 377.48 377.50 377.80 293.78 293.78 0.00 0.00 311.46 375.00 382.16 375.91 297.10 297.10 375.00 377.27 297.10 376.03 297.10 0.00 345.90 86.11 86.24 80.35 80.89 86.43 89.53 75.61 185.29 212.50 106.32 76.52 386.69 76.52 94.73 99.09 79.76 82.87 366.51 103.90 84.20 0.00 383.39 280.10 375.86 79.21 383.12 169.31 0.00 376.38 376.17
375.21 224.92 0.00 382.51 375.22 210.73 375.37 375.33 309.93 152.29 373.19 316.08 358.58 113.70 85.07 79.60 80.54 78.60 70.32 78.29 95.82 92.71 78.71 375.56 82.18 379.92 77.33 84.06 94.56 81.68 71.10 116.96 90.93 378.21 73.69 70.62 72.77 378.95 70.32 112.28 92.99 368.19 90.89-9999.00-9999.00-9999.00-9999.00-9999.00-9999.00-9999.00-9999.00-9999.00-9999.00-9999.00-9999.00-9999.00-9999.00-9999.00-9999.00-9999.00-9999.00-9999.00-9999.00 -9999.00-9999.00-9999.00-9999.00-9999.00-9999.00-9999.00-9999.00-9999.00-9999.00-9999.00-9999.00-9999.00-9999.00-9999.00-9999.00-9999.00-9999.00-9999.00-9999.00-9999.00-9999.00-9999.00-9999.00-9999.00-9999.00-9999.00-9999.00-9999.00-9999.00-9999.00-9999.00-9999.00-9999.00-9999.00-9999.00-9999.00-9999.00-9999.00-9999.00-9999.00-9999.00-9999.00-9999.00-9999.00-9999.00-9999.00 375.62 293.79 0.00 375.27 268.41 375.34 311.46 379.88 0.00 375.00 293.79 375.52 350.72 268.41 375.00 375.00 378.76
293.79 293.78 0.00 293.79 0.00 0.00 293.78 375.13 377.58 375.43 375.25 230.98 323.82 190.36 376.25 375.43 175.75 118.42 199.55 177.32 86.72 396.92 354.28 281.02 75.69 77.33 0.00 76.91 85.52 72.99 89.78 118.58 381.51 77.33 193.75 192.33 81.53 368.18 387.77 383.18 166.80 83.57 83.57 88.65 89.78 380.42 75.68 331.92 407.55 365.82 124.71 83.92-9999.00-9999.00-9999.00-9999.00-9999.00-9999.00-9999.00-9999.00-9999.00-9999.00-9999.00-9999.00-9999.00-9999.00-9999.00-9999.00-9999.00-9999.00 -9999.00-9999.00-9999.00-9999.00-9999.00-9999.00-9999.00-9999.00-9999.00-9999.00-9999.00-9999.00-9999.00-9999.00-9999.00-9999.00-9999.00-9999.00-9999.00-9999.00-9999.00-9999.00-9999.00-9999.00-9999.00-9999.00-9999.00-9999.00-9999.00-9999.00-9999.00-9999.00-9999.00-9999.00-9999.00-9999.00-9999.00-9999.00-9999.00-9999.00-9999.00-9999.00-9999.00-9999.00-9999.00-9999.00-9999.00-9999.00-9999.00-9999.00-9999.00-9999.00-9999.00 375.59 0.00 293.78 375.71 220.37 366.91 273.52 311.46
