蒙特卡罗+CDRMV3/输出数据/2D水深分布/WaterDepthGIS_0156.ASC
ncols         539            
nrows         744            
xllcorner     602630.84259341
yllcorner     3914823.670891 
cellsize      50             
NODATA_value  -9999.00       
[rows 0 to 26 of 32, columns 305 to 365 of 539]
88.23 79.73 82.15 81.30 74.06 132.15 74.38 73.59 133.70 78.78 0.00 77.25 81.55 185.31 120.78 222.67 169.69 74.91-9999.00-9999.00-9999.00-9999.00-9999.00-9999.00-9999.00-9999.00-9999.00-9999.00-9999.00-9999.00 -9999.00-9999.00-9999.00-9999.00-9999.00-9999.00-9999.00-9999.00-9999.00-9999.00-9999.00-9999.00 86.64 74.10 273.68 85.34 140.13 0.00 77.93 361.16 89.29 161.07 100.79-9999.00-9999.00-9999.00-9999.00-9999.00-9999.00-9999.00-9999.00-9999.00-9999.00-9999.00-9999.00-9999.00-9999.00-9999.00-9999.00-9999.00-9999.00-9999.00-9999.00-9999.00-9999.00-9999.00-9999.00-9999.00-9999.00-9999.00-9999.00-9999.00-9999.00-9999.00-9999.00-9999.00-9999.00-9999.00-9999.00-9999.00-9999.00-9999.00-9999.00-9999.00-9999.00-9999.00-9999.00-9999.00-9999.00-9999.00-9999.00-9999.00-9999.00-9999.00-9999.00-9999.00-9999.00-9999.00-9999.00-9999.00-9999.00-9999.00-9999.00-9999.00-9999.00-9999.00-9999.00-9999.00-9999.00-9999.00-9999.00-9999.00-9999.00-9999.00-9999.00-9999.00-9999.00-9999.00-9999.00-9999.00-9999.00-9999.00-9999.00-9999.00-9999.00-9999.00-9999.00-9999.00-9999.00-9999.00 126.04 303.38 170.94 149.73 83.28 81.64 380.95 138.21 226.33 375.83 248.45 126.65 75.79 84.56 75.79 0.00 377.43 168.41 84.40 153.17 378.29 73.96 81.59 76.64-9999.00-9999.00-9999.00-9999.00-9999.00-9999.00-9999.00-9999.00-9999.00-9999.00-9999.00 -9999.00-9999.00-9999.00-9999.00-9999.00-9999.00-9999.00-9999.00-9999.00-9999.00-9999.00-9999.00-9999.00 90.42 116.63 82.97 131.15 123.68 0.00
358.55 333.56 0.00 112.05 177.32 72.61 87.16-9999.00-9999.00-9999.00-9999.00-9999.00-9999.00-9999.00-9999.00-9999.00-9999.00-9999.00-9999.00-9999.00-9999.00-9999.00-9999.00-9999.00-9999.00-9999.00-9999.00-9999.00-9999.00-9999.00-9999.00-9999.00-9999.00-9999.00-9999.00-9999.00-9999.00-9999.00-9999.00-9999.00-9999.00-9999.00-9999.00-9999.00-9999.00-9999.00-9999.00 100.55 380.12 83.50 281.31 102.82-9999.00-9999.00 81.22 77.71 84.84 77.96 77.04 376.33 427.13 78.50 94.89 74.91 194.29 77.96 85.50 75.79 84.40-9999.00-9999.00-9999.00 75.79 168.12 74.11 142.53 74.63 77.48 73.70 382.77 83.01 0.00 0.00 0.00 78.50 74.54 375.44 377.95 143.63 75.25 75.13 88.97 370.22 380.44 137.24 128.29 73.96 74.06 79.40 0.00 77.48 82.97 155.12 77.25 376.49 186.99
144.62 73.96 73.59 82.15 76.64 0.00 122.85 74.06 74.24 378.46 0.00 86.29 93.66 0.00 369.22 86.29 90.86 96.80 81.22 146.50 77.48 82.07 169.78-9999.00-9999.00-9999.00-9999.00-9999.00-9999.00 -9999.00-9999.00-9999.00-9999.00-9999.00-9999.00-9999.00-9999.00-9999.00-9999.00-9999.00 73.62 128.29 83.42 73.51 379.11 378.73 0.00 286.64 112.03 147.83 73.22 80.49 77.32 380.58 125.37 377.98 75.21 378.13 90.83 77.04 171.76-9999.00-9999.00-9999.00-9999.00-9999.00-9999.00-9999.00 85.05 77.71 89.25 79.40 88.97 77.48 80.44-9999.00-9999.00-9999.00-9999.00-9999.00-9999.00 78.78 187.04 95.87 87.05 322.53 374.19 84.56 85.33 200.03
82.07 376.72 76.83 118.98 377.31 84.56 386.41 114.24 84.40 364.13 75.65 153.09 378.74 78.78 0.00 77.96 83.74 98.13 384.79 88.70 83.07 132.48 86.23 377.79 83.62 79.73 0.00 157.24 74.17 92.53 130.88 318.37 74.91 0.00 88.97 85.16 175.77 73.58 90.17 82.22 74.24 372.08 273.60 76.28 251.68 74.17 76.45 76.11 88.70 162.39 76.45 226.37 74.72 117.41 131.68 83.86 75.51 116.33 223.85 88.23 0.00
226.30 74.81 83.50 349.53 312.43 73.79 75.65 74.54 376.46 81.22 76.64 82.22 73.57 381.88 92.05 73.96 363.62 216.50 387.96 85.12 92.94 400.71 74.38 85.00 378.88 75.51 319.01 75.13 74.46 379.78 80.82 82.69 83.86 73.57 146.35 253.89 376.71 377.03 81.22 388.95 381.58 0.00 80.82 89.54 360.76 75.95 146.63 214.00 378.62 325.04 127.27-9999.00-9999.00-9999.00-9999.00-9999.00-9999.00-9999.00-9999.00-9999.00-9999.00 -9999.00-9999.00-9999.00-9999.00-9999.00-9999.00-9999.00-9999.00 375.67 92.20 74.86 87.43 375.91 377.07 76.77 80.99 93.70
375.53 0.00 113.14 82.53 75.95 382.51 93.66 256.92 169.15 82.87 117.65 89.54 195.78 84.26 82.87 82.22 73.79 139.52 180.35 380.10 379.79 381.04 380.47 0.00 0.00 0.00 0.00 94.82 363.76 111.42 0.00 91.48 279.04 83.01 92.49 109.95 339.62 81.64 363.32 79.73-9999.00-9999.00-9999.00-9999.00-9999.00-9999.00-9999.00-9999.00-9999.00 -9999.00-9999.00 82.55 76.52 80.12 90.83 270.43 367.87 75.03 82.05 80.99 379.67 112.17 79.32 125.29 329.79 80.43 79.88 72.37 115.80 0.00 77.32
115.35 73.66 225.41 0.00 363.39 192.38 139.88 74.38 80.08 377.43 74.31 81.79 73.61 159.85 230.03 83.99 82.36 132.39 82.36 132.14 75.38 120.58 73.91 135.82 73.64 137.45 0.00 106.31 151.20 379.79 375.24 363.01 105.04 360.92 100.55 378.28 75.02 94.64 74.54 86.06 379.51 396.27 75.51 92.94-9999.00-9999.00-9999.00-9999.00-9999.00-9999.00 -9999.00-9999.00-9999.00-9999.00-9999.00 85.34 148.00 254.25 387.45 378.18 74.69 133.52 376.14 273.40 82.30 77.32 79.32 379.53 73.73 0.00 73.41
75.13 0.00 118.77 163.89 73.96 83.50 73.73 380.15 116.37 76.45 129.60 73.73 111.97 385.54 93.66 182.45 74.46 82.36 74.63 112.53 377.69 77.71 0.00 0.00 236.01 85.12 378.22 376.84 241.05 115.31 92.33 115.46 98.75 96.78 93.97 84.81 379.26 378.13 337.83 163.06 79.40-9999.00-9999.00-9999.00-9999.00-9999.00-9999.00-9999.00 -9999.00-9999.00-9999.00-9999.00-9999.00-9999.00-9999.00 79.71 122.80 153.78 0.00 114.91 79.92 72.18 146.61 72.23 317.45 0.00 142.66 368.00 180.26 150.65 75.03 183.20 371.71 85.34
134.90 80.82 73.59 134.63 317.54 83.50 0.00 95.95 379.42 378.81 376.46 318.77 175.64 186.49 84.46 357.62 87.95 85.16 74.11 154.18 220.09 79.08-9999.00-9999.00-9999.00-9999.00-9999.00-9999.00-9999.00-9999.00-9999.00 -9999.00-9999.00-9999.00-9999.00-9999.00-9999.00-9999.00-9999.00-9999.00 73.73 139.30 0.00 86.64 80.03 75.21 0.00 112.87 72.22 82.30 82.17 74.69 73.51 394.86 128.75 86.68 73.06 109.55 375.79 119.68 73.73 0.00 113.53 73.41 375.27 153.58 72.84 131.62 73.51 120.50 110.74 0.00 0.00 161.97 72.91 380.81 408.17 386.50
0.00 84.11 336.42 375.56 73.41 74.53 322.54 380.95 115.54 79.71 76.04 126.28 252.37 117.46 0.00 261.31 218.19 72.19 72.52 128.93 77.04 82.17 318.11 113.29 89.88 84.71 84.28 91.72 77.32 190.42 142.71 376.38 84.11 97.79 86.68 94.72 91.72 84.28 75.41 200.23 208.44 376.18 314.70 72.52 0.00 380.73 382.65 380.63 73.57 88.19 82.60 88.19 73.66 128.71 376.17 76.83 0.00 147.59 75.02 75.79 83.50
117.43 382.31 74.69 84.46 131.83 77.93 211.64 377.13 87.16 128.88 75.61 287.11 126.55 72.26 128.31 89.88 0.00 195.14 115.84 75.38 90.54 78.78 82.60 128.10 84.12 74.54 113.16 219.82 0.00 75.25 85.16 86.83 100.46 81.64 379.91 89.25 88.23 84.69 88.97 92.53 376.03 83.07 73.61 166.04 82.29 76.28 134.85 282.40 77.04 186.01 0.00 309.34 206.45 141.97 76.64 136.44 82.02 151.88 80.44 115.07 377.78
128.62 80.82 0.00 86.63 84.12 252.29 78.50 331.50 82.53 86.04 81.59 76.11 76.11 411.51 83.50 75.25 119.72 0.00 333.70 112.29 74.24 81.73 73.66 75.79 181.06 298.85 84.12 82.52 133.81 120.15 379.95 78.78 378.12 220.80 87.55 379.16 378.80 321.43 214.00 195.53 0.00 389.22 385.10 384.08 368.12 367.04 107.87 376.16 380.39 380.98 375.40 375.51 85.92 89.40 93.89 84.19 250.78 121.22 74.31 159.39 85.16
375.88 378.31 218.09 125.01 376.79 132.44 376.19 375.91 379.48 268.60 88.94 355.34 156.95 202.29 379.18 376.70 155.00 137.44 74.54-9999.00-9999.00-9999.00-9999.00-9999.00-9999.00-9999.00-9999.00-9999.00-9999.00-9999.00-9999.00-9999.00 -9999.00-9999.00-9999.00-9999.00-9999.00-9999.00-9999.00-9999.00-9999.00 82.69 79.20 319.69 74.10 380.32 376.85 76.52 379.07 72.30 135.02 75.61 0.00 378.45 0.00 256.99 124.86 74.69 85.39 130.93 162.06 0.00 167.31 73.41 82.42 178.23 382.93 150.41 140.33 74.38 72.18 0.00 376.12 167.01 112.17 79.32 73.31 379.37 377.06 84.10 72.19 381.41
77.32 79.79 80.68 94.78 91.36 79.92 0.00 120.52 79.32 88.01 136.59 78.59 72.84 130.57 169.09 278.35 0.00 80.99 73.41 128.27 0.00 72.47 79.99 72.37 80.68 80.55 77.31 85.70 72.25 73.96 135.35 81.51 74.63 83.50 86.23 88.23 0.00 0.00 0.00 286.88 83.37 80.94 376.08 376.00 135.74 352.96 376.76 86.78 84.84 121.38 378.60 169.28 73.66 77.71 186.86 377.54 351.46 85.12 75.51 375.51 87.05
384.34 146.81 84.12 76.64 198.19 370.65 84.56 375.91 0.00 0.00 229.42 377.37 84.41 103.19 76.58 84.25 129.63 125.68 75.02 88.97 82.52 351.64 83.74 376.26 80.08 76.28 379.36 120.43 85.86-9999.00-9999.00-9999.00-9999.00-9999.00-9999.00-9999.00-9999.00-9999.00-9999.00-9999.00-9999.00-9999.00-9999.00 -9999.00-9999.00-9999.00-9999.00-9999.00-9999.00-9999.00-9999.00-9999.00-9999.00-9999.00-9999.00-9999.00-9999.00-9999.00 89.88 86.68 358.75 99.85 92.20 88.16 281.42 376.18 378.88 0.00 115.14 72.78 72.21 109.74 353.60 81.23 74.53 110.42 179.51 0.00 130.81 81.46 79.92 72.31 153.71 0.00 190.50 72.40 84.28 72.56 0.00
188.64 84.11 81.33 113.09 75.95 285.95 96.34 91.63 93.66 92.94 75.02 383.18 80.82 376.90 272.31 76.28 80.82 76.28 351.67 259.33 119.20 75.38 116.37 377.10 88.19 382.92 355.86 130.19 142.36 78.78 87.95 81.55 73.58 75.13 167.03 389.05 81.64 74.72 73.61 157.85 0.00 0.00 388.42 83.01 81.26 91.72 380.02 152.61 111.49 73.87 74.17 113.25 74.24 364.81 129.27 76.64-9999.00-9999.00-9999.00-9999.00-9999.00-9999.00-9999.00-9999.00-9999.00-9999.00-9999.00-9999.00-9999.00-9999.00-9999.00-9999.00-9999.00-9999.00 -9999.00-9999.00-9999.00-9999.00-9999.00-9999.00-9999.00-9999.00-9999.00-9999.00-9999.00-9999.00-9999.00-9999.00-9999.00-9999.00-9999.00 82.45 82.98 95.46 114.08
377.55 99.06 81.20 0.00 0.00 0.00 99.04 315.90 90.14 163.44 77.63 379.01 376.13 375.90 75.03 117.14 90.83 72.34 307.45 378.92 92.94 184.90 391.34 82.07 89.70 376.82 80.82 83.50 0.00 91.48 381.20 318.23 295.71 138.87 76.11 83.07 83.50 162.69 82.78 232.82 376.06 333.24 120.79 74.72 89.85 148.58 74.63 73.79 127.28 77.48 0.00 83.01 170.11 281.25 99.73 382.93 76.11 82.78 93.42 384.59 379.10
77.93 124.46 376.82 79.32 378.56 378.42 0.00 379.87 85.99 360.20 375.86 81.94 388.57 0.00 79.71 77.93 86.29 139.12 367.07 90.54 390.09 383.86 391.52 385.01 379.82 116.03 81.84 83.86 79.40 381.59 76.28 357.83 74.24 81.12 87.05 251.65 77.04 75.25 127.57 307.50 377.18 105.51 86.29 81.90 74.54 111.42 0.00 0.00 363.18 324.05 332.83 230.19 124.40 74.06 81.40 123.30 85.50 73.61 112.90 89.25-9999.00-9999.00-9999.00-9999.00-9999.00-9999.00-9999.00-9999.00-9999.00-9999.00-9999.00-9999.00-9999.00-9999.00-9999.00-9999.00-9999.00-9999.00-9999.00-9999.00 -9999.00-9999.00-9999.00-9999.00-9999.00-9999.00-9999.00-9999.00-9999.00-9999.00-9999.00-9999.00-9999.00-9999.00-9999.00-9999.00-9999.00-9999.00-9999.00-9999.00
199.68 382.74 377.82 129.58 173.09 375.56 123.35 195.90 0.00 0.00 0.00 378.30 81.64 0.00 84.56 384.67 76.64 375.34 125.97 73.76 123.97 74.81 126.30 379.06 376.33 79.08 381.06 382.62 0.00 369.57 82.07 321.74 84.56 114.37 0.00 75.13 81.64 86.23 86.83 87.55 126.27 0.00 383.19 75.65 85.86 379.42 233.29 127.57 75.25-9999.00-9999.00-9999.00-9999.00-9999.00-9999.00-9999.00-9999.00-9999.00-9999.00-9999.00-9999.00-9999.00-9999.00-9999.00-9999.00-9999.00 -9999.00-9999.00-9999.00-9999.00-9999.00-9999.00-9999.00-9999.00-9999.00-9999.00-9999.00-9999.00-9999.00-9999.00-9999.00-9999.00-9999.00-9999.00-9999.00-9999.00-9999.00-9999.00-9999.00-9999.00-9999.00 89.65 73.06 188.11 351.27 78.25 420.63 120.81 76.77 73.97 130.71 88.62
82.53 75.02 112.55 364.35 139.66 75.25 73.76 127.05 377.17 0.00 370.34 127.65 81.05 86.23 83.07 82.52 89.25 0.00 116.37 75.02 83.99 376.19 191.57 75.02 76.11 175.21 359.54-9999.00-9999.00-9999.00-9999.00-9999.00-9999.00-9999.00-9999.00-9999.00-9999.00-9999.00-9999.00-9999.00-9999.00-9999.00-9999.00-9999.00-9999.00-9999.00 -9999.00-9999.00-9999.00-9999.00-9999.00-9999.00-9999.00-9999.00-9999.00-9999.00-9999.00-9999.00-9999.00-9999.00-9999.00-9999.00-9999.00-9999.00-9999.00-9999.00-9999.00-9999.00 86.64 86.68 156.27 377.53 92.68 74.69 92.68 82.97 83.42 123.46 74.86 0.00 0.00 0.00 304.83 0.00 154.03 108.16 90.88 124.56 87.71 89.65 154.70 89.88 173.02 88.95 239.18 94.21 88.95 80.54 77.93 393.28 376.59
381.29 378.23 355.05 292.74 87.77 365.92 121.70 74.81 83.50 0.00 75.38 85.68 124.64 86.63 118.22 85.33-9999.00-9999.00-9999.00-9999.00-9999.00-9999.00-9999.00-9999.00-9999.00-9999.00-9999.00-9999.00-9999.00-9999.00-9999.00-9999.00-9999.00-9999.00-9999.00-9999.00-9999.00-9999.00 -9999.00-9999.00-9999.00-9999.00-9999.00-9999.00-9999.00-9999.00-9999.00-9999.00-9999.00-9999.00-9999.00-9999.00-9999.00-9999.00-9999.00 76.77 174.48 81.94 75.21 88.31 81.46 73.85 172.67 125.70 132.78 382.01 0.00 0.00 127.06 72.66 73.51 371.04 75.61 135.11 370.25 376.99 0.00 358.81 96.89 357.81 375.81 108.16 380.48 152.34 88.16 94.30 347.95 378.74 358.00 131.83 84.71 79.71 78.59 100.71 99.06 113.96 376.27 0.00 382.43
385.36 0.00 73.62 79.40 136.61 86.83-9999.00-9999.00-9999.00-9999.00-9999.00-9999.00-9999.00-9999.00-9999.00-9999.00-9999.00-9999.00-9999.00-9999.00-9999.00-9999.00-9999.00-9999.00-9999.00-9999.00-9999.00-9999.00-9999.00-9999.00 -9999.00-9999.00-9999.00-9999.00-9999.00-9999.00-9999.00-9999.00-9999.00-9999.00-9999.00-9999.00-9999.00-9999.00-9999.00-9999.00-9999.00-9999.00-9999.00 84.46 86.68 88.98 381.94 165.12 91.95 89.29 76.27 76.27 124.25 356.77 79.32 384.34 73.14 74.86 77.04 115.10 380.02 0.00 0.00 269.41 375.07 394.92 367.48 375.40 259.30 376.39 208.14 112.56 379.05 376.09 351.30 381.49 81.94 92.68 77.04 80.99 93.11 375.11 375.65 376.22 376.61 141.70 134.83 0.00 376.51 366.55 375.76 363.18 182.86 375.80 378.29 386.77 182.86
302.77 401.95 98.25 205.13 134.83 377.35 375.54 264.27 326.41 377.28 0.00 0.00 381.70 375.14 326.42 376.23 377.78 0.00 318.58 380.28 189.53 386.64 269.41 139.44 375.24 191.75 92.03 137.00 89.29 74.53 75.03 83.71 80.82 131.93 73.72 379.59 0.00 100.46 383.07 380.65 381.49 74.38 81.64 82.36 75.51 74.54 113.24 379.36 367.53 73.68 128.58 125.22 177.08 74.91 136.98 86.63 80.82 351.22 119.25 83.74-9999.00-9999.00-9999.00-9999.00-9999.00-9999.00-9999.00-9999.00-9999.00-9999.00-9999.00-9999.00-9999.00-9999.00-9999.00-9999.00-9999.00-9999.00-9999.00-9999.00-9999.00-9999.00 -9999.00-9999.00-9999.00-9999.00-9999.00-9999.00-9999.00-9999.00-9999.00-9999.00-9999.00-9999.00-9999.00-9999.00-9999.00-9999.00-9999.00-9999.00-9999.00-9999.00-9999.00-9999.00-9999.00-9999.00-9999.00-9999.00-9999.00-9999.00-9999.00-9999.00-9999.00
375.38 375.58 236.19 375.17 236.19 0.00 324.44 375.16 376.14 0.00 260.17 93.81 235.29 102.99 118.16 148.03 375.71 113.68 80.82 359.96 357.92 93.81 77.21 86.28 85.50 97.22 120.19 99.11 116.45 128.73 378.98 376.18 376.51 159.72 295.23 280.05 376.15 376.15 376.15 0.00 0.00 0.00 329.32 376.55 314.41 0.00 359.93 270.72 377.05 361.47 187.58 224.42 375.64 137.43 372.85 381.50 375.03 86.14 366.20 380.16 91.57
380.85 383.90 79.58-9999.00-9999.00-9999.00-9999.00-9999.00-9999.00-9999.00-9999.00-9999.00-9999.00-9999.00-9999.00-9999.00-9999.00-9999.00-9999.00-9999.00-9999.00-9999.00-9999.00-9999.00-9999.00-9999.00 -9999.00-9999.00-9999.00-9999.00-9999.00-9999.00-9999.00-9999.00-9999.00-9999.00-9999.00-9999.00-9999.00-9999.00-9999.00-9999.00-9999.00-9999.00-9999.00-9999.00-9999.00-9999.00-9999.00-9999.00-9999.00-9999.00-9999.00-9999.00-9999.00-9999.00-9999.00-9999.00-9999.00-9999.00-9999.00-9999.00 131.85 376.73 375.13 375.42 377.37 375.92 375.96 377.57 377.58 377.89 295.23 295.23 0.00 0.00 314.42 375.00 383.31 375.92 298.53 298.53 375.00 377.36 298.54 376.20 298.54 0.00 351.82 90.03 90.18 84.18 85.96 91.86 95.28 79.38 191.44 218.33 113.38 80.41 387.32 80.41 102.19 106.96 83.73 88.72 372.68 113.51 90.08 0.00 384.15 285.16 375.95 83.04 383.42 176.30 0.00 376.50 376.28
375.21 229.01 0.00 382.54 375.22 223.07 375.37 375.33 317.20 159.72 372.72 314.31 365.82 122.71 89.02 83.57 84.52 82.55 73.98 82.24 100.05 96.96 82.67 375.84 86.14 380.02 81.25 88.01 98.72 85.64 74.77 122.58 95.28 378.32 77.47 74.28 76.51 379.42 73.98 116.74 96.73 371.50 97.65-9999.00-9999.00-9999.00-9999.00-9999.00-9999.00-9999.00-9999.00-9999.00-9999.00-9999.00-9999.00-9999.00-9999.00-9999.00-9999.00-9999.00-9999.00-9999.00-9999.00 -9999.00-9999.00-9999.00-9999.00-9999.00-9999.00-9999.00-9999.00-9999.00-9999.00-9999.00-9999.00-9999.00-9999.00-9999.00-9999.00-9999.00-9999.00-9999.00-9999.00-9999.00-9999.00-9999.00-9999.00-9999.00-9999.00-9999.00-9999.00-9999.00-9999.00-9999.00-9999.00-9999.00-9999.00-9999.00-9999.00-9999.00-9999.00-9999.00-9999.00-9999.00-9999.00-9999.00-9999.00-9999.00-9999.00-9999.00 375.62 295.24 0.00 375.27 270.72 375.34 314.42 379.90 0.00 375.00 295.24 375.52 351.97 270.72 375.00 375.00 378.89
295.24 295.23 0.00 295.24 0.00 0.00 295.23 375.13 377.77 375.43 375.25 241.63 324.59 195.87 376.35 375.48 186.17 128.73 204.58 183.89 93.04 397.71 361.46 309.59 81.07 81.25 0.00 80.82 89.49 76.73 94.11 124.25 381.83 81.25 194.20 205.07 85.50 372.36 388.27 383.79 180.07 87.51 87.51 92.90 94.11 381.00 79.11 344.07 408.28 372.09 132.59 87.52-9999.00-9999.00-9999.00-9999.00-9999.00-9999.00-9999.00-9999.00-9999.00-9999.00-9999.00-9999.00-9999.00-9999.00-9999.00-9999.00-9999.00-9999.00 -9999.00-9999.00-9999.00-9999.00-9999.00-9999.00-9999.00-9999.00-9999.00-9999.00-9999.00-9999.00-9999.00-9999.00-9999.00-9999.00-9999.00-9999.00-9999.00-9999.00-9999.00-9999.00-9999.00-9999.00-9999.00-9999.00-9999.00-9999.00-9999.00-9999.00-9999.00-9999.00-9999.00-9999.00-9999.00-9999.00-9999.00-9999.00-9999.00-9999.00-9999.00-9999.00-9999.00-9999.00-9999.00-9999.00-9999.00-9999.00-9999.00-9999.00-9999.00-9999.00-9999.00 375.59 0.00 295.23 375.71 224.36 367.54 275.87 314.42
