蒙特卡罗+CDRMV3/输出数据/2D水深分布/WaterDepthGIS_0148.ASC
ncols         539            
nrows         744            
xllcorner     602630.84259341
yllcorner     3914823.670891 
cellsize      50             
NODATA_value  -9999.00       
[rows 0 to 26 of 32, columns 183 to 243 of 539]
87.11 76.16 246.80 0.00 381.23 377.52 378.55 329.44 271.10 80.66-9999.00-9999.00-9999.00-9999.00-9999.00-9999.00-9999.00-9999.00-9999.00-9999.00-9999.00-9999.00-9999.00 -9999.00-9999.00-9999.00-9999.00-9999.00-9999.00-9999.00-9999.00-9999.00-9999.00-9999.00 84.51 189.13 378.75 87.60 379.62 80.82 87.08 91.74 82.85-9999.00-9999.00-9999.00-9999.00-9999.00-9999.00-9999.00-9999.00-9999.00-9999.00-9999.00-9999.00-9999.00-9999.00-9999.00-9999.00-9999.00-9999.00-9999.00-9999.00-9999.00-9999.00-9999.00-9999.00-9999.00-9999.00-9999.00-9999.00-9999.00-9999.00-9999.00-9999.00-9999.00-9999.00-9999.00-9999.00-9999.00-9999.00-9999.00-9999.00-9999.00-9999.00-9999.00-9999.00-9999.00-9999.00-9999.00-9999.00-9999.00-9999.00-9999.00-9999.00-9999.00-9999.00-9999.00-9999.00-9999.00-9999.00-9999.00-9999.00-9999.00-9999.00-9999.00-9999.00-9999.00-9999.00-9999.00-9999.00-9999.00-9999.00-9999.00-9999.00-9999.00-9999.00-9999.00-9999.00-9999.00-9999.00-9999.00-9999.00-9999.00-9999.00-9999.00-9999.00-9999.00-9999.00-9999.00-9999.00-9999.00-9999.00-9999.00-9999.00-9999.00-9999.00 78.23 122.63 222.12 378.18 379.89 288.36 76.16 85.44 76.09 183.24 87.81 0.00 84.40 197.56 82.14 196.58 83.20 88.02-9999.00-9999.00-9999.00-9999.00-9999.00-9999.00-9999.00-9999.00-9999.00-9999.00-9999.00-9999.00-9999.00 -9999.00-9999.00-9999.00-9999.00-9999.00-9999.00-9999.00-9999.00-9999.00-9999.00 214.02 139.75 80.26 381.07 100.00 378.65 304.00 77.63 140.12 221.57 113.23-9999.00-9999.00-9999.00-9999.00-9999.00-9999.00-9999.00-9999.00-9999.00-9999.00-9999.00-9999.00-9999.00-9999.00-9999.00-9999.00-9999.00-9999.00-9999.00-9999.00-9999.00-9999.00-9999.00-9999.00-9999.00-9999.00-9999.00-9999.00-9999.00-9999.00-9999.00-9999.00-9999.00-9999.00-9999.00-9999.00-9999.00-9999.00-9999.00-9999.00-9999.00-9999.00-9999.00-9999.00-9999.00-9999.00-9999.00-9999.00-9999.00-9999.00-9999.00-9999.00-9999.00-9999.00-9999.00-9999.00-9999.00-9999.00-9999.00-9999.00-9999.00-9999.00-9999.00-9999.00-9999.00-9999.00-9999.00-9999.00-9999.00-9999.00-9999.00-9999.00-9999.00-9999.00-9999.00-9999.00-9999.00-9999.00-9999.00-9999.00-9999.00-9999.00-9999.00-9999.00-9999.00-9999.00-9999.00-9999.00-9999.00-9999.00-9999.00-9999.00-9999.00 77.15 122.11 375.58 78.71 79.07 158.28 85.62 76.09 135.24 218.45 356.31
191.61 377.03 152.15 91.46 379.15 76.40 85.53 114.73 86.84 86.02 86.98 76.45 150.13 0.00 234.51 76.11 158.84 85.20 76.25 126.96 134.63 77.25 76.11 87.55 86.35 84.72 78.08 76.14 0.00 214.27 77.94 82.14 377.24 0.00 269.86 245.48 378.32 368.83 76.25 88.19-9999.00-9999.00-9999.00 -9999.00-9999.00-9999.00-9999.00-9999.00-9999.00-9999.00-9999.00-9999.00-9999.00-9999.00-9999.00-9999.00-9999.00-9999.00 84.35 76.57 268.73 375.39 76.04 0.00 352.34 372.00 136.84 81.77-9999.00-9999.00-9999.00-9999.00-9999.00-9999.00-9999.00-9999.00-9999.00-9999.00-9999.00-9999.00-9999.00-9999.00-9999.00-9999.00-9999.00-9999.00-9999.00-9999.00-9999.00-9999.00-9999.00-9999.00-9999.00-9999.00-9999.00-9999.00-9999.00-9999.00-9999.00-9999.00-9999.00-9999.00-9999.00-9999.00-9999.00-9999.00-9999.00-9999.00 123.36 183.09 93.06 86.74-9999.00-9999.00-9999.00-9999.00 78.23 123.62 371.11 377.31 85.75 381.31
133.77 77.69 79.07 89.51 88.97 0.00 0.00 0.00 0.00 0.00 357.45 133.24 91.71 0.00 0.00 0.00 220.75 119.22 76.62 77.57 0.00 83.58 76.62 79.47 111.99 0.00 78.89 90.66 83.58 0.00 376.87 179.63 123.36 376.42 257.35 118.35 78.89 88.54 100.18-9999.00-9999.00-9999.00-9999.00-9999.00 -9999.00-9999.00-9999.00-9999.00-9999.00-9999.00-9999.00-9999.00-9999.00-9999.00-9999.00-9999.00 75.99 145.79 369.91 75.75 253.96 0.00 80.82 83.84 84.01 87.08 78.27 380.64 126.01 80.54 290.15 197.72 85.46 225.71 189.38-9999.00-9999.00-9999.00-9999.00-9999.00-9999.00-9999.00-9999.00-9999.00-9999.00-9999.00-9999.00-9999.00-9999.00-9999.00-9999.00-9999.00-9999.00-9999.00-9999.00-9999.00-9999.00 78.38 102.07
77.81 214.40 380.70 418.85 79.27 95.91 144.81 78.89 196.84 377.44 87.40 121.15 0.00 122.32 87.86 98.45 341.45 88.19 85.75 342.75 374.70 76.68 124.57 0.00 80.66 87.11 88.36 88.72 161.48 86.98 80.93 0.00 371.40 76.75 156.38 314.85 76.25 97.21 91.71 77.57 136.11 76.97 117.55 376.66 376.87 367.71 207.64 87.11 77.15 77.45 78.54 79.27 89.73 81.82 77.06 121.03 86.02 125.51 0.00 0.00 0.00
225.38 77.25 85.12 76.89 95.48 87.25 84.23 118.78 385.01 79.69 85.36 77.69 85.53 83.98 382.92 375.27 95.91 78.54 78.54 380.56 231.58 84.66 92.37 88.72 80.93 378.24 132.20 84.40 83.84 76.45 142.69 77.94 119.96 384.91 364.18 146.03 218.77 0.00 375.89 336.64 192.52 99.02 394.07 352.86 158.67 84.83-9999.00-9999.00-9999.00-9999.00-9999.00-9999.00-9999.00-9999.00-9999.00-9999.00 -9999.00-9999.00-9999.00-9999.00-9999.00-9999.00-9999.00-9999.00-9999.00 375.65 87.60 252.28 85.46 85.80 82.11 140.22 77.48 128.71 116.65 0.00 78.27 76.87 83.08
341.52 139.36 86.84 89.11 92.37 84.36 157.68 115.22 76.25 150.12 358.82 79.91 375.98 91.71 0.00 376.72 135.25 0.00 376.38 376.04 83.64 82.48 302.02 80.93 84.40 375.35 80.15 90.66-9999.00-9999.00-9999.00-9999.00-9999.00-9999.00-9999.00-9999.00-9999.00 -9999.00-9999.00-9999.00 85.96 354.73 389.47 377.50 78.27 84.42 77.10 404.14 124.56 132.93 86.48 86.48 378.27 78.45 75.82 121.47 155.94 0.00 380.71 378.53 349.99 76.98 81.77 86.76 82.11 380.39 86.48 84.21 376.82 86.06 86.61 381.05
167.86 116.86 85.44 87.11 77.57 76.16 160.51 359.39 376.77 76.62 76.14 115.06 387.31 382.91 0.00 90.24 108.79 117.55 108.79 183.49 120.16 377.95 377.55 350.51 79.47 382.05 406.15 80.66 85.75 226.88-9999.00-9999.00-9999.00-9999.00-9999.00-9999.00-9999.00 -9999.00-9999.00-9999.00-9999.00 182.94 375.63 92.95 85.34 380.93 78.45 380.80 89.49 76.24 116.99 91.27 75.83 127.07 389.12 75.52 0.00 121.40 89.49 376.41 118.98 78.45 327.73 76.98 84.07 81.77 114.91 134.00 0.00 139.13 94.61
114.28 249.72 83.98 385.87 80.93 86.35 78.54 141.49 299.62 76.89 117.15 391.35 0.00 231.74 85.29 276.42 100.68 93.46 110.38 378.86 265.38 243.18 381.79 380.03 385.27 138.65 78.89 94.21 81.51 76.97-9999.00-9999.00-9999.00-9999.00-9999.00-9999.00-9999.00 -9999.00-9999.00-9999.00-9999.00-9999.00-9999.00 94.61 239.43 83.84 77.10 0.00 75.62 85.34 83.44 75.68 378.88 84.84 119.20 0.00 75.88 83.11 75.93 137.30 75.57 83.69 90.42 76.57 130.10 311.28 84.67 114.38 0.00 118.74 80.82 85.45 77.93
278.91 98.52 380.84 103.48 212.53 87.31 98.34 86.35 371.82 77.45 88.02 380.08 275.07 121.07 82.83 85.75-9999.00-9999.00-9999.00-9999.00-9999.00-9999.00-9999.00-9999.00 -9999.00-9999.00-9999.00-9999.00-9999.00-9999.00-9999.00-9999.00-9999.00 84.84 76.40 0.00 77.63 75.88 151.99 0.00 144.46 114.55 185.69 116.59 78.45 76.32 376.19 206.97 87.60 75.68 160.66 167.11 79.74 91.27 378.59 0.00 376.50 223.62 83.35 86.33 77.48 221.84 76.17 0.00 120.41 0.00 95.46 384.67 115.27 85.46 76.11 378.67 375.81 84.97 89.19 85.68 84.07
133.91 386.67 77.22 84.50 79.27 203.94 86.33 75.88 0.00 150.89 132.96 75.52 379.05 242.79 375.74 115.41 80.26 86.33 87.76 121.11 85.93 88.20 94.14 83.24 81.77 88.83 257.13 90.19 378.72 79.74 97.30 89.49 145.86 190.29 227.00 181.72 76.11 83.56 79.07 0.00 76.06 77.25 378.63 375.49 76.45 93.06 84.50 129.61 115.59 308.14 379.07 0.00 270.35 370.88 141.91 93.46 87.86 83.98 87.27 116.41 96.78
98.21 392.83 85.96 94.14 81.12 178.70 84.67 75.50 334.57 376.41 0.00 91.74 87.41 141.66 76.86 250.03 337.73 85.75 79.69 76.50 117.52 139.74 310.57 0.00 76.68 92.37 138.82 89.59 77.25 377.78 391.42 377.82 376.63 267.90 81.51 342.07 84.83 87.70 76.28 85.62 90.17 84.36 76.28 227.77 78.08 0.00 193.08 78.54 80.15 87.40 378.28 224.81 129.25 76.40 85.81 211.20 88.19 85.36 76.82 142.55 221.37
78.71 167.12 139.73 96.35 84.60 76.28 359.29 382.17 117.65 86.24 77.81 123.07 379.45 0.00 282.53 172.28 125.74 76.05 85.62 78.89 171.14 257.97 85.12 87.55 87.25 378.71 88.91 342.72 83.98 334.51 84.83 372.36 85.29 151.55 380.12 377.31 0.00 0.00 375.09 114.93 197.81 383.08 80.79 99.02 94.50 90.17 91.87 114.55 363.68 86.89 377.87 76.16 91.18 117.34 342.21 272.96 82.83-9999.00-9999.00-9999.00-9999.00-9999.00-9999.00-9999.00-9999.00-9999.00-9999.00 -9999.00-9999.00-9999.00-9999.00-9999.00-9999.00-9999.00-9999.00-9999.00 75.88 118.19 387.18
105.75 362.23 126.33 379.38 178.50 77.52 86.46 97.63 228.12 77.45 76.07 76.10 76.07 86.12 353.07 188.50 78.89-9999.00-9999.00-9999.00-9999.00-9999.00-9999.00-9999.00-9999.00-9999.00-9999.00-9999.00-9999.00-9999.00 -9999.00-9999.00-9999.00-9999.00-9999.00-9999.00-9999.00-9999.00-9999.00 85.96 340.05 371.49 77.22 76.76 378.87 122.74 80.82 380.00 383.87 0.00 337.55 83.64 0.00 76.57 245.21 132.54 99.95 88.75 75.88 0.00 163.08 87.08 86.33 120.33 383.15 143.67 134.54 78.64 75.68 142.02 0.00 76.11 84.58 84.07 163.49 375.91 85.80 389.88 85.80 78.10 380.66 79.74
0.00 293.54 135.29 75.55 88.20 262.68 379.26 77.22 0.00 79.50 86.61 86.19 89.42 75.48 128.49 76.17 131.67 0.00 78.45 76.48 155.74 0.00 139.39 76.76 152.98 77.22 205.10 76.98 85.38 82.48 88.19 88.54 76.75 150.25 87.70 87.70 82.48 0.00 367.56 375.60 0.00 77.57 80.15 386.26 287.72 380.58 201.42 0.00 248.58 86.74 370.76 89.73 102.53 76.68 86.02 78.54 379.53 92.05 85.29 80.15 372.40
377.08 79.07 76.62 351.13 371.27 82.83 381.34 76.97 86.47 89.11 77.35 377.58 378.08 380.38 0.00 376.11 379.19 213.94 141.52 86.85 135.54 79.07 87.25 168.43 90.24 76.10 383.07 77.15 376.23 76.62 76.40 375.41 271.13 86.74-9999.00-9999.00-9999.00-9999.00-9999.00-9999.00-9999.00-9999.00-9999.00-9999.00-9999.00-9999.00-9999.00-9999.00 -9999.00-9999.00-9999.00-9999.00-9999.00-9999.00-9999.00-9999.00-9999.00-9999.00-9999.00-9999.00-9999.00-9999.00-9999.00 355.88 91.27 92.62 98.21 82.85 377.23 87.76 85.03 75.48 0.00 86.26 116.75 121.91 371.20 380.87 114.68 81.77 83.08 76.18 378.69 0.00 78.64 83.10 75.62 233.22 0.00
90.42 81.12 142.85 377.37 377.36 75.99 383.60 79.27 96.77 0.00 75.88 83.74 84.58 85.13 168.07 151.62 103.98 224.36 126.79 351.65 99.72 233.87 380.53 377.49 136.94 86.74 240.43 77.45 81.21 328.87 83.98 195.08 86.47 85.75 393.93 82.14 200.19 95.48 376.87 78.89 80.40 79.91 89.51 76.62 147.13 249.63 206.98 0.00 137.48 89.11 79.27 319.51 218.77 0.00 382.93 375.31 304.67 142.98 78.89 76.05 83.90
91.58 130.51 81.77 379.57 79.74 156.07 76.32 121.97 163.20 395.24 79.74 135.57 0.00 88.67 375.65 86.61 76.48 97.83 376.67 0.00 134.40 84.29 78.33 90.45 222.46 76.98 150.56 142.15 77.78 81.44 131.78 241.28 381.37 93.42 79.07 390.78 201.96 87.81 88.38 376.22 345.17 379.41 0.00 82.83 85.36 91.75 92.70 78.71 89.51 244.48 280.32 86.24 87.81 80.15 376.51 380.79 124.06 86.84 84.40 78.54 117.87
76.87 94.57 378.35 77.22 76.48 275.03 78.27 157.95 93.58 138.73 0.00 272.17 76.11 82.47 322.38 80.00 86.48 79.50 167.12 381.23 129.26 384.15 83.64 378.82 102.18 135.08 79.50 375.35 80.26 0.00 121.21 142.95 85.29 87.27 393.46 397.76 88.38 121.48 86.46 288.35 80.15 379.80 77.57 108.79 89.51 79.69 379.06 399.22 254.59 140.64 76.40 243.46 76.82 139.73 375.91 92.05 80.66 125.04 377.34 85.29 86.74
90.75 80.09 81.36 368.36 236.89 102.18 87.95 90.98 97.83 205.31 106.96 82.11 375.33 376.99 0.00 205.10 214.02 394.50 379.60 157.04 389.31 378.02 377.79 238.16 375.29 91.71 255.93 179.01 314.32 0.00 0.00 87.27 0.00 131.29 223.98 83.98 215.78 76.36 81.51 77.06 374.18 376.81 416.75 386.74 76.28 178.39 379.12 0.00 87.27 377.08 86.24 0.00 375.56 87.31 76.36 76.05 85.27 0.00 0.00 377.68 81.51
0.00 0.00 251.92 100.35 259.02 90.89 95.01 98.45 102.96 82.14 90.91 88.38 82.14 76.19 79.69 131.43 83.58 96.78 90.91 77.69 84.97 170.11 77.81 76.68 115.49 220.87 0.00 377.27 365.47 140.86 87.26 192.77 83.58 77.35 185.38 0.00 213.70 171.34 117.29 84.40 88.91 82.83 122.66 355.03 88.91-9999.00-9999.00-9999.00-9999.00-9999.00-9999.00-9999.00-9999.00-9999.00-9999.00-9999.00-9999.00-9999.00-9999.00-9999.00-9999.00-9999.00-9999.00-9999.00 -9999.00-9999.00-9999.00-9999.00-9999.00-9999.00-9999.00-9999.00-9999.00-9999.00-9999.00-9999.00-9999.00-9999.00-9999.00-9999.00-9999.00-9999.00-9999.00-9999.00-9999.00-9999.00-9999.00 87.32 102.32 163.34 376.28 380.57 82.85 90.98 85.34 76.66 163.55 136.82 303.18 233.00 88.83 352.92
134.51 79.07 370.74 82.83 84.83 93.42 78.38 199.64 83.58 378.66 77.81 86.35 83.83 120.17 376.91 0.00 150.80 76.05 84.14 375.23 75.74 85.20 84.36 92.70 0.00 121.11 225.97 127.58 77.15 373.39 182.85 117.34 95.51-9999.00-9999.00-9999.00-9999.00-9999.00-9999.00-9999.00-9999.00-9999.00-9999.00-9999.00-9999.00-9999.00-9999.00-9999.00-9999.00-9999.00-9999.00-9999.00-9999.00 -9999.00-9999.00-9999.00-9999.00-9999.00-9999.00-9999.00-9999.00-9999.00-9999.00-9999.00-9999.00-9999.00-9999.00-9999.00-9999.00-9999.00-9999.00 109.58-9999.00 91.90 85.46 293.99 79.50 77.63 384.96 390.60 94.57 79.50 376.26 0.00 378.68 93.73 77.10 80.00 120.84 367.62 0.00 379.85 376.48 93.58 106.01 327.04 315.60 378.12 85.96
82.48 378.54 382.28 351.99 0.00 0.00 383.24 377.26 311.50 89.11 93.33 241.95 378.31 181.97 119.76 279.11 79.07 87.70 0.00 84.10 274.58 220.70 83.58-9999.00-9999.00-9999.00-9999.00-9999.00-9999.00-9999.00-9999.00-9999.00-9999.00-9999.00-9999.00-9999.00-9999.00-9999.00-9999.00-9999.00-9999.00-9999.00-9999.00-9999.00-9999.00-9999.00-9999.00 -9999.00-9999.00-9999.00-9999.00-9999.00-9999.00-9999.00-9999.00-9999.00-9999.00-9999.00-9999.00-9999.00-9999.00-9999.00-9999.00-9999.00 89.19 91.27 81.44 388.17 384.63 90.19 389.66 386.25 388.29 97.83 98.67 90.98 171.12 93.33 76.66 386.98 135.91 92.95 85.96 0.00 377.17 0.00 239.69 375.01 376.60 286.30 286.32 375.73 122.13 375.24 155.58 375.03 375.88 114.66 96.77 379.66 96.77
251.01 381.84 244.20 0.00 0.00 378.91 312.35 136.41 265.25 227.33 320.23 357.76 0.00 219.10 334.27 90.92 95.05 104.62 88.77 89.88 375.22 90.19 91.74 375.31 375.60 202.02 107.50 383.56 161.46 209.65 184.63 136.41 381.56 266.69 372.90 375.37 0.00 327.39 327.39 378.21 380.42 327.41 376.27 312.19 377.03 0.00 0.00 376.04 378.66 383.65 375.90 375.42 88.67 237.03 85.96 93.73 85.46 377.53 84.97 90.42 76.11
117.82 174.76 377.06 328.18 161.15 137.07 79.07 87.27 76.75 86.84 116.21 139.79 131.80 90.06 374.31 77.45 139.66 141.48-9999.00-9999.00-9999.00-9999.00-9999.00-9999.00-9999.00-9999.00-9999.00-9999.00-9999.00-9999.00-9999.00-9999.00-9999.00-9999.00-9999.00-9999.00-9999.00-9999.00-9999.00 -9999.00-9999.00-9999.00-9999.00-9999.00-9999.00-9999.00-9999.00-9999.00-9999.00-9999.00-9999.00-9999.00-9999.00-9999.00-9999.00-9999.00-9999.00-9999.00-9999.00-9999.00-9999.00-9999.00-9999.00-9999.00-9999.00-9999.00-9999.00-9999.00-9999.00 78.84 379.80 379.71 90.94 378.21 105.84 369.88 375.91 358.03 377.31 377.31 376.63 376.66 0.00 266.69 0.00 327.39 377.40 185.54 0.00 417.34 414.80 384.81 389.44 389.18 387.92 78.15 95.27 81.35 87.40 93.65 84.50 87.96 84.93 120.17 192.37 227.52 115.65 114.51 375.83 178.29 178.29
316.72 160.31 125.91 155.02 338.99 98.09 88.96 268.01 271.26 85.38 81.08 79.65 134.10 85.38 83.69 77.67 376.66 118.11 357.01 91.19 98.15 97.15 379.75 99.69 379.31 79.65 89.94 78.74 92.61 383.90 99.26 378.88 88.38 383.18 80.93-9999.00-9999.00-9999.00-9999.00-9999.00-9999.00-9999.00-9999.00-9999.00-9999.00-9999.00-9999.00-9999.00-9999.00-9999.00-9999.00-9999.00-9999.00-9999.00-9999.00-9999.00-9999.00 -9999.00-9999.00-9999.00-9999.00-9999.00-9999.00-9999.00-9999.00-9999.00-9999.00-9999.00-9999.00-9999.00-9999.00-9999.00-9999.00-9999.00-9999.00-9999.00-9999.00-9999.00-9999.00-9999.00-9999.00-9999.00-9999.00-9999.00-9999.00-9999.00-9999.00-9999.00-9999.00-9999.00 258.71 241.94 200.24 361.49 376.93 377.31 376.72 375.66 376.68 377.36 375.00 375.00 352.92 375.30 0.00 325.50 378.89 330.23 375.97 377.06 258.10 379.76 381.89 377.37 330.23
82.27 95.27 93.09 135.38-9999.00-9999.00-9999.00-9999.00-9999.00-9999.00-9999.00-9999.00-9999.00-9999.00-9999.00-9999.00-9999.00-9999.00-9999.00-9999.00-9999.00-9999.00-9999.00-9999.00-9999.00-9999.00 -9999.00-9999.00-9999.00-9999.00-9999.00-9999.00-9999.00-9999.00-9999.00-9999.00-9999.00-9999.00-9999.00-9999.00-9999.00-9999.00-9999.00-9999.00-9999.00-9999.00-9999.00-9999.00-9999.00-9999.00-9999.00-9999.00-9999.00-9999.00-9999.00-9999.00-9999.00-9999.00-9999.00-9999.00-9999.00-9999.00-9999.00-9999.00-9999.00-9999.00-9999.00-9999.00-9999.00-9999.00-9999.00 375.28 374.08 375.12 0.00 296.38 375.34 325.47 375.84 227.52 0.00 376.29 375.00 296.38 375.34 330.23 296.38 377.14 375.00 0.00 289.62 318.09 375.65 378.13 253.06 380.51 323.13 375.98 232.25 388.80 375.36 375.10 299.67 382.68 258.10 0.00 0.00 0.00 379.18 232.25 277.73 0.00 375.31 373.03 375.10 287.86 196.39 0.00 0.00 0.00 0.00 0.00 0.00 0.00 125.24 86.34 84.20
101.33 376.81 291.80 83.69 380.46 147.64 79.65 384.57 166.18 83.31 378.92 379.05 255.64 86.35 87.46 386.03 93.91 202.20 380.64 367.59 82.24-9999.00-9999.00-9999.00-9999.00-9999.00-9999.00-9999.00-9999.00-9999.00-9999.00-9999.00-9999.00-9999.00-9999.00-9999.00-9999.00-9999.00-9999.00 -9999.00-9999.00-9999.00-9999.00-9999.00-9999.00-9999.00-9999.00-9999.00-9999.00-9999.00-9999.00-9999.00-9999.00-9999.00-9999.00-9999.00-9999.00-9999.00-9999.00-9999.00-9999.00-9999.00-9999.00-9999.00-9999.00-9999.00-9999.00-9999.00-9999.00-9999.00-9999.00-9999.00-9999.00-9999.00-9999.00-9999.00-9999.00-9999.00-9999.00-9999.00-9999.00-9999.00-9999.00-9999.00-9999.00-9999.00-9999.00-9999.00-9999.00-9999.00 272.54 253.06 0.00 296.38 375.66 325.47 378.35 367.96 232.25 0.00 258.10 380.93 330.35 0.00 376.22 375.24 0.00 296.38 0.00 375.00 296.38 296.38 375.47 330.23 375.31 296.38 0.00 296.38 375.00 325.50 0.00 253.06 374.08 378.36 377.42 377.10 384.48 376.81 228.41
