蒙特卡罗+CDRMV3/输出数据/2D水深分布/WaterDepthGIS_0152.ASC
ncols         539            
nrows         744            
xllcorner     602630.84259341
yllcorner     3914823.670891 
cellsize      50             
NODATA_value  -9999.00       
[rows 0 to 26 of 32, columns 122 to 182 of 539]
80.41 380.88 135.51 75.53 163.75 85.57-9999.00-9999.00-9999.00-9999.00-9999.00-9999.00-9999.00-9999.00-9999.00-9999.00-9999.00-9999.00-9999.00-9999.00 -9999.00-9999.00-9999.00-9999.00-9999.00-9999.00-9999.00-9999.00-9999.00-9999.00-9999.00-9999.00-9999.00-9999.00-9999.00-9999.00-9999.00-9999.00-9999.00-9999.00-9999.00-9999.00-9999.00-9999.00-9999.00-9999.00-9999.00-9999.00-9999.00-9999.00-9999.00-9999.00-9999.00-9999.00-9999.00-9999.00-9999.00-9999.00-9999.00-9999.00-9999.00-9999.00-9999.00-9999.00-9999.00-9999.00-9999.00-9999.00-9999.00-9999.00-9999.00-9999.00-9999.00-9999.00-9999.00-9999.00-9999.00-9999.00-9999.00-9999.00-9999.00-9999.00-9999.00-9999.00-9999.00-9999.00-9999.00-9999.00-9999.00-9999.00-9999.00-9999.00-9999.00-9999.00-9999.00-9999.00-9999.00-9999.00-9999.00-9999.00-9999.00-9999.00-9999.00-9999.00-9999.00-9999.00-9999.00-9999.00-9999.00-9999.00-9999.00-9999.00-9999.00-9999.00-9999.00-9999.00-9999.00-9999.00-9999.00-9999.00-9999.00-9999.00-9999.00-9999.00-9999.00-9999.00-9999.00-9999.00-9999.00-9999.00-9999.00-9999.00-9999.00-9999.00-9999.00-9999.00 74.68 171.64 75.93 128.96 74.50 375.58 386.21 74.52 191.65 0.00 134.33 75.35 358.70 75.35 77.04-9999.00-9999.00-9999.00-9999.00-9999.00-9999.00-9999.00-9999.00-9999.00-9999.00-9999.00-9999.00-9999.00-9999.00 -9999.00-9999.00-9999.00-9999.00-9999.00-9999.00-9999.00-9999.00-9999.00-9999.00-9999.00-9999.00 89.14 79.95 92.21 92.67 80.65 90.03-9999.00-9999.00-9999.00-9999.00-9999.00-9999.00-9999.00-9999.00-9999.00-9999.00-9999.00-9999.00-9999.00-9999.00-9999.00-9999.00-9999.00-9999.00-9999.00-9999.00-9999.00-9999.00-9999.00-9999.00-9999.00-9999.00-9999.00-9999.00-9999.00-9999.00-9999.00-9999.00-9999.00-9999.00-9999.00-9999.00-9999.00-9999.00-9999.00-9999.00-9999.00-9999.00-9999.00-9999.00-9999.00-9999.00-9999.00-9999.00-9999.00-9999.00-9999.00-9999.00-9999.00-9999.00-9999.00-9999.00-9999.00-9999.00-9999.00-9999.00-9999.00-9999.00-9999.00-9999.00-9999.00-9999.00-9999.00-9999.00-9999.00-9999.00-9999.00-9999.00-9999.00-9999.00-9999.00-9999.00-9999.00-9999.00-9999.00-9999.00-9999.00-9999.00-9999.00-9999.00-9999.00-9999.00-9999.00-9999.00-9999.00-9999.00-9999.00-9999.00-9999.00-9999.00-9999.00-9999.00-9999.00 75.20 112.79 154.83 375.80 76.05 299.72 384.52 81.10 82.10 75.35 0.00 78.69 335.85 76.57 82.50 135.85 83.47-9999.00-9999.00-9999.00-9999.00-9999.00-9999.00-9999.00-9999.00-9999.00-9999.00-9999.00-9999.00-9999.00 -9999.00-9999.00-9999.00-9999.00-9999.00-9999.00-9999.00-9999.00-9999.00-9999.00-9999.00 79.95 144.21 186.08 93.54 190.11 304.64 77.94-9999.00-9999.00-9999.00-9999.00-9999.00-9999.00-9999.00-9999.00-9999.00-9999.00-9999.00-9999.00-9999.00-9999.00-9999.00-9999.00-9999.00-9999.00-9999.00-9999.00-9999.00-9999.00-9999.00-9999.00-9999.00-9999.00-9999.00-9999.00-9999.00-9999.00-9999.00-9999.00-9999.00-9999.00-9999.00-9999.00-9999.00-9999.00-9999.00-9999.00-9999.00-9999.00-9999.00-9999.00-9999.00-9999.00-9999.00-9999.00-9999.00-9999.00-9999.00-9999.00-9999.00-9999.00-9999.00-9999.00-9999.00-9999.00-9999.00-9999.00-9999.00-9999.00-9999.00-9999.00-9999.00-9999.00-9999.00-9999.00-9999.00-9999.00-9999.00-9999.00-9999.00-9999.00-9999.00-9999.00-9999.00-9999.00-9999.00-9999.00-9999.00-9999.00-9999.00-9999.00-9999.00-9999.00-9999.00-9999.00-9999.00-9999.00-9999.00-9999.00-9999.00-9999.00-9999.00-9999.00-9999.00 82.63 83.25 86.33 75.82 378.92 384.60 80.09
114.79 84.52 230.39 75.62 82.93 85.70 83.32 75.93 88.03 87.22 75.20 87.90 129.97 79.21 82.67 0.00 175.08 75.13 77.79 248.89 378.66 383.58 381.95 75.93 74.84 216.95 120.43 85.57-9999.00-9999.00 -9999.00-9999.00-9999.00-9999.00-9999.00-9999.00-9999.00-9999.00-9999.00-9999.00-9999.00-9999.00-9999.00-9999.00-9999.00 74.51 127.78 354.98 75.23 73.92 0.00 88.59 91.42 136.99 84.15-9999.00-9999.00-9999.00-9999.00-9999.00-9999.00-9999.00-9999.00-9999.00-9999.00-9999.00-9999.00-9999.00-9999.00-9999.00-9999.00-9999.00-9999.00-9999.00-9999.00-9999.00-9999.00-9999.00-9999.00-9999.00-9999.00-9999.00-9999.00-9999.00-9999.00-9999.00-9999.00-9999.00-9999.00-9999.00-9999.00-9999.00-9999.00-9999.00-9999.00-9999.00 82.25 97.70-9999.00-9999.00-9999.00-9999.00-9999.00-9999.00 85.41 84.53 119.67 84.76 81.85 380.52 78.45 86.17 334.91 181.14-9999.00-9999.00-9999.00-9999.00-9999.00-9999.00-9999.00-9999.00 75.72 116.59 140.06 385.09 290.91 85.56 370.82 86.17 79.21 378.01
75.46 184.73 140.77 375.37 0.00 135.77 119.70 75.46 74.44 400.14 239.58 88.33 174.83 95.46 93.54 99.45-9999.00-9999.00-9999.00-9999.00-9999.00-9999.00-9999.00-9999.00-9999.00-9999.00-9999.00-9999.00-9999.00-9999.00-9999.00-9999.00-9999.00-9999.00-9999.00-9999.00-9999.00-9999.00-9999.00-9999.00-9999.00-9999.00 78.45 100.17 86.69 97.70 80.75 88.03 88.47 208.84 89.45 377.95 83.81 376.84 85.41 83.05 88.94 88.47 76.17 135.94 377.92 88.03 77.22 0.00 0.00 365.87 78.69 78.00 119.60 381.46 78.00 83.81 80.09 85.70 83.81 75.53 167.71 75.93 83.05 74.75 379.55 118.74 84.00 81.47 75.62 76.57 75.82
134.44 180.87 0.00 0.00 295.22 77.40 78.69 83.11 93.64 83.18 78.45 0.00 153.84 0.00 153.84 378.97 186.54 82.67 88.27 417.42 377.95 376.76 83.56 91.60-9999.00-9999.00-9999.00-9999.00-9999.00-9999.00 -9999.00-9999.00-9999.00-9999.00-9999.00-9999.00-9999.00-9999.00-9999.00-9999.00-9999.00-9999.00 221.44 88.37 79.62 77.48 111.43 174.75 349.43 0.00 148.73 75.23 74.11 0.00 377.60 75.46 73.92 241.73 75.72 377.97 84.68 139.67 83.75-9999.00-9999.00-9999.00-9999.00 91.81 93.08 75.34 175.63 378.93 78.22 381.48 77.22 83.56 208.04 87.28 186.96 81.85 361.91 87.82
128.81 138.28 79.31 93.54 323.58 87.84 82.25 378.36 87.68 379.29 141.81 94.90 87.16 79.31 82.39 75.86 387.64 378.09 89.72 382.01 152.55 87.90 100.17 96.84 85.14 80.41 87.62 79.21 364.22 0.00 89.72 380.31 74.80 0.00 76.88 128.55 81.85 88.03 90.75 107.76 75.35 315.15 136.64 76.30 81.10 0.00 74.89 84.76 84.20 79.21 80.41 85.41 317.31 80.09 0.00 120.25 75.44 154.54 84.30 115.47 318.69
87.90 94.09 78.69 136.25 113.11 77.40 79.78 380.95 74.54 0.00 82.25 84.00 74.48 0.00 74.71 89.72 87.04 375.78 82.25 84.52 376.85 75.62 137.97 83.72 75.53 0.00 114.27 75.53 75.82 161.51 0.00 200.18 124.25 302.67 96.84 207.24 129.94 75.93 84.30 157.64 96.40 380.17 341.88 75.93 88.25 76.57 136.25 396.36 380.29 74.95 381.10 133.67 79.49 75.35 376.47 173.83 88.25 351.63 75.07 239.22 87.82
82.25 93.54 89.72 112.44 377.90 76.88 379.12 378.67 0.00 0.00 75.28 126.15 0.00 112.70 75.07 88.47 82.25 381.74 74.80 75.20 157.70 84.64 76.05 75.82 0.00 114.02 75.72 82.28 123.35 0.00 79.78 279.76 77.04 127.23 85.41 90.28 117.55 254.34 99.56 378.93 385.54 322.34 246.43 90.91 340.18 219.50 75.62 91.97 82.50 74.75 0.00 83.11 86.50 127.66 84.10 84.20 85.27 75.72 200.32 77.22 84.30
299.14 287.90 93.77 336.35 87.61 89.99 80.41 83.11 75.93 125.52 131.62 81.85 0.00 80.09 385.16 376.10 328.47 200.72 76.30 76.05 125.21 82.87 83.81 77.40 0.00 75.01 85.85 125.14 0.00 75.20 75.07 117.60 83.72 83.05 87.82 80.75 74.95 117.36 193.31 95.88 0.00 112.88 75.07 84.30 75.72 86.01 83.63 78.00 262.03 112.88 0.00 86.12 86.17 84.41 83.32 79.49 113.21 380.47 113.38 83.81 77.59
75.63 74.47 86.17 265.47 78.45 84.53 149.29 76.17 115.29 376.14 377.63 84.04 0.00 78.22 384.01 379.64 382.96 77.22 77.40 84.20 92.36 158.28 376.20 77.79 83.56 96.40 83.55 83.11 0.00 340.76 137.89 75.20 83.55 232.10 118.89 77.40 91.24 220.78 375.52 0.00 179.16 75.44 94.79 130.76 385.13 375.14 85.70 92.36 74.52 264.23 89.19 80.41 0.00 113.85 81.10 83.47 84.20 82.31 78.00 378.30 0.00
159.31 0.00 0.00 85.56 88.47 94.09 142.38 89.72 144.72 124.13 0.00 86.12 359.03 132.99 127.04 82.82 84.10 83.63 76.17 143.12 378.79 0.00 0.00 137.85 81.10 0.00 85.57 137.21 137.39 76.72 83.11 125.37 81.85 378.57 0.00 101.90 381.53 381.20 119.24 78.22 85.85 85.01 83.47 78.00 77.79 95.95 91.24 179.47 79.49 141.67 93.20-9999.00-9999.00-9999.00-9999.00-9999.00-9999.00-9999.00-9999.00 -9999.00-9999.00-9999.00-9999.00-9999.00-9999.00-9999.00-9999.00-9999.00-9999.00 81.97 115.16 116.61 0.00 377.52 74.66 78.19 83.99 84.96
0.00 375.53 77.78 0.00 386.88 381.18 314.22 0.00 375.62 370.68 251.06 86.45 86.50 83.11 386.20 76.88 78.00 76.17 76.05 88.94 89.72 359.25 135.89 84.04-9999.00-9999.00-9999.00-9999.00-9999.00-9999.00-9999.00-9999.00 -9999.00-9999.00-9999.00-9999.00-9999.00-9999.00-9999.00-9999.00-9999.00-9999.00 85.44 125.29 113.46 0.00 199.85 85.61 93.37 81.47 73.95 84.68 393.52 74.02 82.61 82.94 74.09 0.00 144.49 74.58 92.64 79.95 130.34 74.31 190.11 380.39 213.78 117.87 79.01 75.02 218.20 382.35 87.84 83.64 387.55 75.59 87.38 85.23
0.00 78.19 88.59 81.41 130.54 123.42 76.86 0.00 287.03 274.22 114.18 84.68 88.08 379.01 89.42 131.74 348.41 78.45 86.15 376.59 83.03 74.31 165.79 0.00 84.66 90.69 84.96 81.78 73.79 83.42 86.74 376.02 81.74 278.36 81.25 82.94 73.76 324.16 0.00 160.25 127.40 73.89 81.56 80.65 304.68 77.22 146.84 374.76 374.68 74.71 143.48 0.00 132.67 75.20 85.01 86.67 76.05 139.99 0.00 119.69 83.56
0.00 121.89 76.67 183.67 91.66 73.80 141.23 332.18 378.60 158.77 86.95 78.69 0.00 379.96 79.21 397.58 77.04 103.60 85.04 128.51 0.00 140.20 77.59 75.93 381.29 81.47 80.09 174.14 89.45 376.17 88.71 74.47 386.19 97.89 76.30 86.69 0.00 376.44 336.72 81.85 79.49 376.53 74.50 84.41 76.57 380.21 77.79 324.46 376.96 384.12 87.90 93.68 173.73 382.37 236.00 376.32 258.62 258.62 0.00 375.41 376.19
86.12 77.40 82.67 275.84 0.00 0.00 267.12 376.71 378.77 258.69 0.00 0.00 0.00 104.14 176.12 218.37 0.00 0.00 0.00 79.73 0.00 0.00 380.84 94.09 77.59 351.12 377.05 113.89 75.53 76.72 88.03-9999.00-9999.00-9999.00-9999.00-9999.00-9999.00-9999.00-9999.00-9999.00-9999.00-9999.00-9999.00-9999.00-9999.00 -9999.00-9999.00-9999.00-9999.00-9999.00-9999.00-9999.00-9999.00-9999.00-9999.00 90.73 171.50 221.03 85.12 157.69 147.27 365.13 84.52 85.12 340.33 374.74 0.00 79.62 73.81 74.15 82.70 83.75 83.64 196.00 77.70 118.57 0.00 308.33 0.00 136.50 113.72 112.72 82.39 74.92
0.00 113.89 74.25 88.96 0.00 151.35 112.67 83.12 81.74 78.45 0.00 74.74 185.13 75.86 88.08 147.56 83.99 81.70 74.58 83.32 74.06 0.00 0.00 116.19 74.06 316.16 124.47 82.46 88.59 77.26 359.99 84.81 126.43 349.56 144.02 116.40 75.07 379.67 0.00 376.10 375.31 370.26 84.53 100.42 85.67 85.92 75.82 78.22 340.25 298.86 82.47 381.05 114.78 77.04 76.57 168.82 83.63 117.83 77.40 369.68 208.63
236.08 208.84 0.00 133.08 73.79 76.55 84.41 384.45 377.11 376.43 74.68 85.56 74.54 115.55 84.52 85.56 76.30-9999.00-9999.00-9999.00-9999.00-9999.00-9999.00-9999.00-9999.00-9999.00-9999.00-9999.00-9999.00-9999.00-9999.00-9999.00-9999.00 -9999.00-9999.00-9999.00-9999.00-9999.00-9999.00-9999.00-9999.00-9999.00-9999.00-9999.00-9999.00-9999.00-9999.00-9999.00-9999.00-9999.00 99.50 87.02 80.65 77.94 85.12 75.72 73.87 119.59 0.00 74.15 85.96 75.59 218.18 73.83 168.42 379.52 74.15 387.39 0.00 117.47 76.67 74.74 0.00 81.41 82.13 74.37 167.95 376.11 0.00 382.29 381.47 377.84 317.45 162.45 76.01 81.36 114.40 175.54 368.96 0.00 81.02 83.03 83.64
92.36 379.31 77.04 134.09 84.20 76.17 75.35 381.46 77.59 83.32 76.43 74.45 112.95 0.00 121.72 86.69 89.45 96.40 227.88 80.07 87.76 77.59 89.45 176.84 117.41 75.53 88.03 290.13 166.76 124.43 87.90-9999.00-9999.00-9999.00-9999.00-9999.00-9999.00-9999.00-9999.00-9999.00-9999.00-9999.00-9999.00-9999.00-9999.00-9999.00-9999.00-9999.00-9999.00-9999.00 -9999.00-9999.00-9999.00-9999.00-9999.00-9999.00-9999.00-9999.00-9999.00-9999.00-9999.00-9999.00-9999.00-9999.00-9999.00-9999.00-9999.00 78.72 267.15 138.49 79.62 179.43 363.50 74.92 0.00 139.45 77.70 85.80 88.86 87.16 85.78 75.86 77.70 85.12 89.72 77.26 111.45 151.85 0.00 94.90 379.06 73.99 86.74 77.48 94.49 86.95
178.35 76.72 117.10 165.55 82.63 83.05 75.44 85.41 82.72 75.72 74.52 116.26 174.30 382.85 405.70 379.97 0.00 0.00 84.53 377.55 376.82 377.15 246.67 141.66 112.60 74.89 78.69 138.53 84.76 89.45-9999.00-9999.00-9999.00-9999.00-9999.00-9999.00-9999.00-9999.00-9999.00-9999.00-9999.00-9999.00-9999.00-9999.00-9999.00-9999.00-9999.00-9999.00-9999.00-9999.00-9999.00 -9999.00-9999.00-9999.00-9999.00-9999.00-9999.00-9999.00-9999.00-9999.00-9999.00-9999.00-9999.00-9999.00-9999.00-9999.00-9999.00-9999.00-9999.00-9999.00 91.66 376.90 141.64 87.68 382.51 83.64 89.72 148.48 91.05 359.07 76.32 80.29 202.28 263.84 124.02 113.52 377.12 0.00 157.64 111.92 86.40 77.26 117.10 0.00 305.81 117.99 74.83 74.06 75.86 114.21
376.77 85.01 75.62 363.30 0.00 0.00 0.00 0.00 79.49 77.40 94.98 0.00 0.00 0.00 81.85 75.53 116.94 376.84 74.49 74.51 124.62 248.24 74.75 86.01-9999.00-9999.00-9999.00-9999.00-9999.00-9999.00-9999.00-9999.00-9999.00-9999.00-9999.00-9999.00-9999.00-9999.00-9999.00-9999.00-9999.00 -9999.00-9999.00-9999.00-9999.00-9999.00-9999.00-9999.00-9999.00-9999.00-9999.00-9999.00-9999.00-9999.00-9999.00-9999.00-9999.00-9999.00-9999.00-9999.00-9999.00-9999.00-9999.00-9999.00-9999.00-9999.00 176.72 282.22 377.81 375.56 379.80 389.46 379.87 0.00 0.00 0.00 0.00 0.00 366.06 77.94 79.01 164.66 88.37 0.00 0.00 0.00 0.00 0.00 332.96 106.62 0.00 0.00 376.93 282.13 365.11 378.78 270.33 376.03 89.88 91.31 84.48 90.64
381.54 113.80 75.93-9999.00-9999.00-9999.00-9999.00-9999.00-9999.00-9999.00-9999.00-9999.00-9999.00-9999.00-9999.00-9999.00-9999.00-9999.00-9999.00-9999.00-9999.00 -9999.00-9999.00-9999.00-9999.00-9999.00-9999.00-9999.00-9999.00-9999.00-9999.00-9999.00-9999.00-9999.00-9999.00-9999.00-9999.00-9999.00-9999.00-9999.00-9999.00-9999.00-9999.00-9999.00-9999.00 104.29 85.61 83.53 76.16 380.14 80.65 83.42 81.59 82.85 123.71 112.26 114.18 91.42 80.65 77.94 80.65 0.00 379.28 359.95 153.87 88.37 94.98 89.10 289.12 377.83 381.46 208.97 84.15 291.97 88.37 368.72 171.15 0.00 274.84 99.98 273.76 193.44 81.82 82.69 79.01 315.86 84.15 383.50 377.91 82.25 89.10 237.35 377.76 380.15 84.15 93.54 79.31 304.83 0.00 0.00 0.00 0.00
0.00 81.82 83.12 75.72 116.07 358.62 0.00 379.13 98.23 151.62 75.50 113.05 87.84 375.21 134.12 88.59 77.94 91.66 325.75 98.23 418.38 316.79 112.49 96.03 77.70 315.69 377.40 0.00 0.00 109.96 90.03 84.15 84.15 90.03 105.87 118.36 375.71 201.74 85.23 111.26 78.45 127.03 321.11 378.26 378.41 242.44 0.00 242.44 375.73 250.46 265.51 371.26 384.65 375.49 232.03 383.40 191.78 89.88 85.23 0.00 375.60
377.38 0.00 376.37 381.61 300.96 377.01 375.45 111.32 166.81 112.21 83.16 362.49 85.23 342.53 224.98 87.29 119.62 403.22 164.84 340.73 101.04 86.40 387.49 403.45 0.00 0.00 362.97 329.13 384.84 103.31 93.08 273.85 84.15 232.23 79.01 78.72 377.29 220.28 348.86 134.71 0.00 378.08 0.00 375.12 367.63 376.09 292.23 375.26 0.00 216.78 377.19 244.23 85.64 113.58 91.78 76.16 77.40 91.60 89.99 95.02 88.25
0.00 376.75 0.00 304.92 375.32 375.38 380.41 326.90 326.92 376.62 0.00 376.08 0.00 375.25 379.97 98.53 111.15 375.81 95.17 325.54 91.66 78.34 354.50 129.10 81.41 76.05 113.59 366.30 267.91 0.00 377.51 256.90 93.59 137.30 84.10 114.09 142.82 385.18 113.09 375.72 340.28 133.22 132.97 76.88 233.51 260.88 325.97 75.20 137.67 377.59 75.82 161.26-9999.00-9999.00-9999.00-9999.00-9999.00-9999.00-9999.00-9999.00-9999.00-9999.00-9999.00-9999.00-9999.00-9999.00-9999.00-9999.00-9999.00-9999.00-9999.00-9999.00-9999.00-9999.00 -9999.00-9999.00-9999.00-9999.00-9999.00-9999.00-9999.00-9999.00-9999.00-9999.00-9999.00-9999.00-9999.00-9999.00-9999.00-9999.00-9999.00-9999.00-9999.00-9999.00-9999.00-9999.00-9999.00-9999.00-9999.00-9999.00-9999.00-9999.00 89.88 130.45 97.39 93.54 88.37 76.67 376.49 86.40
376.75 375.73 123.53 350.40 0.00 168.09 98.56 239.43 309.56 324.03 377.68 379.75 255.48 99.45 88.37 375.43 322.83 257.50 377.04 380.03 381.43 0.00 0.00 0.00 0.00 0.00 376.72 189.97 295.81 116.82 189.97 336.16 0.00 295.81 375.57 0.00 377.53 375.18 295.81 377.13 295.81 0.00 0.00 0.00 0.00 0.00 0.00 0.00 377.30 165.93 96.04 90.82 376.85 391.44 379.14 81.88 93.43 355.35 112.50 75.38 78.22
380.21 82.67 94.79 382.32 88.20-9999.00-9999.00-9999.00-9999.00-9999.00-9999.00-9999.00-9999.00-9999.00-9999.00-9999.00-9999.00-9999.00-9999.00-9999.00-9999.00-9999.00-9999.00-9999.00-9999.00-9999.00 -9999.00-9999.00-9999.00-9999.00-9999.00-9999.00-9999.00-9999.00-9999.00-9999.00-9999.00-9999.00-9999.00-9999.00-9999.00-9999.00-9999.00-9999.00-9999.00-9999.00-9999.00-9999.00-9999.00-9999.00-9999.00-9999.00-9999.00-9999.00-9999.00-9999.00-9999.00-9999.00-9999.00 354.18 377.53 379.14 165.66 385.81 382.95 376.40 377.30 271.63 295.81 295.81 295.81 271.63 271.63 0.00 375.23 375.14 378.84 375.43 377.80 379.88 378.78 378.47 379.00 394.71 85.50 83.03 379.44 385.39 251.94 397.56 388.47 394.65 363.18 94.25 100.12 99.38 85.50 376.48 376.63 375.52 376.40 264.53 93.69 92.64 377.47 90.03 375.94 382.70 0.00 376.02 375.17 298.26 84.22 110.24
295.81 295.81 392.78 295.81 375.13 225.94 0.00 375.91 276.80 379.34 242.54 377.68 379.22 165.93 362.41 324.45 392.09 389.14 381.32 256.96 276.80 382.14 378.10 377.32 0.00 378.90 375.68 375.68 0.00 0.00 0.00 0.00 0.00 375.61 348.33 278.72 365.38 122.13 82.18 144.10 0.00 216.35 113.69 83.03 224.24 74.82 92.39 97.72 90.02 237.86 81.41 382.78 375.57 78.22 81.41 97.72 93.22 148.32 77.23 86.46 92.39
380.29 81.59 87.34 379.99 82.11-9999.00-9999.00-9999.00-9999.00-9999.00-9999.00-9999.00-9999.00-9999.00-9999.00-9999.00-9999.00-9999.00-9999.00-9999.00-9999.00-9999.00-9999.00 -9999.00-9999.00-9999.00-9999.00-9999.00-9999.00-9999.00-9999.00-9999.00-9999.00-9999.00-9999.00-9999.00-9999.00-9999.00-9999.00-9999.00-9999.00-9999.00-9999.00-9999.00-9999.00-9999.00-9999.00-9999.00-9999.00-9999.00-9999.00-9999.00-9999.00-9999.00-9999.00-9999.00-9999.00-9999.00-9999.00-9999.00-9999.00-9999.00-9999.00-9999.00-9999.00-9999.00-9999.00-9999.00-9999.00-9999.00-9999.00-9999.00-9999.00-9999.00 295.81 0.00 251.94 295.81 375.62 375.11 0.00 0.00 0.00 378.49 230.64 318.78 364.97 0.00 315.59 375.12 0.00 295.81 295.81 0.00 375.00 375.00 295.81 375.68 375.41 295.81 295.81 0.00 375.00 295.81 376.45 0.00 225.94 271.63 315.57 226.00 375.63 375.43 375.43 172.32 81.08 194.64 97.47 391.30 379.31 379.97 382.63 75.03 84.22 85.20 98.26 80.06 385.14 159.54 86.66
