蒙特卡罗+CDRMV3/输出数据/2D水深分布/WaterDepthGIS_0156.ASC
ncols         539            
nrows         744            
xllcorner     602630.84259341
yllcorner     3914823.670891 
cellsize      50             
NODATA_value  -9999.00       
[rows 0 to 26 of 32, columns 183 to 243 of 539]
84.40 73.68 230.11 0.00 380.89 377.24 378.23 314.32 254.15 77.96-9999.00-9999.00-9999.00-9999.00-9999.00-9999.00-9999.00-9999.00-9999.00-9999.00-9999.00-9999.00-9999.00 -9999.00-9999.00-9999.00-9999.00-9999.00-9999.00-9999.00-9999.00-9999.00-9999.00-9999.00 80.99 183.82 378.24 84.11 379.29 77.32 83.58 88.16 79.32-9999.00-9999.00-9999.00-9999.00-9999.00-9999.00-9999.00-9999.00-9999.00-9999.00-9999.00-9999.00-9999.00-9999.00-9999.00-9999.00-9999.00-9999.00-9999.00-9999.00-9999.00-9999.00-9999.00-9999.00-9999.00-9999.00-9999.00-9999.00-9999.00-9999.00-9999.00-9999.00-9999.00-9999.00-9999.00-9999.00-9999.00-9999.00-9999.00-9999.00-9999.00-9999.00-9999.00-9999.00-9999.00-9999.00-9999.00-9999.00-9999.00-9999.00-9999.00-9999.00-9999.00-9999.00-9999.00-9999.00-9999.00-9999.00-9999.00-9999.00-9999.00-9999.00-9999.00-9999.00-9999.00-9999.00-9999.00-9999.00-9999.00-9999.00-9999.00-9999.00-9999.00-9999.00-9999.00-9999.00-9999.00-9999.00-9999.00-9999.00-9999.00-9999.00-9999.00-9999.00-9999.00-9999.00-9999.00-9999.00-9999.00-9999.00-9999.00-9999.00-9999.00-9999.00 75.65 118.89 203.19 377.77 379.50 286.05 73.68 82.69 73.61 176.07 85.12 0.00 81.64 183.31 79.40 184.86 80.44 85.33-9999.00-9999.00-9999.00-9999.00-9999.00-9999.00-9999.00-9999.00-9999.00-9999.00-9999.00-9999.00-9999.00 -9999.00-9999.00-9999.00-9999.00-9999.00-9999.00-9999.00-9999.00-9999.00-9999.00 209.05 131.83 76.77 380.61 96.59 378.35 291.89 74.24 132.22 210.01 106.95-9999.00-9999.00-9999.00-9999.00-9999.00-9999.00-9999.00-9999.00-9999.00-9999.00-9999.00-9999.00-9999.00-9999.00-9999.00-9999.00-9999.00-9999.00-9999.00-9999.00-9999.00-9999.00-9999.00-9999.00-9999.00-9999.00-9999.00-9999.00-9999.00-9999.00-9999.00-9999.00-9999.00-9999.00-9999.00-9999.00-9999.00-9999.00-9999.00-9999.00-9999.00-9999.00-9999.00-9999.00-9999.00-9999.00-9999.00-9999.00-9999.00-9999.00-9999.00-9999.00-9999.00-9999.00-9999.00-9999.00-9999.00-9999.00-9999.00-9999.00-9999.00-9999.00-9999.00-9999.00-9999.00-9999.00-9999.00-9999.00-9999.00-9999.00-9999.00-9999.00-9999.00-9999.00-9999.00-9999.00-9999.00-9999.00-9999.00-9999.00-9999.00-9999.00-9999.00-9999.00-9999.00-9999.00-9999.00-9999.00-9999.00-9999.00-9999.00-9999.00-9999.00 74.63 118.41 369.43 76.11 76.45 155.23 82.87 73.61 130.19 198.46 342.00
173.61 376.18 147.14 88.70 378.61 73.91 82.78 111.51 84.12 83.28 84.26 73.96 143.58 0.00 227.76 73.63 151.05 82.44 73.76 123.56 129.68 74.72 73.63 84.84 83.62 81.95 75.51 73.66 0.00 201.43 75.38 79.40 377.15 0.00 264.94 232.68 378.37 365.91 73.76 85.50-9999.00-9999.00-9999.00 -9999.00-9999.00-9999.00-9999.00-9999.00-9999.00-9999.00-9999.00-9999.00-9999.00-9999.00-9999.00-9999.00-9999.00-9999.00 80.83 73.22 246.02 375.25 72.72 0.00 330.56 365.54 131.29 78.25-9999.00-9999.00-9999.00-9999.00-9999.00-9999.00-9999.00-9999.00-9999.00-9999.00-9999.00-9999.00-9999.00-9999.00-9999.00-9999.00-9999.00-9999.00-9999.00-9999.00-9999.00-9999.00-9999.00-9999.00-9999.00-9999.00-9999.00-9999.00-9999.00-9999.00-9999.00-9999.00-9999.00-9999.00-9999.00-9999.00-9999.00-9999.00-9999.00-9999.00 116.06 171.75 90.17 84.02-9999.00-9999.00-9999.00-9999.00 75.65 119.75 366.58 377.46 83.01 381.48
128.01 75.13 76.45 86.83 86.29 0.00 0.00 0.00 0.00 0.00 351.59 127.66 88.94 0.00 0.00 0.00 207.22 115.70 74.11 75.02 0.00 80.82 74.11 76.83 106.31 0.00 76.28 87.95 80.82 0.00 376.74 166.21 116.06 376.39 236.63 114.89 76.28 85.86 97.68-9999.00-9999.00-9999.00-9999.00-9999.00 -9999.00-9999.00-9999.00-9999.00-9999.00-9999.00-9999.00-9999.00-9999.00-9999.00-9999.00-9999.00 72.66 141.66 357.99 72.44 243.76 0.00 77.32 80.31 80.49 83.58 74.86 380.41 121.60 77.04 265.89 182.35 81.94 213.36 183.20-9999.00-9999.00-9999.00-9999.00-9999.00-9999.00-9999.00-9999.00-9999.00-9999.00-9999.00-9999.00-9999.00-9999.00-9999.00-9999.00-9999.00-9999.00-9999.00-9999.00-9999.00-9999.00 75.79 99.12
75.25 201.52 380.81 419.01 76.64 92.94 135.61 76.28 178.49 377.44 84.69 118.25 0.00 116.06 85.16 95.87 336.08 85.50 83.01 332.25 375.68 74.17 120.59 0.00 77.96 84.40 85.68 86.04 155.15 84.26 78.22 0.00 363.55 74.24 145.15 304.85 73.76 94.40 88.94 75.02 130.35 74.46 114.15 376.36 376.72 362.14 203.69 84.40 74.63 74.91 75.95 76.64 87.05 79.08 74.54 117.43 83.28 121.80 0.00 0.00 0.00
215.35 74.72 82.36 74.38 92.49 84.54 81.47 115.58 385.08 77.04 82.60 75.13 82.78 81.22 383.17 375.47 92.94 75.95 75.95 380.60 221.47 81.90 89.54 86.04 78.22 378.05 128.62 81.64 81.07 73.96 139.36 75.38 116.40 385.39 351.41 137.96 213.76 0.00 376.05 332.49 184.92 95.22 394.93 338.82 148.22 82.07-9999.00-9999.00-9999.00-9999.00-9999.00-9999.00-9999.00-9999.00-9999.00-9999.00 -9999.00-9999.00-9999.00-9999.00-9999.00-9999.00-9999.00-9999.00-9999.00 375.32 84.11 249.58 81.94 82.30 78.59 135.33 74.10 121.77 112.63 0.00 74.86 73.51 79.55
318.74 135.30 84.12 86.43 89.54 81.59 152.67 111.92 73.76 137.57 347.23 77.25 376.12 88.94 0.00 376.95 127.27 0.00 376.47 376.11 80.94 79.73 287.66 78.22 81.64 375.75 77.48 87.95-9999.00-9999.00-9999.00-9999.00-9999.00-9999.00-9999.00-9999.00-9999.00 -9999.00-9999.00-9999.00 82.45 346.74 389.22 377.45 74.86 80.90 73.73 402.41 120.03 128.49 82.98 82.98 377.99 75.03 72.50 116.99 148.45 0.00 380.48 378.34 343.19 73.62 78.25 83.27 78.59 380.50 82.98 80.68 376.36 82.55 83.12 380.61
163.17 113.51 82.69 84.40 75.02 73.68 153.59 356.49 376.80 74.11 73.66 111.74 386.96 383.82 0.00 87.55 103.84 113.65 103.84 172.27 115.31 379.49 378.06 342.12 76.83 381.85 405.10 77.96 83.01 211.03-9999.00-9999.00-9999.00-9999.00-9999.00-9999.00-9999.00 -9999.00-9999.00-9999.00-9999.00 168.11 372.91 89.29 81.83 380.24 75.03 380.32 85.99 72.91 112.77 87.71 72.52 121.82 388.68 72.22 0.00 117.44 85.99 375.91 114.65 75.03 316.92 73.62 80.54 78.25 110.79 128.56 0.00 130.78 90.87
111.53 232.26 81.22 385.32 78.22 83.62 75.95 136.10 278.02 74.38 113.78 390.82 0.00 218.79 82.53 261.67 96.71 90.54 105.04 379.00 249.59 225.47 382.69 380.56 385.62 132.00 76.28 91.24 78.78 74.46-9999.00-9999.00-9999.00-9999.00-9999.00-9999.00-9999.00 -9999.00-9999.00-9999.00-9999.00-9999.00-9999.00 90.87 227.22 80.31 73.73 0.00 72.31 81.83 79.92 72.37 378.25 81.33 115.19 0.00 72.56 79.59 72.61 134.10 72.27 80.16 86.90 73.22 124.16 283.59 81.15 110.37 0.00 114.49 77.32 81.94 74.53
266.56 95.95 380.70 99.14 203.66 85.05 94.87 84.19 371.82 74.91 85.33 379.51 261.67 117.63 80.08 83.01-9999.00-9999.00-9999.00-9999.00-9999.00-9999.00-9999.00-9999.00 -9999.00-9999.00-9999.00-9999.00-9999.00-9999.00-9999.00-9999.00-9999.00 81.33 73.06 0.00 74.24 72.56 145.43 0.00 136.67 110.57 177.92 112.39 75.03 72.98 376.05 189.84 84.11 72.37 153.45 151.70 76.27 87.71 378.25 0.00 376.17 202.26 79.82 82.83 74.10 199.44 72.84 0.00 115.40 0.00 91.72 383.94 111.27 81.94 72.78 378.23 375.22 81.46 85.70 82.17 80.55
129.57 385.93 73.85 80.98 75.82 199.73 82.83 72.56 0.00 140.76 126.45 72.22 378.92 223.60 375.18 111.26 76.77 82.83 84.28 117.04 82.42 84.71 90.42 79.71 78.25 85.34 245.78 86.68 378.40 76.27 93.70 85.99 137.41 185.05 223.83 161.70 72.78 80.03 76.45 0.00 73.58 74.72 378.65 373.32 73.96 90.17 81.73 123.07 112.33 287.52 378.87 0.00 250.67 363.71 134.27 90.54 85.16 81.22 84.56 109.95 93.90
94.72 392.44 82.45 90.42 77.62 171.02 81.15 72.19 322.49 376.11 0.00 88.16 83.92 139.95 74.34 233.99 330.06 83.01 77.04 74.01 114.13 134.95 288.70 0.00 74.17 89.54 132.73 86.91 74.72 377.59 391.71 378.05 376.60 250.50 78.78 333.22 82.07 85.00 73.79 82.87 87.49 81.59 73.79 214.19 75.51 0.00 178.20 75.95 77.48 84.69 378.07 213.00 124.25 73.91 83.07 201.66 85.50 82.60 74.31 139.39 193.41
76.11 153.68 136.69 93.42 81.84 73.79 352.63 382.36 114.79 83.50 75.25 119.28 379.48 0.00 250.07 165.08 121.61 73.57 82.87 76.28 168.29 245.33 82.36 84.84 84.54 378.62 86.23 327.01 81.22 317.06 82.07 370.62 82.53 141.67 379.99 378.06 0.00 0.00 375.23 108.67 192.05 384.41 78.11 95.22 91.22 87.24 89.07 108.88 354.01 84.68 377.63 73.68 88.44 113.96 332.02 251.71 80.08-9999.00-9999.00-9999.00-9999.00-9999.00-9999.00-9999.00-9999.00-9999.00-9999.00 -9999.00-9999.00-9999.00-9999.00-9999.00-9999.00-9999.00-9999.00-9999.00 72.56 113.91 386.84
101.01 355.96 119.88 379.60 165.64 74.97 83.37 94.89 214.96 74.91 73.59 73.62 73.59 83.39 333.89 178.45 76.28-9999.00-9999.00-9999.00-9999.00-9999.00-9999.00-9999.00-9999.00-9999.00-9999.00-9999.00-9999.00-9999.00 -9999.00-9999.00-9999.00-9999.00-9999.00-9999.00-9999.00-9999.00-9999.00 82.45 329.56 369.47 73.85 73.41 378.57 118.17 77.32 379.61 383.42 0.00 337.35 80.12 0.00 73.22 229.16 128.09 94.39 85.26 72.56 0.00 151.19 83.58 82.83 116.50 382.56 134.73 128.75 75.21 72.37 138.97 0.00 72.78 81.06 80.54 157.37 375.70 82.30 389.06 82.30 74.69 380.00 76.27
0.00 275.31 129.36 72.25 84.71 235.81 379.10 73.85 0.00 76.04 83.12 82.69 85.92 72.18 122.92 72.84 125.43 0.00 75.03 73.14 148.92 0.00 135.05 73.41 146.88 73.85 195.54 73.62 82.01 79.73 85.50 85.86 74.24 143.56 85.00 85.00 79.73 0.00 374.13 376.36 0.00 75.02 77.48 387.52 286.14 380.75 195.53 0.00 235.62 84.02 368.03 87.05 98.28 74.17 83.28 75.95 379.54 89.25 82.53 77.48 372.63
376.90 76.45 74.11 341.38 370.91 80.08 381.05 74.46 83.74 86.43 74.81 377.58 378.19 380.76 0.00 376.00 378.39 199.65 134.74 83.76 130.34 76.45 84.54 159.68 87.55 73.62 383.02 74.63 376.21 74.11 73.91 375.18 253.20 84.02-9999.00-9999.00-9999.00-9999.00-9999.00-9999.00-9999.00-9999.00-9999.00-9999.00-9999.00-9999.00-9999.00-9999.00 -9999.00-9999.00-9999.00-9999.00-9999.00-9999.00-9999.00-9999.00-9999.00-9999.00-9999.00-9999.00-9999.00-9999.00-9999.00 351.03 87.71 88.98 94.72 79.32 376.93 84.28 81.52 72.18 0.00 82.90 112.59 117.41 367.16 380.75 110.57 78.25 79.55 72.85 378.31 0.00 75.21 79.58 72.31 221.05 0.00
86.90 77.62 136.63 377.06 377.26 72.66 382.79 75.82 93.11 0.00 72.56 80.21 81.06 81.62 161.66 147.33 99.49 219.53 120.24 345.90 95.85 213.38 380.03 377.56 132.89 84.02 227.27 74.91 78.50 317.00 81.22 182.89 83.74 83.01 393.09 79.40 193.36 92.49 376.32 76.28 77.71 77.25 86.83 74.11 142.35 240.13 203.76 0.00 131.75 86.43 76.64 308.24 213.76 0.00 382.71 375.26 272.74 141.34 76.28 73.57 81.13
88.01 124.51 78.25 379.41 76.27 148.45 72.98 117.46 157.39 393.68 76.27 130.37 0.00 85.28 375.64 83.12 73.14 94.30 376.59 0.00 126.62 79.47 75.00 87.00 211.88 73.62 144.29 133.51 74.38 77.93 126.58 239.16 381.24 90.51 76.45 390.40 183.59 85.12 85.69 376.35 340.45 379.46 0.00 80.08 82.60 88.97 89.85 76.11 86.83 226.40 251.94 83.50 85.12 77.48 376.48 380.90 120.14 84.12 81.64 75.95 114.44
73.51 90.83 378.30 73.85 73.14 254.58 74.86 147.31 89.88 130.81 0.00 260.67 72.78 79.08 309.63 76.52 82.98 76.04 153.02 380.61 121.52 383.94 80.12 378.33 98.39 130.35 76.04 370.10 76.77 0.00 113.96 139.39 82.53 84.56 394.29 398.32 85.69 116.41 83.37 275.23 77.48 379.68 75.02 103.84 86.83 77.04 378.94 398.53 235.61 135.07 73.91 230.26 74.31 134.27 375.60 89.25 77.96 120.89 377.04 82.53 84.02
87.29 76.71 77.97 361.92 222.21 98.39 84.46 87.43 94.30 199.91 101.93 78.59 375.31 376.88 0.00 199.68 209.05 393.77 379.38 145.60 389.57 378.20 377.71 234.16 372.18 88.94 243.13 165.45 306.34 0.00 0.00 84.56 0.00 127.44 209.36 81.22 201.69 73.87 78.78 74.54 373.18 376.92 416.78 387.22 73.79 173.33 379.10 0.00 84.56 377.16 83.50 0.00 375.51 85.05 73.87 73.57 82.52 0.00 0.00 377.60 78.78
0.00 0.00 248.99 96.89 245.65 88.16 92.12 95.87 99.73 79.40 88.19 85.69 79.40 73.70 77.04 127.44 80.82 93.90 88.19 75.13 82.22 166.84 75.25 74.17 112.19 199.65 0.00 377.49 360.20 134.15 84.18 180.25 80.82 74.81 177.64 0.00 196.91 162.31 114.07 81.64 86.23 80.08 118.93 342.23 86.23-9999.00-9999.00-9999.00-9999.00-9999.00-9999.00-9999.00-9999.00-9999.00-9999.00-9999.00-9999.00-9999.00-9999.00-9999.00-9999.00-9999.00-9999.00-9999.00 -9999.00-9999.00-9999.00-9999.00-9999.00-9999.00-9999.00-9999.00-9999.00-9999.00-9999.00-9999.00-9999.00-9999.00-9999.00-9999.00-9999.00-9999.00-9999.00-9999.00-9999.00-9999.00-9999.00 83.95 96.09 150.74 375.38 379.98 79.32 87.43 81.83 73.31 159.29 132.38 277.83 223.63 85.34 345.69
130.01 76.45 361.96 80.08 82.07 90.51 75.79 188.24 80.82 378.30 75.25 83.62 81.06 116.94 377.00 0.00 144.01 73.57 81.44 375.29 73.27 82.44 81.59 89.85 0.00 117.96 212.91 124.18 74.63 367.01 167.20 114.48 92.53-9999.00-9999.00-9999.00-9999.00-9999.00-9999.00-9999.00-9999.00-9999.00-9999.00-9999.00-9999.00-9999.00-9999.00-9999.00-9999.00-9999.00-9999.00-9999.00-9999.00 -9999.00-9999.00-9999.00-9999.00-9999.00-9999.00-9999.00-9999.00-9999.00-9999.00-9999.00-9999.00-9999.00-9999.00-9999.00-9999.00-9999.00-9999.00 103.96-9999.00 88.31 81.94 277.06 76.04 74.24 384.48 389.85 90.83 76.04 376.14 0.00 378.31 90.02 73.73 76.52 116.49 362.97 0.00 378.92 375.59 89.88 98.18 313.54 305.36 377.69 82.45
79.73 378.47 382.23 346.39 0.00 0.00 383.20 377.17 291.63 86.43 90.62 215.36 378.17 165.33 116.86 263.58 76.45 85.00 0.00 81.33 257.70 202.12 80.82-9999.00-9999.00-9999.00-9999.00-9999.00-9999.00-9999.00-9999.00-9999.00-9999.00-9999.00-9999.00-9999.00-9999.00-9999.00-9999.00-9999.00-9999.00-9999.00-9999.00-9999.00-9999.00-9999.00-9999.00 -9999.00-9999.00-9999.00-9999.00-9999.00-9999.00-9999.00-9999.00-9999.00-9999.00-9999.00-9999.00-9999.00-9999.00-9999.00-9999.00-9999.00 85.70 87.71 77.93 387.79 384.32 86.68 388.82 385.58 387.51 94.30 95.23 87.43 164.35 89.65 73.31 386.16 130.20 89.29 82.45 0.00 377.14 0.00 236.26 374.99 376.52 280.80 280.81 375.69 114.70 375.20 143.12 375.01 375.79 108.16 93.11 379.30 93.11
241.26 381.63 240.68 0.00 0.00 378.72 309.96 126.41 261.75 218.31 318.58 355.86 0.00 214.70 328.30 87.45 89.61 96.96 82.97 84.02 375.12 86.68 88.16 375.25 375.51 189.53 100.75 382.68 154.03 199.66 173.49 126.41 381.23 264.27 372.67 375.35 0.00 326.41 326.41 378.20 380.40 326.42 376.22 309.81 377.03 0.00 0.00 376.03 378.16 383.48 375.88 375.42 85.28 225.86 82.45 90.02 81.94 377.29 81.46 86.90 72.78
113.37 172.04 377.06 297.60 148.92 132.16 76.45 84.56 74.24 84.12 112.89 135.29 127.00 87.51 371.18 74.91 136.44 138.73-9999.00-9999.00-9999.00-9999.00-9999.00-9999.00-9999.00-9999.00-9999.00-9999.00-9999.00-9999.00-9999.00-9999.00-9999.00-9999.00-9999.00-9999.00-9999.00-9999.00-9999.00 -9999.00-9999.00-9999.00-9999.00-9999.00-9999.00-9999.00-9999.00-9999.00-9999.00-9999.00-9999.00-9999.00-9999.00-9999.00-9999.00-9999.00-9999.00-9999.00-9999.00-9999.00-9999.00-9999.00-9999.00-9999.00-9999.00-9999.00-9999.00-9999.00-9999.00 75.41 379.44 379.31 87.40 377.82 101.08 363.85 375.87 353.85 377.18 377.18 376.54 376.57 0.00 264.27 0.00 326.41 377.34 179.53 0.00 415.11 412.89 384.36 388.89 388.69 387.57 74.64 91.32 77.74 83.73 89.82 80.82 84.30 81.25 113.67 187.58 224.36 109.28 108.55 375.76 172.83 172.83
314.42 148.03 118.16 148.53 329.11 92.07 85.43 260.81 264.93 81.70 77.47 76.09 129.11 81.70 80.02 74.18 376.42 114.29 346.28 87.51 94.18 93.15 379.71 95.83 379.14 76.09 86.28 75.21 88.86 384.14 95.37 379.66 85.69 384.32 77.80-9999.00-9999.00-9999.00-9999.00-9999.00-9999.00-9999.00-9999.00-9999.00-9999.00-9999.00-9999.00-9999.00-9999.00-9999.00-9999.00-9999.00-9999.00-9999.00-9999.00-9999.00-9999.00 -9999.00-9999.00-9999.00-9999.00-9999.00-9999.00-9999.00-9999.00-9999.00-9999.00-9999.00-9999.00-9999.00-9999.00-9999.00-9999.00-9999.00-9999.00-9999.00-9999.00-9999.00-9999.00-9999.00-9999.00-9999.00-9999.00-9999.00-9999.00-9999.00-9999.00-9999.00-9999.00-9999.00 250.99 232.81 188.24 358.40 376.93 377.31 376.72 375.66 376.64 377.30 375.00 375.00 351.95 375.30 0.00 324.46 378.88 329.32 375.84 376.95 255.80 379.21 381.47 377.30 329.31
78.63 91.32 89.79 127.88-9999.00-9999.00-9999.00-9999.00-9999.00-9999.00-9999.00-9999.00-9999.00-9999.00-9999.00-9999.00-9999.00-9999.00-9999.00-9999.00-9999.00-9999.00-9999.00-9999.00-9999.00-9999.00 -9999.00-9999.00-9999.00-9999.00-9999.00-9999.00-9999.00-9999.00-9999.00-9999.00-9999.00-9999.00-9999.00-9999.00-9999.00-9999.00-9999.00-9999.00-9999.00-9999.00-9999.00-9999.00-9999.00-9999.00-9999.00-9999.00-9999.00-9999.00-9999.00-9999.00-9999.00-9999.00-9999.00-9999.00-9999.00-9999.00-9999.00-9999.00-9999.00-9999.00-9999.00-9999.00-9999.00-9999.00-9999.00 375.28 373.95 375.12 0.00 295.24 375.34 324.44 375.83 224.36 0.00 376.20 375.00 295.24 375.34 329.32 295.24 377.09 375.00 0.00 285.65 316.42 375.64 377.95 250.81 380.24 321.57 375.97 229.01 387.74 375.18 375.05 298.53 382.66 255.80 0.00 0.00 0.00 379.16 229.01 275.87 0.00 375.31 372.63 375.09 285.93 191.44 0.00 0.00 0.00 0.00 0.00 0.00 0.00 120.33 82.67 80.53
97.54 376.85 277.43 80.02 379.93 140.56 76.09 384.17 160.42 79.65 378.41 378.59 247.30 82.67 84.26 385.25 90.66 198.36 380.48 364.30 79.11-9999.00-9999.00-9999.00-9999.00-9999.00-9999.00-9999.00-9999.00-9999.00-9999.00-9999.00-9999.00-9999.00-9999.00-9999.00-9999.00-9999.00-9999.00 -9999.00-9999.00-9999.00-9999.00-9999.00-9999.00-9999.00-9999.00-9999.00-9999.00-9999.00-9999.00-9999.00-9999.00-9999.00-9999.00-9999.00-9999.00-9999.00-9999.00-9999.00-9999.00-9999.00-9999.00-9999.00-9999.00-9999.00-9999.00-9999.00-9999.00-9999.00-9999.00-9999.00-9999.00-9999.00-9999.00-9999.00-9999.00-9999.00-9999.00-9999.00-9999.00-9999.00-9999.00-9999.00-9999.00-9999.00-9999.00-9999.00-9999.00-9999.00 270.72 250.81 0.00 295.24 375.66 324.44 378.10 361.21 229.01 0.00 255.80 380.88 329.42 0.00 376.21 375.24 0.00 295.23 0.00 375.00 295.23 295.24 375.47 329.32 375.31 295.23 0.00 295.24 375.00 324.46 0.00 250.81 373.95 378.14 377.25 376.95 383.75 376.67 214.57
