蒙特卡罗+CDRMV3/输出数据/2D水深分布/WaterDepthGIS_0144.ASC
ncols         539            
nrows         744            
xllcorner     602630.84259341
yllcorner     3914823.670891 
cellsize      50             
NODATA_value  -9999.00       
[rows 0 to 26 of 32, columns 61 to 121 of 539]
78.18-9999.00-9999.00-9999.00-9999.00-9999.00-9999.00-9999.00-9999.00-9999.00-9999.00-9999.00-9999.00-9999.00-9999.00-9999.00-9999.00 -9999.00-9999.00-9999.00-9999.00-9999.00-9999.00-9999.00-9999.00-9999.00-9999.00-9999.00-9999.00-9999.00-9999.00-9999.00-9999.00-9999.00-9999.00-9999.00-9999.00-9999.00-9999.00-9999.00-9999.00-9999.00-9999.00-9999.00-9999.00-9999.00-9999.00-9999.00-9999.00-9999.00-9999.00-9999.00-9999.00-9999.00-9999.00-9999.00-9999.00-9999.00-9999.00-9999.00-9999.00-9999.00-9999.00-9999.00-9999.00-9999.00-9999.00-9999.00-9999.00-9999.00-9999.00-9999.00-9999.00-9999.00-9999.00-9999.00-9999.00-9999.00-9999.00-9999.00-9999.00-9999.00-9999.00-9999.00-9999.00-9999.00-9999.00-9999.00-9999.00-9999.00-9999.00-9999.00-9999.00-9999.00-9999.00-9999.00-9999.00-9999.00-9999.00-9999.00-9999.00-9999.00-9999.00-9999.00-9999.00-9999.00-9999.00-9999.00-9999.00-9999.00-9999.00-9999.00-9999.00-9999.00-9999.00-9999.00-9999.00-9999.00-9999.00-9999.00-9999.00-9999.00-9999.00-9999.00-9999.00-9999.00-9999.00-9999.00-9999.00-9999.00-9999.00-9999.00-9999.00-9999.00-9999.00-9999.00-9999.00 89.12 93.56 78.13 382.22 93.02 381.15 139.23 78.27 78.87 90.37-9999.00-9999.00-9999.00-9999.00-9999.00-9999.00-9999.00-9999.00-9999.00-9999.00-9999.00-9999.00-9999.00-9999.00-9999.00 -9999.00-9999.00-9999.00-9999.00-9999.00-9999.00-9999.00-9999.00-9999.00-9999.00-9999.00-9999.00-9999.00-9999.00-9999.00-9999.00-9999.00-9999.00-9999.00-9999.00-9999.00-9999.00-9999.00-9999.00-9999.00-9999.00-9999.00-9999.00-9999.00-9999.00-9999.00-9999.00-9999.00-9999.00-9999.00-9999.00-9999.00-9999.00-9999.00-9999.00-9999.00-9999.00-9999.00-9999.00-9999.00-9999.00-9999.00-9999.00-9999.00-9999.00-9999.00-9999.00-9999.00-9999.00-9999.00-9999.00-9999.00-9999.00-9999.00-9999.00-9999.00-9999.00-9999.00-9999.00-9999.00-9999.00-9999.00-9999.00-9999.00-9999.00-9999.00-9999.00-9999.00-9999.00-9999.00-9999.00-9999.00-9999.00-9999.00-9999.00-9999.00-9999.00-9999.00-9999.00-9999.00-9999.00-9999.00-9999.00-9999.00-9999.00-9999.00-9999.00-9999.00-9999.00-9999.00-9999.00-9999.00-9999.00-9999.00-9999.00-9999.00-9999.00-9999.00-9999.00-9999.00-9999.00-9999.00-9999.00-9999.00-9999.00-9999.00-9999.00-9999.00-9999.00-9999.00-9999.00-9999.00-9999.00-9999.00 85.88 78.41 90.20 78.56 385.85 380.25 89.87 101.64 82.20 164.91 169.81 100.39-9999.00-9999.00-9999.00-9999.00-9999.00-9999.00-9999.00-9999.00-9999.00-9999.00-9999.00-9999.00-9999.00-9999.00 -9999.00-9999.00-9999.00-9999.00-9999.00-9999.00-9999.00-9999.00-9999.00-9999.00-9999.00-9999.00-9999.00-9999.00-9999.00-9999.00-9999.00-9999.00-9999.00-9999.00-9999.00-9999.00-9999.00-9999.00-9999.00-9999.00-9999.00-9999.00-9999.00-9999.00-9999.00-9999.00-9999.00-9999.00-9999.00-9999.00-9999.00-9999.00-9999.00-9999.00-9999.00-9999.00-9999.00-9999.00-9999.00-9999.00-9999.00-9999.00-9999.00-9999.00-9999.00-9999.00-9999.00-9999.00-9999.00-9999.00-9999.00-9999.00-9999.00-9999.00-9999.00-9999.00-9999.00-9999.00-9999.00-9999.00-9999.00-9999.00-9999.00-9999.00-9999.00-9999.00-9999.00-9999.00-9999.00-9999.00-9999.00-9999.00-9999.00-9999.00-9999.00-9999.00-9999.00-9999.00-9999.00-9999.00-9999.00-9999.00-9999.00-9999.00-9999.00-9999.00-9999.00-9999.00-9999.00-9999.00-9999.00-9999.00-9999.00-9999.00-9999.00-9999.00-9999.00-9999.00-9999.00-9999.00-9999.00-9999.00-9999.00-9999.00-9999.00-9999.00-9999.00-9999.00-9999.00-9999.00-9999.00-9999.00-9999.00 78.00 197.69 79.33 133.46 79.23 0.00 78.41 80.73 379.71 284.04 117.87 96.61-9999.00-9999.00-9999.00-9999.00-9999.00-9999.00-9999.00-9999.00-9999.00-9999.00-9999.00-9999.00-9999.00-9999.00 -9999.00-9999.00-9999.00-9999.00-9999.00-9999.00-9999.00-9999.00-9999.00-9999.00-9999.00-9999.00-9999.00-9999.00-9999.00-9999.00-9999.00-9999.00-9999.00-9999.00-9999.00-9999.00-9999.00-9999.00-9999.00-9999.00-9999.00-9999.00-9999.00-9999.00-9999.00-9999.00-9999.00-9999.00-9999.00-9999.00-9999.00-9999.00-9999.00-9999.00-9999.00-9999.00-9999.00-9999.00-9999.00-9999.00-9999.00-9999.00-9999.00-9999.00-9999.00-9999.00-9999.00-9999.00-9999.00-9999.00-9999.00-9999.00-9999.00-9999.00-9999.00-9999.00-9999.00-9999.00-9999.00-9999.00-9999.00-9999.00-9999.00-9999.00-9999.00-9999.00-9999.00-9999.00-9999.00-9999.00-9999.00-9999.00-9999.00-9999.00-9999.00-9999.00-9999.00-9999.00-9999.00-9999.00-9999.00-9999.00-9999.00-9999.00-9999.00-9999.00-9999.00-9999.00-9999.00-9999.00-9999.00-9999.00-9999.00-9999.00-9999.00-9999.00-9999.00-9999.00-9999.00-9999.00-9999.00-9999.00-9999.00-9999.00-9999.00-9999.00-9999.00-9999.00-9999.00-9999.00-9999.00-9999.00 86.76 78.07 116.95 376.69 97.98 81.96 0.00 78.27 376.56 87.31 87.56 88.49 98.78-9999.00-9999.00-9999.00-9999.00-9999.00-9999.00-9999.00-9999.00-9999.00-9999.00-9999.00-9999.00-9999.00-9999.00 -9999.00-9999.00-9999.00-9999.00-9999.00-9999.00-9999.00-9999.00-9999.00-9999.00-9999.00-9999.00-9999.00-9999.00-9999.00-9999.00-9999.00-9999.00-9999.00-9999.00-9999.00-9999.00-9999.00-9999.00-9999.00-9999.00-9999.00-9999.00-9999.00-9999.00-9999.00-9999.00-9999.00-9999.00-9999.00-9999.00-9999.00-9999.00-9999.00-9999.00-9999.00-9999.00-9999.00-9999.00-9999.00-9999.00-9999.00-9999.00-9999.00-9999.00-9999.00-9999.00-9999.00-9999.00-9999.00-9999.00-9999.00-9999.00-9999.00-9999.00-9999.00-9999.00-9999.00-9999.00-9999.00-9999.00-9999.00-9999.00-9999.00-9999.00-9999.00-9999.00-9999.00-9999.00-9999.00-9999.00-9999.00-9999.00-9999.00-9999.00-9999.00-9999.00-9999.00-9999.00-9999.00-9999.00-9999.00-9999.00-9999.00-9999.00-9999.00-9999.00-9999.00-9999.00-9999.00-9999.00-9999.00-9999.00-9999.00-9999.00-9999.00-9999.00-9999.00-9999.00-9999.00-9999.00-9999.00-9999.00-9999.00-9999.00-9999.00-9999.00-9999.00-9999.00-9999.00-9999.00-9999.00 80.91 86.70 119.92 179.94 82.71 367.06 0.00 0.00
79.56 119.16 275.96 378.33 81.96 79.68 376.30 104.41 0.00 78.87 88.99 96.77 80.56 399.10 377.71 413.01 80.09 379.93 141.41 80.23-9999.00-9999.00-9999.00 -9999.00-9999.00-9999.00-9999.00-9999.00-9999.00-9999.00-9999.00-9999.00-9999.00-9999.00-9999.00-9999.00-9999.00-9999.00 79.70 266.93 87.89 81.46 116.14 0.00 332.19 179.82 80.21-9999.00-9999.00-9999.00-9999.00-9999.00-9999.00-9999.00-9999.00-9999.00-9999.00-9999.00-9999.00-9999.00-9999.00-9999.00-9999.00-9999.00-9999.00-9999.00-9999.00-9999.00-9999.00-9999.00-9999.00-9999.00-9999.00-9999.00-9999.00-9999.00-9999.00-9999.00-9999.00-9999.00-9999.00-9999.00-9999.00-9999.00-9999.00-9999.00-9999.00-9999.00-9999.00-9999.00-9999.00-9999.00-9999.00-9999.00-9999.00-9999.00-9999.00-9999.00-9999.00 83.57 83.57 377.58 378.50 93.86 90.74 92.29 81.96-9999.00-9999.00-9999.00-9999.00-9999.00-9999.00-9999.00-9999.00 78.58 135.18 376.28 301.31 85.26 361.45 126.46 81.96 378.77 301.02 80.23 235.49 121.57 88.86 213.42 288.89 79.68 83.57 78.87 133.89 121.91 119.89 0.00
114.76 91.12 82.71 379.90 153.63 82.98-9999.00 80.91 172.51 78.79 335.08 80.09 86.59 78.36 384.07 82.20 168.08 100.32 93.86 86.82 88.15 78.36 196.48 86.87 0.00 124.31 78.58 79.04 339.83 78.95 0.00 0.00 0.00 82.98 80.23 79.56 0.00 377.39 318.25 0.00 0.00 0.00 0.00 0.00 0.00 0.00 124.41 86.03 91.98 244.57 0.00 377.98 377.17 97.61 146.41 81.51 214.98 91.98 92.22-9999.00-9999.00-9999.00-9999.00-9999.00 -9999.00-9999.00-9999.00-9999.00-9999.00-9999.00-9999.00-9999.00-9999.00-9999.00-9999.00-9999.00 79.41 262.38
217.63 377.94 91.12 91.54 96.61 80.56 379.19 150.63 92.22 88.99 375.70 0.00 146.43 91.62 90.39 79.13 375.17 84.20 377.51 81.10 215.39 0.00 375.76 182.08 78.87 87.65 78.00 78.65 144.33 376.39 0.00 193.27 249.60 142.87 78.95 92.22 87.74 86.87 81.73 78.14 134.27 123.56 84.89 118.35 380.59 80.91 79.94 144.12 90.20 90.93 91.54 156.11 86.88 80.91 87.94 88.15 201.73 81.73 120.11 120.11 120.83
90.93 87.23 117.94 117.19 390.42 79.94 97.58 93.86 87.56 78.14 82.98 0.00 0.00 85.64 172.64 379.89 84.89 375.91 130.82 78.52 87.39 156.23 379.96 78.00 78.41 89.12 79.81 134.08 148.05 363.10 377.33 159.43 88.76 373.68 0.00 101.37 383.15 380.05 90.15 378.62 93.82 99.93-9999.00-9999.00-9999.00-9999.00-9999.00-9999.00-9999.00-9999.00-9999.00-9999.00-9999.00 -9999.00-9999.00-9999.00-9999.00-9999.00-9999.00-9999.00-9999.00-9999.00-9999.00 98.33 376.32 94.67 163.86 372.88 79.14 236.94 78.14 383.22 85.19 0.00 86.02 78.07 77.60 156.01 78.47 78.07 169.53
86.07 152.03 78.17 382.85 0.00 0.00 114.76 94.69 121.25 390.10 383.12 91.25 380.75 378.63 144.82 81.10 92.72-9999.00-9999.00-9999.00-9999.00-9999.00-9999.00-9999.00-9999.00-9999.00 -9999.00-9999.00-9999.00-9999.00 92.16 80.21 330.40 79.14 105.65 376.92 81.46 89.01 87.86 84.07 276.50 376.12 85.19 116.39 147.60 199.99 0.00 80.79 86.78 377.61 315.24 375.72 79.01 90.91 286.29 284.77 87.62 377.46 96.20 91.61 93.77 389.40 126.23 78.14 83.40 103.55 98.33 91.14 82.22 120.46 0.00 77.72 90.37
382.91 0.00 335.66 97.61 110.22 146.44 151.32 379.64 110.65 124.49 117.52 386.33 84.20 90.39 199.24 87.78-9999.00-9999.00-9999.00-9999.00-9999.00-9999.00-9999.00-9999.00 -9999.00-9999.00-9999.00 91.87 95.79 198.65 377.23 388.20 128.05 86.88 130.50 380.45 78.00 79.55 77.37 119.71 380.26 78.89 77.48 0.00 83.73 276.30 121.31 166.09 78.89 82.78 87.28 87.28 89.01 77.50 130.43 378.54 0.00 0.00 0.00 118.00 81.00 92.97 83.40 328.69 78.22 319.04 0.00 297.32 78.57 86.53 90.91
0.00 0.00 376.02 102.62 105.06 250.54 388.71 385.31 388.27 382.85 179.95 90.66 97.70 347.09 78.65 89.28 213.30 144.75 94.18-9999.00-9999.00-9999.00-9999.00-9999.00-9999.00 -9999.00-9999.00-9999.00-9999.00-9999.00-9999.00 148.95 77.68 257.44 0.00 87.39 140.45 78.57 81.46 129.90 189.62 89.17 78.47 0.00 172.39 77.44 174.46 88.70 169.66 177.52 84.07 78.47 378.72 81.00 87.39 77.46 0.00 144.92 77.77 90.08 77.82 377.09 83.73 378.75 78.30 78.22 0.00 156.23 77.56 80.59 282.97 382.50
380.75 380.48 378.91 79.56 86.44 89.12 78.71 202.10 81.73-9999.00-9999.00-9999.00-9999.00-9999.00-9999.00-9999.00 -9999.00-9999.00-9999.00-9999.00-9999.00-9999.00-9999.00-9999.00-9999.00 78.29 317.77 0.00 81.00 86.88 82.49 0.00 99.63 370.68 117.31 79.27 87.86 89.70 88.96 379.78 80.79 85.79 136.07 79.14 120.66 383.44 0.00 78.67 0.00 0.00 117.16 79.55 117.92 85.19 0.00 123.68 86.78 99.20 0.00 78.78 311.58 167.44 79.14 146.68 212.71 381.72 95.64 77.40 261.84 223.78 289.43 384.48 375.94 86.44 81.10 0.00
115.50 201.02 123.28 0.00 86.02 77.46 376.09 79.87 88.41 88.26 138.50 81.22 81.95 336.77 86.78 171.07 89.70 88.96 97.90 104.46 91.61 209.11 96.61 256.76 101.53 94.67 189.75 77.53 141.73 79.41 117.18 144.25 235.41 0.00 78.35 88.04 80.09 361.60 226.70 98.58 99.17 85.87 129.65 78.41 151.76 0.00 81.96 86.64 89.71 112.33 85.64 88.61 83.88 91.76 102.19 79.68 394.99 146.07 207.19 256.28 82.71
286.55 376.06 130.14 77.52 161.33 0.00 118.96 78.95 80.14 374.29 377.43 187.15 86.03 78.07 153.89 195.95 359.66 0.00 362.12 355.28 144.91 90.39 95.22 164.59 378.04 98.78 376.33 94.69 95.59 83.57 90.93 90.98 179.96 78.41 78.65 82.20 78.58 187.62 82.98 0.00 341.80 110.77 380.40 376.04 82.98 86.88 86.40 87.94 91.54 119.78 91.33 86.24 79.56 100.72 90.37 89.41 91.62 248.17 379.46 379.23 385.53
160.39 381.76 78.79 137.23 91.33 83.57 119.57 395.67 0.00 127.30 82.98 328.16 140.44 78.07 87.94 80.73 82.98 78.46 129.78 382.15 134.40 91.33 229.49 89.26 133.35 105.57 366.61 92.99 85.26 370.97 376.72 189.55 269.51 0.00 171.15 376.67 366.20 375.85 94.76 228.31 353.41 156.82 363.98 79.13 78.24 360.11 78.20 87.65 377.11 376.12 78.58 95.22-9999.00-9999.00-9999.00-9999.00-9999.00-9999.00-9999.00-9999.00-9999.00-9999.00 -9999.00-9999.00-9999.00-9999.00-9999.00-9999.00-9999.00-9999.00-9999.00 77.72 119.74 323.87 0.00 116.35 79.14 87.86 120.08
167.88 196.56 383.98 96.88 143.41 77.43 83.39 96.37 96.77 80.39 79.68 89.56 221.14 78.09 91.33 89.87-9999.00-9999.00-9999.00-9999.00-9999.00-9999.00-9999.00-9999.00-9999.00-9999.00-9999.00-9999.00-9999.00 -9999.00-9999.00-9999.00-9999.00-9999.00-9999.00-9999.00-9999.00-9999.00-9999.00 81.00 255.03 379.03 0.00 0.00 0.00 0.00 0.00 0.00 389.39 356.70 78.30 0.00 284.96 140.49 79.41 86.02 95.79 86.88 0.00 95.39 90.48 93.28 86.61 377.05 324.76 164.73 80.21 77.44 152.19 0.00 177.67 80.59 91.61 80.79 378.30 79.01 193.72 381.94 77.40 380.49 78.38 77.43 116.27
0.00 330.82 77.94 86.78 149.03 87.50 125.98 101.01 0.00 385.87 265.03 158.93 79.87 77.68 127.23 142.37 0.00 379.08 79.41 87.39 78.38 0.00 153.49 344.80 79.41 309.90 79.70 128.37 80.09 122.58 80.73 80.09 126.09 236.28 363.79 376.44 379.66 0.00 373.67 375.61 389.40 0.00 0.00 0.00 0.00 0.00 0.00 0.00 375.99 338.49 379.57 81.51 83.27 170.92 93.24 218.13 382.72 82.20 244.13 84.89 374.27
89.87 89.28 379.24 91.62 94.51 91.54 86.45 129.68 380.11 383.03 78.71 81.10 131.12 148.53 367.34 377.83 0.00 316.31 377.37 374.00 187.91 90.79 365.58 85.70 102.46 354.60 80.23 78.09 78.52 378.91 79.56 79.44 376.45 385.94 346.62 78.58 91.98-9999.00-9999.00-9999.00-9999.00-9999.00-9999.00-9999.00-9999.00-9999.00-9999.00-9999.00-9999.00-9999.00-9999.00 -9999.00-9999.00-9999.00-9999.00-9999.00-9999.00-9999.00-9999.00-9999.00-9999.00-9999.00-9999.00-9999.00 97.90 82.49 88.41 154.40 378.03 86.02 92.13 81.95 226.18 78.89 77.39 0.00 80.21 375.28 0.00 399.77 81.00 79.41 78.14 85.24 82.78 98.70 105.65
88.40 86.61 77.71 267.70 378.62 383.19 0.00 77.37 138.68 78.30 86.51 85.15 117.50 376.55 85.74 78.12 79.01 335.49 0.00 78.12 77.41 77.38 124.13 377.49 87.56 91.25 201.39 402.51 122.44 112.78 98.78 82.98 376.86 376.70 126.58 81.30 101.64 92.29 80.56 95.22 81.51 95.22 84.54 393.59 80.73 95.59 361.72 82.98 91.98 157.78 158.52 87.65 78.95 188.87 181.36 79.44 376.11 0.00 80.73 88.86 82.98
81.70 81.95 85.27 85.74 84.80 0.00 0.00 118.92 89.34 151.15 79.87 139.76 81.46 78.67 316.59 80.21 375.92 231.27 90.08 85.36 85.79 85.19 84.07 218.45 0.00 81.68 278.68 375.70 79.14 378.45 109.96 0.00 92.16 206.17 88.38 109.96 77.77 85.59 77.82 89.01 95.00 82.49 326.30 88.15 350.64 92.99 79.04 417.53 335.15 84.54 373.66 229.70 88.26 321.27 81.96 0.00 78.24 79.44 81.51 147.81 78.95
86.37 378.79 184.98 377.23 0.00 77.48 89.01 88.41 85.90 83.73 428.19 78.67 87.17 88.70 92.68 86.46 78.57 357.46 78.57 358.81 88.70 120.73 87.39 87.39 132.25 371.13 379.23 0.00 85.19 366.92 101.53 92.93 138.09 81.95 217.65 371.44 385.17 92.16 99.63 127.88 377.91 88.41 90.91 212.28 81.70 216.96 0.00 0.00 0.00 387.29 203.10 104.41 81.30 91.33 94.18 85.26 89.12 81.30 378.41 361.71 375.87
267.68 383.16 182.67 260.80 178.37 101.53 377.59 378.18 0.00 369.99 375.94 178.06 376.03 245.94 370.58 83.96 252.42 218.30 93.36 130.34 375.49 379.61 81.00 95.79 77.72 283.63 103.55 102.12 142.82 88.96 285.40 0.00 95.64 0.00 245.94 100.74 376.74 378.82 99.03 354.61 332.29 379.35 222.59 97.17 78.52 78.24 78.52 140.98 78.01 92.99 381.90 79.04 86.09 147.90 79.23 84.54 384.35 354.70 78.24 78.24 377.55
89.88 81.95 97.90 273.43 380.58 155.22 83.40 98.33 88.96 111.95 379.03 96.65 80.39 335.39 0.00 383.78 375.54 376.34 375.88 153.49 0.00 251.86 88.08 97.38 146.44 232.62 356.66 164.76 86.03 348.80 376.24 124.05 83.57 83.57 201.81 78.46 87.78 369.42 87.31 80.23 87.78 116.91 143.90 376.37 0.00 380.50 377.99 375.91 314.14 84.20 88.03 79.13 83.88 0.00 117.07 78.01 86.70 92.99 82.20 150.01 361.89
192.16 0.00 378.10 192.16 383.27 287.80 221.17 376.65 253.36 376.63 140.51 376.07 373.05 94.86 92.29 388.09 383.18 394.54 80.39 90.39 375.58 83.27 89.71 120.59 89.41 275.42 89.56 79.68 88.86 80.09 279.86 0.00 385.48 376.82 298.89 79.17 133.75 163.61 79.94 95.22 0.00 381.43 379.21 377.72 379.40 285.07 158.26 125.37 89.28-9999.00-9999.00-9999.00-9999.00-9999.00-9999.00-9999.00-9999.00-9999.00-9999.00-9999.00-9999.00-9999.00-9999.00-9999.00-9999.00-9999.00-9999.00-9999.00-9999.00 -9999.00-9999.00-9999.00-9999.00-9999.00-9999.00-9999.00-9999.00-9999.00-9999.00-9999.00-9999.00-9999.00-9999.00-9999.00-9999.00-9999.00-9999.00-9999.00-9999.00 87.89 202.63 367.51 378.73 382.76 357.33 79.87 92.40 372.68 127.37 83.40
321.06 377.05 375.01 375.24 0.00 259.26 384.49 86.91 88.41 381.95 387.07 378.42 366.76 176.98 81.30 88.76 295.54 88.04 90.98 122.44 381.55 251.08 0.00 378.76 376.43 377.00 267.65 375.87 244.59 365.84 206.65 89.12 92.47 79.04 0.00 378.33 270.00 86.45 241.68 83.27-9999.00-9999.00-9999.00-9999.00-9999.00-9999.00-9999.00-9999.00-9999.00-9999.00-9999.00-9999.00-9999.00-9999.00-9999.00-9999.00-9999.00-9999.00-9999.00-9999.00-9999.00-9999.00-9999.00 -9999.00-9999.00-9999.00-9999.00-9999.00-9999.00-9999.00-9999.00-9999.00-9999.00-9999.00-9999.00-9999.00-9999.00-9999.00-9999.00-9999.00 82.49 168.27 378.87 373.68 84.80 287.80 78.89 206.35 148.95 435.40 103.49 92.68 85.19 133.48 251.48 82.78 0.00 0.00 0.00 0.00
384.90 78.07 85.88 86.88 89.71 87.94 90.55 89.87 291.26 87.74 377.25 144.64 380.95 164.16 144.97-9999.00-9999.00-9999.00-9999.00-9999.00-9999.00-9999.00-9999.00-9999.00-9999.00-9999.00-9999.00-9999.00-9999.00-9999.00-9999.00-9999.00-9999.00-9999.00-9999.00-9999.00-9999.00-9999.00 -9999.00-9999.00-9999.00-9999.00-9999.00-9999.00-9999.00-9999.00-9999.00-9999.00-9999.00-9999.00-9999.00-9999.00-9999.00-9999.00-9999.00-9999.00-9999.00-9999.00-9999.00-9999.00-9999.00-9999.00-9999.00-9999.00 94.27 81.70 322.84 234.41 97.47 88.96 97.47 101.01 87.89 207.62 328.29 376.61 393.23 0.00 0.00 376.34 376.92 140.51 203.87 253.36 365.38 377.49 0.00 380.09 378.87 378.58 376.62 340.32 376.26 103.09 375.64 265.00 89.53 97.68 134.16 376.65 375.72 378.85 112.86 296.17 379.24 287.28 178.06 100.89 375.18
326.11 0.00 375.12 377.05 330.68 376.60 229.08 233.86 254.20 376.06 303.49 280.11 377.50 378.66 0.00 0.00 0.00 367.23 0.00 198.86 387.82 378.91 347.23 140.73 123.58 78.20 118.84 379.40 377.91 138.12 120.11 79.68 102.19 95.97 90.74 88.49 98.38 82.20 80.09 78.41 117.48 376.36 89.28 124.40 80.91-9999.00-9999.00-9999.00-9999.00-9999.00-9999.00-9999.00-9999.00-9999.00-9999.00-9999.00-9999.00-9999.00-9999.00-9999.00-9999.00-9999.00-9999.00-9999.00-9999.00-9999.00 -9999.00-9999.00-9999.00-9999.00-9999.00-9999.00-9999.00-9999.00-9999.00-9999.00-9999.00-9999.00-9999.00-9999.00-9999.00-9999.00-9999.00-9999.00-9999.00-9999.00-9999.00-9999.00-9999.00-9999.00-9999.00-9999.00-9999.00-9999.00-9999.00-9999.00 104.46 100.74 93.77 377.89 96.65 380.13 383.30 384.18 385.48 241.34 306.04 267.91 253.36 375.55 0.00
108.56 91.82 376.31 385.94 375.41 379.71 389.50 382.71 382.07 152.01 80.91 87.90 90.94 94.01 376.31 388.56 383.80 317.84 367.59 104.86 375.29 375.30 375.95 376.42 0.00 375.34 360.12 86.10 100.17 210.49 373.58 377.30 375.37 94.88 289.13 96.92 378.46 88.53 90.93 375.04 375.47 359.27 80.28 79.01 79.17 86.86 90.94 89.28 96.21 377.26 85.74 104.09 379.75 317.88 84.65 378.06 137.23 86.98 108.85 377.74 100.32
386.33 227.85 189.30 211.98 299.96 172.21 0.00 376.31 214.94 378.36 181.03 375.20 198.86 382.41 380.99 325.51 362.63 375.03 148.84 81.67 80.58 79.26 0.00 0.00 234.61 83.69 134.67 92.45 95.09 151.25 356.62 87.90 83.11 87.90 102.84 0.00 102.54 95.82 87.43 98.84 84.65 88.90 130.21 87.43 93.62-9999.00-9999.00-9999.00-9999.00-9999.00-9999.00-9999.00-9999.00-9999.00-9999.00-9999.00-9999.00-9999.00-9999.00-9999.00-9999.00-9999.00-9999.00-9999.00-9999.00-9999.00-9999.00-9999.00 -9999.00-9999.00-9999.00-9999.00-9999.00-9999.00-9999.00-9999.00-9999.00-9999.00-9999.00-9999.00-9999.00-9999.00-9999.00-9999.00-9999.00-9999.00-9999.00-9999.00-9999.00-9999.00-9999.00-9999.00-9999.00-9999.00-9999.00-9999.00-9999.00-9999.00-9999.00-9999.00-9999.00-9999.00-9999.00-9999.00-9999.00-9999.00-9999.00-9999.00-9999.00-9999.00-9999.00 229.08 375.36 273.45 273.45 375.52 0.00 375.41 296.95 320.54 296.95 0.00 254.17 376.33 296.95 375.42
375.70 296.95 300.23 0.00 320.54 375.01 375.00 0.00 296.95 296.95 0.00 375.39 375.11 375.44 296.95 375.61 375.00 317.84 0.00 296.95 376.42 273.45 0.00 0.00 0.00 375.20 375.25 301.59 147.75 175.08 86.54 366.12 0.00 379.17 378.79 89.67 84.50 375.53 332.53 148.34 88.39 88.74 382.13 250.21 82.11 83.99 380.07 306.89 92.96 94.06 103.89 362.41 382.99 88.39 133.91 94.06 87.43 400.93 85.36 377.11 171.34
