蒙特卡罗+CDRMV3/输出数据/2D水深分布/WaterDepthGIS_0154.ASC
ncols         539            
nrows         744            
xllcorner     602630.84259341
yllcorner     3914823.670891 
cellsize      50             
NODATA_value  -9999.00       
[rows 0 to 26 of 32, columns 61 to 121 of 539]
73.78-9999.00-9999.00-9999.00-9999.00-9999.00-9999.00-9999.00-9999.00-9999.00-9999.00-9999.00-9999.00-9999.00-9999.00-9999.00-9999.00 -9999.00-9999.00-9999.00-9999.00-9999.00-9999.00-9999.00-9999.00-9999.00-9999.00-9999.00-9999.00-9999.00-9999.00-9999.00-9999.00-9999.00-9999.00-9999.00-9999.00-9999.00-9999.00-9999.00-9999.00-9999.00-9999.00-9999.00-9999.00-9999.00-9999.00-9999.00-9999.00-9999.00-9999.00-9999.00-9999.00-9999.00-9999.00-9999.00-9999.00-9999.00-9999.00-9999.00-9999.00-9999.00-9999.00-9999.00-9999.00-9999.00-9999.00-9999.00-9999.00-9999.00-9999.00-9999.00-9999.00-9999.00-9999.00-9999.00-9999.00-9999.00-9999.00-9999.00-9999.00-9999.00-9999.00-9999.00-9999.00-9999.00-9999.00-9999.00-9999.00-9999.00-9999.00-9999.00-9999.00-9999.00-9999.00-9999.00-9999.00-9999.00-9999.00-9999.00-9999.00-9999.00-9999.00-9999.00-9999.00-9999.00-9999.00-9999.00-9999.00-9999.00-9999.00-9999.00-9999.00-9999.00-9999.00-9999.00-9999.00-9999.00-9999.00-9999.00-9999.00-9999.00-9999.00-9999.00-9999.00-9999.00-9999.00-9999.00-9999.00-9999.00-9999.00-9999.00-9999.00-9999.00-9999.00-9999.00-9999.00 84.51 88.81 73.74 381.70 88.33 380.32 130.70 73.87 74.43 85.78-9999.00-9999.00-9999.00-9999.00-9999.00-9999.00-9999.00-9999.00-9999.00-9999.00-9999.00-9999.00-9999.00-9999.00-9999.00 -9999.00-9999.00-9999.00-9999.00-9999.00-9999.00-9999.00-9999.00-9999.00-9999.00-9999.00-9999.00-9999.00-9999.00-9999.00-9999.00-9999.00-9999.00-9999.00-9999.00-9999.00-9999.00-9999.00-9999.00-9999.00-9999.00-9999.00-9999.00-9999.00-9999.00-9999.00-9999.00-9999.00-9999.00-9999.00-9999.00-9999.00-9999.00-9999.00-9999.00-9999.00-9999.00-9999.00-9999.00-9999.00-9999.00-9999.00-9999.00-9999.00-9999.00-9999.00-9999.00-9999.00-9999.00-9999.00-9999.00-9999.00-9999.00-9999.00-9999.00-9999.00-9999.00-9999.00-9999.00-9999.00-9999.00-9999.00-9999.00-9999.00-9999.00-9999.00-9999.00-9999.00-9999.00-9999.00-9999.00-9999.00-9999.00-9999.00-9999.00-9999.00-9999.00-9999.00-9999.00-9999.00-9999.00-9999.00-9999.00-9999.00-9999.00-9999.00-9999.00-9999.00-9999.00-9999.00-9999.00-9999.00-9999.00-9999.00-9999.00-9999.00-9999.00-9999.00-9999.00-9999.00-9999.00-9999.00-9999.00-9999.00-9999.00-9999.00-9999.00-9999.00-9999.00-9999.00-9999.00-9999.00-9999.00-9999.00 81.18 74.00 85.61 74.14 385.10 379.52 85.27 97.29 77.56 159.03 152.49 96.05-9999.00-9999.00-9999.00-9999.00-9999.00-9999.00-9999.00-9999.00-9999.00-9999.00-9999.00-9999.00-9999.00-9999.00 -9999.00-9999.00-9999.00-9999.00-9999.00-9999.00-9999.00-9999.00-9999.00-9999.00-9999.00-9999.00-9999.00-9999.00-9999.00-9999.00-9999.00-9999.00-9999.00-9999.00-9999.00-9999.00-9999.00-9999.00-9999.00-9999.00-9999.00-9999.00-9999.00-9999.00-9999.00-9999.00-9999.00-9999.00-9999.00-9999.00-9999.00-9999.00-9999.00-9999.00-9999.00-9999.00-9999.00-9999.00-9999.00-9999.00-9999.00-9999.00-9999.00-9999.00-9999.00-9999.00-9999.00-9999.00-9999.00-9999.00-9999.00-9999.00-9999.00-9999.00-9999.00-9999.00-9999.00-9999.00-9999.00-9999.00-9999.00-9999.00-9999.00-9999.00-9999.00-9999.00-9999.00-9999.00-9999.00-9999.00-9999.00-9999.00-9999.00-9999.00-9999.00-9999.00-9999.00-9999.00-9999.00-9999.00-9999.00-9999.00-9999.00-9999.00-9999.00-9999.00-9999.00-9999.00-9999.00-9999.00-9999.00-9999.00-9999.00-9999.00-9999.00-9999.00-9999.00-9999.00-9999.00-9999.00-9999.00-9999.00-9999.00-9999.00-9999.00-9999.00-9999.00-9999.00-9999.00-9999.00-9999.00-9999.00-9999.00 73.62 187.45 74.87 127.33 74.77 0.00 74.00 76.18 379.45 257.30 113.18 91.65-9999.00-9999.00-9999.00-9999.00-9999.00-9999.00-9999.00-9999.00-9999.00-9999.00-9999.00-9999.00-9999.00-9999.00 -9999.00-9999.00-9999.00-9999.00-9999.00-9999.00-9999.00-9999.00-9999.00-9999.00-9999.00-9999.00-9999.00-9999.00-9999.00-9999.00-9999.00-9999.00-9999.00-9999.00-9999.00-9999.00-9999.00-9999.00-9999.00-9999.00-9999.00-9999.00-9999.00-9999.00-9999.00-9999.00-9999.00-9999.00-9999.00-9999.00-9999.00-9999.00-9999.00-9999.00-9999.00-9999.00-9999.00-9999.00-9999.00-9999.00-9999.00-9999.00-9999.00-9999.00-9999.00-9999.00-9999.00-9999.00-9999.00-9999.00-9999.00-9999.00-9999.00-9999.00-9999.00-9999.00-9999.00-9999.00-9999.00-9999.00-9999.00-9999.00-9999.00-9999.00-9999.00-9999.00-9999.00-9999.00-9999.00-9999.00-9999.00-9999.00-9999.00-9999.00-9999.00-9999.00-9999.00-9999.00-9999.00-9999.00-9999.00-9999.00-9999.00-9999.00-9999.00-9999.00-9999.00-9999.00-9999.00-9999.00-9999.00-9999.00-9999.00-9999.00-9999.00-9999.00-9999.00-9999.00-9999.00-9999.00-9999.00-9999.00-9999.00-9999.00-9999.00-9999.00-9999.00-9999.00-9999.00-9999.00-9999.00-9999.00 82.08 73.68 111.44 376.85 93.12 77.34 0.00 73.87 376.22 82.64 82.90 83.85 94.07-9999.00-9999.00-9999.00-9999.00-9999.00-9999.00-9999.00-9999.00-9999.00-9999.00-9999.00-9999.00-9999.00-9999.00 -9999.00-9999.00-9999.00-9999.00-9999.00-9999.00-9999.00-9999.00-9999.00-9999.00-9999.00-9999.00-9999.00-9999.00-9999.00-9999.00-9999.00-9999.00-9999.00-9999.00-9999.00-9999.00-9999.00-9999.00-9999.00-9999.00-9999.00-9999.00-9999.00-9999.00-9999.00-9999.00-9999.00-9999.00-9999.00-9999.00-9999.00-9999.00-9999.00-9999.00-9999.00-9999.00-9999.00-9999.00-9999.00-9999.00-9999.00-9999.00-9999.00-9999.00-9999.00-9999.00-9999.00-9999.00-9999.00-9999.00-9999.00-9999.00-9999.00-9999.00-9999.00-9999.00-9999.00-9999.00-9999.00-9999.00-9999.00-9999.00-9999.00-9999.00-9999.00-9999.00-9999.00-9999.00-9999.00-9999.00-9999.00-9999.00-9999.00-9999.00-9999.00-9999.00-9999.00-9999.00-9999.00-9999.00-9999.00-9999.00-9999.00-9999.00-9999.00-9999.00-9999.00-9999.00-9999.00-9999.00-9999.00-9999.00-9999.00-9999.00-9999.00-9999.00-9999.00-9999.00-9999.00-9999.00-9999.00-9999.00-9999.00-9999.00-9999.00-9999.00-9999.00-9999.00-9999.00-9999.00-9999.00 76.35 82.02 114.65 160.02 78.06 361.24 0.00 0.00
75.08 113.52 249.26 378.07 77.34 75.19 375.30 99.18 0.00 74.43 84.37 91.80 76.01 397.77 377.47 411.50 75.57 379.82 133.37 75.71-9999.00-9999.00-9999.00 -9999.00-9999.00-9999.00-9999.00-9999.00-9999.00-9999.00-9999.00-9999.00-9999.00-9999.00-9999.00-9999.00-9999.00-9999.00 75.18 245.49 83.29 76.86 110.74 0.00 311.98 164.31 75.66-9999.00-9999.00-9999.00-9999.00-9999.00-9999.00-9999.00-9999.00-9999.00-9999.00-9999.00-9999.00-9999.00-9999.00-9999.00-9999.00-9999.00-9999.00-9999.00-9999.00-9999.00-9999.00-9999.00-9999.00-9999.00-9999.00-9999.00-9999.00-9999.00-9999.00-9999.00-9999.00-9999.00-9999.00-9999.00-9999.00-9999.00-9999.00-9999.00-9999.00-9999.00-9999.00-9999.00-9999.00-9999.00-9999.00-9999.00-9999.00-9999.00-9999.00-9999.00-9999.00 78.88 78.88 376.72 378.33 89.08 86.14 87.65 77.34-9999.00-9999.00-9999.00-9999.00-9999.00-9999.00-9999.00-9999.00 74.16 126.75 374.90 290.37 80.56 341.73 120.02 77.34 378.66 271.43 75.71 201.57 115.74 84.24 185.50 262.81 75.19 78.88 74.43 125.72 116.53 114.79 0.00
106.20 86.53 78.06 379.00 140.55 78.32-9999.00 76.35 167.93 74.36 307.90 75.57 81.91 73.96 383.03 77.56 150.65 95.97 89.08 82.14 83.50 73.96 183.28 82.20 0.00 118.97 74.16 74.59 326.43 74.51 0.00 0.00 0.00 78.32 75.71 75.08 0.00 377.08 307.06 0.00 0.00 0.00 0.00 0.00 0.00 0.00 118.58 81.34 87.36 221.21 0.00 377.79 377.07 92.70 141.61 76.91 190.45 87.36 87.58-9999.00-9999.00-9999.00-9999.00-9999.00 -9999.00-9999.00-9999.00-9999.00-9999.00-9999.00-9999.00-9999.00-9999.00-9999.00-9999.00-9999.00 74.89 241.78
193.82 377.54 86.53 86.93 91.65 76.01 379.08 141.03 87.58 84.37 369.88 0.00 135.88 87.01 85.80 74.68 369.34 79.51 377.28 76.53 194.82 0.00 375.67 171.53 74.43 82.99 73.62 74.22 141.34 374.57 0.00 181.26 238.22 137.31 74.51 87.58 83.09 82.20 77.12 73.75 125.92 118.46 80.19 112.90 380.38 76.35 75.44 141.00 85.61 86.33 86.93 147.78 82.20 76.35 83.29 83.50 195.67 77.12 114.39 114.39 115.06
86.33 82.56 112.96 112.23 389.94 75.44 92.67 89.08 82.90 73.75 78.32 0.00 0.00 80.94 157.02 379.61 80.19 366.41 123.19 74.11 82.72 147.91 379.57 73.61 74.00 84.51 75.31 126.06 137.30 339.73 377.29 145.89 84.14 368.90 0.00 97.05 382.71 379.77 83.41 378.56 89.05 95.51-9999.00-9999.00-9999.00-9999.00-9999.00-9999.00-9999.00-9999.00-9999.00-9999.00-9999.00 -9999.00-9999.00-9999.00-9999.00-9999.00-9999.00-9999.00-9999.00-9999.00-9999.00 93.58 376.22 89.84 156.50 366.27 74.64 211.25 73.69 382.72 80.55 0.00 81.38 73.62 73.18 148.23 74.01 73.62 159.50
81.37 144.72 73.77 381.94 0.00 0.00 106.20 89.83 113.26 389.19 382.56 84.60 380.33 378.35 141.09 76.53 88.05-9999.00-9999.00-9999.00-9999.00-9999.00-9999.00-9999.00-9999.00-9999.00 -9999.00-9999.00-9999.00-9999.00 87.51 75.66 315.48 74.64 100.06 376.53 76.86 84.42 83.26 79.43 262.46 375.52 80.55 111.05 138.68 180.53 0.00 76.21 82.16 377.20 294.45 374.22 74.52 86.30 276.46 262.25 83.01 377.03 91.30 86.99 89.01 388.44 119.98 73.69 78.76 98.63 93.58 86.52 77.60 114.90 0.00 73.29 85.78
382.96 0.00 317.78 92.70 102.91 135.08 136.01 379.34 100.42 114.88 108.36 385.27 79.51 85.80 174.72 83.13-9999.00-9999.00-9999.00-9999.00-9999.00-9999.00-9999.00-9999.00 -9999.00-9999.00-9999.00 87.23 90.90 170.10 375.66 386.78 122.37 82.26 124.79 379.82 73.56 75.03 72.96 114.11 380.05 74.40 73.06 0.00 79.08 249.24 116.11 154.98 74.40 78.15 82.67 82.67 84.42 73.09 123.24 378.50 0.00 0.00 0.00 112.50 76.42 88.27 78.76 310.62 73.76 297.09 0.00 270.86 74.10 81.90 86.30
0.00 0.00 375.87 98.04 95.62 225.52 387.85 384.53 387.19 382.02 161.96 83.58 89.94 333.70 74.22 84.67 191.58 142.11 89.37-9999.00-9999.00-9999.00-9999.00-9999.00-9999.00 -9999.00-9999.00-9999.00-9999.00-9999.00-9999.00 138.94 73.25 247.47 0.00 82.78 134.21 74.10 76.86 122.95 173.36 84.58 74.01 0.00 166.18 73.02 166.74 84.10 164.79 167.08 79.43 74.01 378.12 76.42 82.78 73.04 0.00 141.43 73.34 85.48 73.39 376.71 79.08 378.40 73.84 73.76 0.00 148.24 73.14 76.02 264.38 382.31
379.85 379.65 378.14 75.08 81.76 84.51 74.29 183.61 77.12-9999.00-9999.00-9999.00-9999.00-9999.00-9999.00-9999.00 -9999.00-9999.00-9999.00-9999.00-9999.00-9999.00-9999.00-9999.00-9999.00 73.83 304.31 0.00 76.42 82.26 77.87 0.00 95.07 364.56 111.84 74.76 83.26 85.11 84.37 379.76 76.21 81.15 130.58 74.64 115.00 382.97 0.00 74.20 0.00 0.00 112.12 75.03 112.43 80.55 0.00 118.03 82.16 94.57 0.00 74.30 279.41 162.37 74.64 140.49 189.99 381.04 90.75 72.99 241.74 216.60 269.13 383.98 375.93 81.76 76.53 0.00
110.55 183.39 117.62 0.00 81.38 73.04 375.78 75.33 83.82 83.66 132.58 76.63 77.34 316.04 82.16 161.03 85.11 84.37 93.09 99.25 86.99 183.47 91.72 241.28 97.04 89.84 171.68 73.11 136.11 74.89 111.72 137.41 207.58 0.00 73.94 83.39 75.57 346.59 200.85 93.83 94.55 81.17 123.59 74.00 142.46 0.00 77.34 81.96 85.11 104.40 80.94 83.98 79.19 87.14 97.72 75.19 393.99 142.76 195.13 256.62 78.06
268.81 375.34 123.87 73.10 146.63 0.00 113.32 74.51 75.70 374.40 377.05 173.27 81.34 73.68 145.70 169.48 330.78 0.00 351.46 332.62 137.76 85.80 90.31 154.47 377.78 94.07 375.79 89.83 90.65 78.88 86.33 86.39 163.83 74.00 74.22 77.56 74.16 164.02 78.32 0.00 330.92 103.29 379.83 374.53 78.32 82.20 81.71 83.29 86.93 114.13 86.73 81.55 75.08 96.42 85.78 84.80 87.01 228.07 378.91 378.67 384.63
152.04 381.66 74.36 131.90 86.73 78.88 114.01 394.67 0.00 120.71 78.32 309.98 132.38 73.68 83.29 76.18 78.32 74.05 122.59 381.32 127.93 86.73 206.53 84.65 126.27 99.90 362.43 88.29 80.56 360.26 376.65 180.15 265.76 0.00 167.15 376.53 359.77 369.16 88.05 208.50 341.61 148.66 355.75 74.68 73.84 337.33 73.80 82.99 376.91 375.60 74.16 90.31-9999.00-9999.00-9999.00-9999.00-9999.00-9999.00-9999.00-9999.00-9999.00-9999.00 -9999.00-9999.00-9999.00-9999.00-9999.00-9999.00-9999.00-9999.00-9999.00 73.29 114.13 308.26 0.00 110.92 74.64 83.26 114.95
151.67 180.89 382.95 89.91 140.93 73.15 78.86 91.40 91.80 75.86 75.19 84.95 203.00 73.70 86.73 85.27-9999.00-9999.00-9999.00-9999.00-9999.00-9999.00-9999.00-9999.00-9999.00-9999.00-9999.00-9999.00-9999.00 -9999.00-9999.00-9999.00-9999.00-9999.00-9999.00-9999.00-9999.00-9999.00-9999.00 76.42 239.00 378.80 0.00 0.00 0.00 0.00 0.00 0.00 388.67 346.40 73.84 0.00 273.47 134.81 74.89 81.38 90.90 82.26 0.00 90.52 85.88 88.55 81.98 376.46 299.49 156.01 75.66 73.03 143.00 0.00 156.38 76.02 86.99 76.21 378.13 74.52 175.16 381.40 72.99 379.81 73.92 73.01 110.81
0.00 313.58 73.50 82.16 142.18 82.89 119.89 96.55 0.00 384.85 229.22 150.58 75.33 73.25 120.82 135.36 0.00 378.81 74.89 82.78 73.92 0.00 143.62 328.28 74.89 289.33 75.18 122.60 75.57 117.05 76.27 75.57 120.79 212.42 342.79 376.39 379.58 0.00 369.29 375.59 388.83 0.00 0.00 0.00 0.00 0.00 0.00 0.00 376.02 329.79 379.43 76.91 78.60 155.12 86.65 195.97 381.97 77.56 227.01 80.19 371.59
85.27 84.67 378.81 87.01 89.67 86.93 81.76 123.48 379.99 382.01 74.29 76.53 123.68 138.03 349.68 377.84 0.00 315.11 377.31 359.06 175.31 84.09 359.98 79.44 95.24 329.13 75.71 73.70 74.11 378.73 75.08 74.97 375.94 385.21 331.66 74.16 87.36-9999.00-9999.00-9999.00-9999.00-9999.00-9999.00-9999.00-9999.00-9999.00-9999.00-9999.00-9999.00-9999.00-9999.00 -9999.00-9999.00-9999.00-9999.00-9999.00-9999.00-9999.00-9999.00-9999.00-9999.00-9999.00-9999.00-9999.00 93.09 77.87 83.82 138.93 377.19 81.38 87.47 77.34 203.16 74.40 72.98 0.00 75.66 369.35 0.00 399.22 76.42 74.89 73.69 80.60 78.15 94.00 100.06
83.80 81.98 73.28 239.42 378.10 382.54 0.00 72.96 131.24 73.84 82.08 80.51 112.54 376.43 81.11 73.67 74.52 319.92 0.00 73.67 73.00 72.97 118.61 377.07 80.82 84.60 179.01 400.34 114.02 104.08 94.07 78.32 375.86 376.44 120.11 76.71 97.29 87.65 76.01 90.31 76.91 90.31 79.84 391.63 76.18 90.65 354.54 78.32 87.36 145.19 149.73 82.99 74.51 165.45 168.37 74.97 365.56 0.00 76.18 84.24 78.32
77.09 77.34 80.63 81.10 80.16 0.00 0.00 113.96 84.75 141.07 75.33 134.56 76.86 74.20 300.34 75.66 375.78 217.39 85.48 80.72 81.15 80.55 79.43 197.11 0.00 77.23 254.25 375.68 74.64 378.34 103.07 0.00 87.51 185.45 81.95 103.07 73.34 80.96 73.39 84.42 90.15 77.87 300.07 83.50 325.97 88.29 74.59 414.19 325.98 79.84 369.24 206.10 83.62 295.71 77.34 0.00 73.84 74.97 76.91 140.05 74.51
81.74 378.50 180.40 376.40 0.00 73.06 84.42 83.82 81.27 79.08 424.21 74.20 82.56 84.10 88.00 81.83 74.10 343.56 74.10 341.85 84.10 115.09 82.78 82.78 126.63 367.88 378.53 0.00 80.55 361.71 97.04 88.23 131.42 77.34 200.51 374.85 384.69 87.51 95.07 121.22 377.38 83.82 86.30 192.28 77.09 201.12 0.00 0.00 0.00 386.50 187.92 96.32 76.71 86.73 89.37 80.56 84.51 76.71 378.14 349.43 374.63
245.92 382.20 164.12 228.40 161.37 97.04 377.53 377.98 0.00 367.71 375.92 169.43 375.78 241.56 363.41 79.50 229.50 194.14 88.73 121.04 375.47 379.52 76.42 90.90 73.29 264.08 98.63 97.54 138.41 84.37 270.78 0.00 90.75 0.00 241.56 96.29 376.61 378.61 91.45 345.39 322.65 378.87 200.80 92.22 74.11 73.84 74.11 133.83 73.63 88.29 381.44 74.59 81.40 135.33 74.77 79.84 383.30 337.68 73.84 73.84 377.33
85.29 77.34 93.09 256.99 379.27 144.01 78.76 93.58 84.37 104.55 378.77 91.76 75.83 326.71 0.00 383.27 375.53 376.27 375.83 143.62 0.00 240.38 83.65 92.78 135.08 216.06 338.50 148.78 81.34 341.87 375.67 118.17 78.88 78.88 185.16 74.05 83.13 363.51 82.64 75.71 83.13 111.76 133.88 375.58 0.00 380.20 377.73 375.10 281.27 79.51 81.26 74.68 79.19 0.00 111.55 73.62 82.02 88.29 77.56 141.44 353.79
184.40 0.00 378.09 184.40 383.12 283.77 215.67 376.55 249.73 376.44 130.75 376.05 369.97 89.98 87.65 387.81 382.92 394.00 75.86 85.80 369.11 78.60 85.11 114.83 84.80 233.62 84.95 75.19 84.24 75.57 263.82 0.00 384.27 376.05 274.63 74.79 128.31 156.92 75.44 90.31 0.00 380.88 378.71 377.24 378.96 250.01 141.22 119.90 84.67-9999.00-9999.00-9999.00-9999.00-9999.00-9999.00-9999.00-9999.00-9999.00-9999.00-9999.00-9999.00-9999.00-9999.00-9999.00-9999.00-9999.00-9999.00-9999.00-9999.00 -9999.00-9999.00-9999.00-9999.00-9999.00-9999.00-9999.00-9999.00-9999.00-9999.00-9999.00-9999.00-9999.00-9999.00-9999.00-9999.00-9999.00-9999.00-9999.00-9999.00 83.29 183.86 353.96 378.65 382.51 339.44 75.33 87.73 364.87 120.83 78.76
318.99 377.03 374.99 375.20 0.00 250.43 384.03 82.30 83.82 381.45 386.43 378.23 349.70 156.79 76.71 84.14 274.02 83.39 86.39 112.44 381.27 245.78 0.00 378.23 375.69 376.43 262.06 375.85 243.76 353.12 200.04 84.51 87.81 74.59 0.00 378.01 253.63 81.76 223.75 78.60-9999.00-9999.00-9999.00-9999.00-9999.00-9999.00-9999.00-9999.00-9999.00-9999.00-9999.00-9999.00-9999.00-9999.00-9999.00-9999.00-9999.00-9999.00-9999.00-9999.00-9999.00-9999.00-9999.00 -9999.00-9999.00-9999.00-9999.00-9999.00-9999.00-9999.00-9999.00-9999.00-9999.00-9999.00-9999.00-9999.00-9999.00-9999.00-9999.00-9999.00 77.87 160.22 378.61 373.77 80.16 284.50 74.40 199.97 136.75 430.72 98.58 88.00 80.55 130.34 237.43 78.15 0.00 0.00 0.00 0.00
384.56 73.68 81.19 82.20 85.11 83.29 85.96 85.27 285.21 83.09 377.00 142.03 380.52 156.73 141.30-9999.00-9999.00-9999.00-9999.00-9999.00-9999.00-9999.00-9999.00-9999.00-9999.00-9999.00-9999.00-9999.00-9999.00-9999.00-9999.00-9999.00-9999.00-9999.00-9999.00-9999.00-9999.00-9999.00 -9999.00-9999.00-9999.00-9999.00-9999.00-9999.00-9999.00-9999.00-9999.00-9999.00-9999.00-9999.00-9999.00-9999.00-9999.00-9999.00-9999.00-9999.00-9999.00-9999.00-9999.00-9999.00-9999.00-9999.00-9999.00-9999.00 89.47 77.09 308.28 211.45 92.62 84.37 92.62 96.55 83.29 185.53 329.23 376.60 392.62 0.00 0.00 376.27 376.74 130.75 197.28 249.73 364.82 377.46 0.00 380.09 378.87 378.58 376.62 315.30 376.04 93.53 375.49 248.05 84.94 92.85 123.10 376.47 375.62 378.37 105.25 291.23 379.10 281.34 169.43 96.52 375.14
324.83 0.00 375.12 376.93 329.55 376.49 225.15 229.83 251.40 376.06 294.68 271.63 377.50 378.23 0.00 0.00 0.00 361.67 0.00 192.68 387.44 378.73 321.49 135.40 116.99 73.80 113.48 379.17 377.90 131.69 114.39 75.19 97.72 91.01 86.14 83.85 93.59 77.56 75.57 74.00 111.46 375.73 84.67 118.35 76.35-9999.00-9999.00-9999.00-9999.00-9999.00-9999.00-9999.00-9999.00-9999.00-9999.00-9999.00-9999.00-9999.00-9999.00-9999.00-9999.00-9999.00-9999.00-9999.00-9999.00-9999.00 -9999.00-9999.00-9999.00-9999.00-9999.00-9999.00-9999.00-9999.00-9999.00-9999.00-9999.00-9999.00-9999.00-9999.00-9999.00-9999.00-9999.00-9999.00-9999.00-9999.00-9999.00-9999.00-9999.00-9999.00-9999.00-9999.00-9999.00-9999.00-9999.00-9999.00 99.25 96.29 89.01 377.41 91.76 379.55 382.59 383.40 384.58 237.05 304.64 264.90 249.73 375.41 0.00
97.87 83.74 375.65 384.74 375.35 379.71 388.63 380.78 380.31 145.02 76.20 83.05 86.12 85.72 376.16 387.16 383.36 315.00 362.61 94.66 375.17 375.23 375.86 376.29 0.00 375.34 355.30 81.44 95.33 205.47 373.16 377.15 375.31 89.99 281.14 91.92 378.21 83.88 86.27 374.51 375.46 346.76 75.60 74.38 74.53 82.01 86.12 84.44 91.07 376.87 80.89 99.03 379.72 312.49 79.81 377.85 130.96 82.13 102.71 377.74 95.97
385.77 209.69 169.69 190.62 289.84 164.37 0.00 376.30 209.77 378.32 174.19 375.20 192.68 381.81 380.50 327.45 357.27 366.02 143.25 76.93 75.88 74.61 0.00 0.00 212.23 78.87 126.30 87.61 90.05 142.31 351.23 83.05 78.32 83.05 97.88 0.00 97.57 90.72 82.58 93.61 79.81 84.06 121.11 82.58 89.26-9999.00-9999.00-9999.00-9999.00-9999.00-9999.00-9999.00-9999.00-9999.00-9999.00-9999.00-9999.00-9999.00-9999.00-9999.00-9999.00-9999.00-9999.00-9999.00-9999.00-9999.00-9999.00-9999.00 -9999.00-9999.00-9999.00-9999.00-9999.00-9999.00-9999.00-9999.00-9999.00-9999.00-9999.00-9999.00-9999.00-9999.00-9999.00-9999.00-9999.00-9999.00-9999.00-9999.00-9999.00-9999.00-9999.00-9999.00-9999.00-9999.00-9999.00-9999.00-9999.00-9999.00-9999.00-9999.00-9999.00-9999.00-9999.00-9999.00-9999.00-9999.00-9999.00-9999.00-9999.00-9999.00-9999.00 225.15 375.36 271.18 271.18 375.52 0.00 375.41 295.52 319.90 295.52 0.00 251.37 376.22 295.52 375.42
375.49 295.52 298.82 0.00 319.90 375.00 375.00 0.00 295.52 295.52 0.00 375.35 375.04 375.15 295.53 375.60 375.00 315.00 0.00 295.53 376.41 271.18 0.00 0.00 0.00 375.20 375.23 300.01 139.11 167.88 81.89 371.62 0.00 378.72 378.35 85.02 79.84 375.51 308.24 138.33 83.54 83.90 381.96 240.14 77.35 79.17 380.15 301.03 88.09 89.12 98.85 356.29 382.52 83.54 124.70 89.12 82.58 398.18 80.51 376.83 153.41
