蒙特卡罗+CDRMV3/输出数据/2D水深分布/WaterDepthGIS_0139.ASC
ncols         539            
nrows         744            
xllcorner     602630.84259341
yllcorner     3914823.670891 
cellsize      50             
NODATA_value  -9999.00       
[rows 0 to 26 of 32, columns 122 to 182 of 539]
87.00 381.29 146.12 81.89 184.90 92.03-9999.00-9999.00-9999.00-9999.00-9999.00-9999.00-9999.00-9999.00-9999.00-9999.00-9999.00-9999.00-9999.00-9999.00 -9999.00-9999.00-9999.00-9999.00-9999.00-9999.00-9999.00-9999.00-9999.00-9999.00-9999.00-9999.00-9999.00-9999.00-9999.00-9999.00-9999.00-9999.00-9999.00-9999.00-9999.00-9999.00-9999.00-9999.00-9999.00-9999.00-9999.00-9999.00-9999.00-9999.00-9999.00-9999.00-9999.00-9999.00-9999.00-9999.00-9999.00-9999.00-9999.00-9999.00-9999.00-9999.00-9999.00-9999.00-9999.00-9999.00-9999.00-9999.00-9999.00-9999.00-9999.00-9999.00-9999.00-9999.00-9999.00-9999.00-9999.00-9999.00-9999.00-9999.00-9999.00-9999.00-9999.00-9999.00-9999.00-9999.00-9999.00-9999.00-9999.00-9999.00-9999.00-9999.00-9999.00-9999.00-9999.00-9999.00-9999.00-9999.00-9999.00-9999.00-9999.00-9999.00-9999.00-9999.00-9999.00-9999.00-9999.00-9999.00-9999.00-9999.00-9999.00-9999.00-9999.00-9999.00-9999.00-9999.00-9999.00-9999.00-9999.00-9999.00-9999.00-9999.00-9999.00-9999.00-9999.00-9999.00-9999.00-9999.00-9999.00-9999.00-9999.00-9999.00-9999.00-9999.00-9999.00-9999.00 80.97 176.05 82.33 136.39 80.78 376.43 387.97 80.80 215.36 0.00 142.96 81.71 373.24 81.71 83.53-9999.00-9999.00-9999.00-9999.00-9999.00-9999.00-9999.00-9999.00-9999.00-9999.00-9999.00-9999.00-9999.00-9999.00 -9999.00-9999.00-9999.00-9999.00-9999.00-9999.00-9999.00-9999.00-9999.00-9999.00-9999.00-9999.00 95.72 86.39 98.90 99.33 87.08 96.69-9999.00-9999.00-9999.00-9999.00-9999.00-9999.00-9999.00-9999.00-9999.00-9999.00-9999.00-9999.00-9999.00-9999.00-9999.00-9999.00-9999.00-9999.00-9999.00-9999.00-9999.00-9999.00-9999.00-9999.00-9999.00-9999.00-9999.00-9999.00-9999.00-9999.00-9999.00-9999.00-9999.00-9999.00-9999.00-9999.00-9999.00-9999.00-9999.00-9999.00-9999.00-9999.00-9999.00-9999.00-9999.00-9999.00-9999.00-9999.00-9999.00-9999.00-9999.00-9999.00-9999.00-9999.00-9999.00-9999.00-9999.00-9999.00-9999.00-9999.00-9999.00-9999.00-9999.00-9999.00-9999.00-9999.00-9999.00-9999.00-9999.00-9999.00-9999.00-9999.00-9999.00-9999.00-9999.00-9999.00-9999.00-9999.00-9999.00-9999.00-9999.00-9999.00-9999.00-9999.00-9999.00-9999.00-9999.00-9999.00-9999.00-9999.00-9999.00-9999.00-9999.00-9999.00-9999.00-9999.00-9999.00 81.54 120.55 170.32 376.71 82.46 332.01 386.03 87.68 88.66 81.71 0.00 85.26 357.35 83.03 89.05 142.80 89.99-9999.00-9999.00-9999.00-9999.00-9999.00-9999.00-9999.00-9999.00-9999.00-9999.00-9999.00-9999.00-9999.00 -9999.00-9999.00-9999.00-9999.00-9999.00-9999.00-9999.00-9999.00-9999.00-9999.00-9999.00 86.39 160.37 209.21 100.08 220.20 325.55 84.37-9999.00-9999.00-9999.00-9999.00-9999.00-9999.00-9999.00-9999.00-9999.00-9999.00-9999.00-9999.00-9999.00-9999.00-9999.00-9999.00-9999.00-9999.00-9999.00-9999.00-9999.00-9999.00-9999.00-9999.00-9999.00-9999.00-9999.00-9999.00-9999.00-9999.00-9999.00-9999.00-9999.00-9999.00-9999.00-9999.00-9999.00-9999.00-9999.00-9999.00-9999.00-9999.00-9999.00-9999.00-9999.00-9999.00-9999.00-9999.00-9999.00-9999.00-9999.00-9999.00-9999.00-9999.00-9999.00-9999.00-9999.00-9999.00-9999.00-9999.00-9999.00-9999.00-9999.00-9999.00-9999.00-9999.00-9999.00-9999.00-9999.00-9999.00-9999.00-9999.00-9999.00-9999.00-9999.00-9999.00-9999.00-9999.00-9999.00-9999.00-9999.00-9999.00-9999.00-9999.00-9999.00-9999.00-9999.00-9999.00-9999.00-9999.00-9999.00-9999.00-9999.00-9999.00-9999.00-9999.00-9999.00 89.17 89.77 92.79 82.22 379.97 386.39 86.68
121.93 91.00 267.87 82.00 89.46 92.16 89.84 82.33 94.58 93.71 81.54 94.43 142.27 85.80 89.21 0.00 192.00 81.47 84.32 279.87 379.12 384.03 382.20 82.33 81.15 248.60 133.13 92.03-9999.00-9999.00 -9999.00-9999.00-9999.00-9999.00-9999.00-9999.00-9999.00-9999.00-9999.00-9999.00-9999.00-9999.00-9999.00-9999.00-9999.00 80.77 137.90 366.95 81.54 80.15 0.00 95.12 98.14 149.28 90.52-9999.00-9999.00-9999.00-9999.00-9999.00-9999.00-9999.00-9999.00-9999.00-9999.00-9999.00-9999.00-9999.00-9999.00-9999.00-9999.00-9999.00-9999.00-9999.00-9999.00-9999.00-9999.00-9999.00-9999.00-9999.00-9999.00-9999.00-9999.00-9999.00-9999.00-9999.00-9999.00-9999.00-9999.00-9999.00-9999.00-9999.00-9999.00-9999.00-9999.00-9999.00 88.81 103.83-9999.00-9999.00-9999.00-9999.00-9999.00-9999.00 91.87 91.01 128.07 91.23 88.42 381.18 85.01 92.62 347.96 210.72-9999.00-9999.00-9999.00-9999.00-9999.00-9999.00-9999.00-9999.00 82.10 124.69 149.01 385.86 308.67 92.01 374.57 92.62 85.80 378.12
81.79 208.78 161.66 376.28 0.00 144.61 128.12 81.79 80.70 400.86 254.51 94.84 199.18 101.70 100.08 106.58-9999.00-9999.00-9999.00-9999.00-9999.00-9999.00-9999.00-9999.00-9999.00-9999.00-9999.00-9999.00-9999.00-9999.00-9999.00-9999.00-9999.00-9999.00-9999.00-9999.00-9999.00-9999.00-9999.00-9999.00-9999.00-9999.00 85.01 108.06 93.15 103.83 87.34 94.58 95.06 221.24 96.16 378.04 90.31 377.17 91.87 89.58 95.59 95.06 82.59 143.22 378.46 94.58 83.72 0.00 0.00 374.11 85.26 84.54 128.13 382.45 84.54 90.31 86.68 92.16 90.31 81.89 174.85 82.33 89.58 81.05 380.51 127.13 90.49 88.04 82.00 83.03 82.22
142.73 208.22 0.00 0.00 315.57 83.91 85.26 89.64 100.29 89.70 85.01 0.00 168.27 0.00 168.27 379.54 207.62 89.21 98.15 419.93 378.17 377.00 90.07 98.48-9999.00-9999.00-9999.00-9999.00-9999.00-9999.00 -9999.00-9999.00-9999.00-9999.00-9999.00-9999.00-9999.00-9999.00-9999.00-9999.00-9999.00-9999.00 245.92 94.88 86.06 83.90 118.89 191.49 365.91 0.00 158.57 81.54 80.35 0.00 378.19 81.79 80.15 270.66 82.06 378.67 91.05 157.31 90.13-9999.00-9999.00-9999.00-9999.00 98.52 99.69 81.66 193.05 379.39 84.77 382.54 83.72 90.07 239.88 93.77 199.67 88.42 371.32 94.35
144.85 145.96 85.75 100.08 338.79 94.31 88.65 379.04 94.14 379.90 160.51 101.22 93.59 85.75 88.79 82.21 389.17 378.14 96.46 382.68 159.74 94.43 108.06 102.87 91.60 87.00 94.13 85.80 369.56 0.00 96.46 381.10 81.10 0.00 83.36 136.10 88.42 94.58 97.61 120.03 81.71 345.37 143.09 82.73 87.68 0.00 81.21 91.23 90.69 85.80 87.00 91.87 342.62 86.68 0.00 129.07 81.80 179.90 90.79 123.47 349.30
94.43 100.65 85.26 156.17 119.53 83.91 86.38 381.62 80.82 0.00 88.81 90.49 80.75 0.00 81.01 96.46 93.51 376.00 88.81 91.00 377.11 82.00 149.38 90.23 81.89 0.00 122.18 81.89 82.22 167.49 0.00 232.83 134.14 316.50 102.87 248.39 139.98 82.33 90.79 183.64 102.46 380.35 355.57 82.33 94.82 83.03 146.11 400.76 381.59 81.27 381.78 140.74 86.08 81.71 376.70 182.89 94.82 367.55 81.39 277.71 94.35
88.65 100.08 96.46 118.95 378.63 83.36 379.73 379.55 0.00 0.00 81.62 137.07 0.00 120.46 81.39 95.06 88.81 382.50 81.10 81.54 164.50 91.11 82.46 82.22 0.00 121.89 82.10 88.84 131.48 0.00 86.38 324.06 83.53 138.50 91.87 97.10 125.01 288.01 106.91 379.03 385.84 347.98 268.41 97.77 362.32 251.35 82.00 98.84 89.05 81.05 0.00 89.63 92.96 135.55 90.59 90.69 91.73 82.10 208.60 83.72 90.79
307.04 318.77 100.28 346.40 94.06 96.77 87.00 89.63 82.33 135.89 146.23 88.42 0.00 86.68 386.01 376.47 363.00 219.68 82.73 82.46 135.50 89.41 90.31 83.91 0.00 81.33 92.31 134.54 0.00 81.54 81.39 125.59 90.23 89.58 94.35 87.34 81.27 125.57 232.58 102.02 0.00 120.64 81.39 90.79 82.10 92.46 90.14 84.54 267.23 119.65 0.00 92.57 92.62 90.89 89.84 86.08 120.83 380.68 119.91 90.31 84.11
82.00 80.75 92.62 264.59 85.01 91.01 171.77 82.59 123.26 376.27 377.72 90.53 0.00 84.77 385.66 380.55 384.18 83.72 83.91 90.69 99.20 183.87 376.34 84.32 90.07 102.46 90.06 89.63 0.00 362.91 144.38 81.54 90.06 268.42 127.17 83.91 98.12 251.68 376.25 0.00 215.89 81.80 101.18 141.66 385.79 375.44 92.16 99.20 80.80 288.99 95.87 87.00 0.00 121.29 87.68 89.99 90.69 88.86 84.54 378.35 0.00
183.68 0.00 0.00 92.01 95.06 100.65 149.52 96.46 166.56 135.35 0.00 92.57 373.18 141.41 134.67 89.36 90.59 90.14 82.59 152.70 379.20 0.00 0.00 147.52 87.68 0.00 92.03 153.42 155.50 83.19 89.64 133.20 88.42 378.47 0.00 111.19 381.84 381.46 127.63 84.77 92.31 91.47 89.99 84.54 84.32 102.08 98.12 204.27 86.08 148.79 99.93-9999.00-9999.00-9999.00-9999.00-9999.00-9999.00-9999.00-9999.00 -9999.00-9999.00-9999.00-9999.00-9999.00-9999.00-9999.00-9999.00-9999.00-9999.00 88.38 122.25 123.89 0.00 377.81 80.93 84.62 90.37 91.33
0.00 375.60 84.11 0.00 386.93 381.20 317.78 0.00 375.44 373.03 277.73 96.15 92.96 89.63 386.81 83.36 84.54 82.59 82.46 95.59 96.46 373.67 147.27 90.53-9999.00-9999.00-9999.00-9999.00-9999.00-9999.00-9999.00-9999.00 -9999.00-9999.00-9999.00-9999.00-9999.00-9999.00-9999.00-9999.00-9999.00-9999.00 91.81 135.06 120.26 0.00 228.41 91.99 103.46 87.89 80.18 91.05 397.63 80.26 89.00 89.33 80.33 0.00 161.32 80.85 99.30 86.39 140.02 80.56 213.72 381.23 249.60 125.70 85.45 81.32 221.82 382.28 94.31 90.02 388.59 81.92 93.82 91.60
0.00 84.62 95.12 87.83 137.93 131.26 83.26 0.00 301.21 305.85 121.16 91.05 94.57 380.01 96.03 139.35 364.48 84.89 92.54 376.63 89.42 80.56 171.23 0.00 91.03 97.39 91.33 88.19 80.00 89.81 93.14 377.16 88.15 317.95 87.68 89.33 79.98 340.77 0.00 185.14 135.69 80.11 87.97 87.08 321.87 83.72 157.10 375.82 375.87 81.01 152.15 0.00 142.22 81.54 91.47 93.14 82.46 150.84 0.00 127.55 90.07
0.00 130.91 83.06 207.93 98.37 80.02 145.60 349.01 378.81 184.00 93.36 85.26 0.00 380.05 85.80 398.34 83.53 118.78 91.50 136.70 0.00 145.85 84.11 82.33 381.63 88.04 86.68 202.43 96.16 376.98 95.32 80.75 386.99 104.09 82.73 93.15 0.00 376.46 357.57 88.42 86.08 377.05 80.78 90.89 83.03 380.60 84.32 341.23 377.00 385.03 94.43 100.32 199.18 383.00 243.82 376.21 264.58 264.58 0.00 375.43 376.45
92.57 83.91 89.21 296.02 0.00 0.00 287.81 376.62 378.58 264.64 0.00 0.00 0.00 116.27 197.37 234.98 0.00 0.00 0.00 86.07 0.00 0.00 381.17 100.65 84.11 366.90 377.39 121.75 81.89 83.19 94.58-9999.00-9999.00-9999.00-9999.00-9999.00-9999.00-9999.00-9999.00-9999.00-9999.00-9999.00-9999.00-9999.00-9999.00 -9999.00-9999.00-9999.00-9999.00-9999.00-9999.00-9999.00-9999.00-9999.00-9999.00 97.43 190.12 252.38 91.49 171.24 166.45 375.71 90.89 91.49 364.59 375.28 0.00 86.06 80.03 80.39 88.83 90.13 90.02 223.67 84.13 126.63 0.00 330.64 0.00 156.46 120.49 119.35 88.79 81.21
0.00 121.53 80.50 98.59 0.00 171.13 119.36 89.51 88.15 84.89 0.00 81.02 207.80 82.21 94.57 167.60 90.37 88.11 80.85 89.70 80.30 0.00 0.00 123.43 80.30 335.29 134.34 88.86 95.12 83.67 367.82 91.18 135.37 367.57 162.69 124.43 81.39 380.18 0.00 376.50 375.54 375.36 91.01 112.72 95.38 95.63 82.22 84.77 353.32 315.42 92.40 382.25 126.61 83.53 83.03 176.23 90.14 125.97 83.91 375.52 233.28
250.43 226.69 0.00 143.10 79.87 82.83 90.89 385.81 377.75 377.15 80.97 92.01 80.82 123.37 91.00 92.01 82.73-9999.00-9999.00-9999.00-9999.00-9999.00-9999.00-9999.00-9999.00-9999.00-9999.00-9999.00-9999.00-9999.00-9999.00-9999.00-9999.00 -9999.00-9999.00-9999.00-9999.00-9999.00-9999.00-9999.00-9999.00-9999.00-9999.00-9999.00-9999.00-9999.00-9999.00-9999.00-9999.00-9999.00 106.66 93.44 87.08 84.37 91.49 82.06 80.10 127.91 0.00 80.39 92.35 81.92 243.04 80.05 180.86 380.05 80.39 388.71 0.00 130.41 83.06 81.02 0.00 87.83 88.54 80.63 173.95 376.92 0.00 382.95 382.06 377.95 347.46 168.46 82.37 87.78 121.53 200.86 374.84 0.00 87.45 89.42 90.02
99.20 379.64 83.53 147.09 90.69 82.59 81.71 382.36 84.11 89.84 82.88 80.73 120.73 0.00 136.56 93.15 96.16 102.46 252.25 86.40 99.22 84.11 96.16 211.40 125.60 81.89 94.58 306.72 195.53 133.58 94.43-9999.00-9999.00-9999.00-9999.00-9999.00-9999.00-9999.00-9999.00-9999.00-9999.00-9999.00-9999.00-9999.00-9999.00-9999.00-9999.00-9999.00-9999.00-9999.00 -9999.00-9999.00-9999.00-9999.00-9999.00-9999.00-9999.00-9999.00-9999.00-9999.00-9999.00-9999.00-9999.00-9999.00-9999.00-9999.00-9999.00 85.16 291.69 149.79 86.06 204.28 370.71 81.21 0.00 146.22 84.13 92.18 95.41 93.59 92.16 82.21 84.13 91.49 96.35 83.67 118.92 164.01 0.00 101.22 379.59 80.22 93.14 83.90 100.88 93.36
187.43 83.19 124.77 170.51 89.17 89.58 81.80 91.87 89.26 82.10 80.80 124.37 207.63 384.04 410.23 380.97 0.00 0.00 91.01 377.94 377.27 377.68 296.63 150.60 120.35 81.21 85.26 152.96 91.23 96.16-9999.00-9999.00-9999.00-9999.00-9999.00-9999.00-9999.00-9999.00-9999.00-9999.00-9999.00-9999.00-9999.00-9999.00-9999.00-9999.00-9999.00-9999.00-9999.00-9999.00-9999.00 -9999.00-9999.00-9999.00-9999.00-9999.00-9999.00-9999.00-9999.00-9999.00-9999.00-9999.00-9999.00-9999.00-9999.00-9999.00-9999.00-9999.00-9999.00-9999.00 98.37 377.08 154.71 94.14 383.40 90.02 96.35 169.57 97.76 368.26 82.70 86.73 220.42 309.11 131.92 120.63 377.75 0.00 180.89 118.58 92.79 83.67 124.90 0.00 327.36 126.02 81.11 80.30 82.21 121.34
377.12 91.47 82.00 369.59 0.00 0.00 0.00 0.00 86.08 83.91 106.33 0.00 0.00 0.00 88.42 81.89 124.99 377.72 80.77 80.79 134.60 288.51 81.05 92.46-9999.00-9999.00-9999.00-9999.00-9999.00-9999.00-9999.00-9999.00-9999.00-9999.00-9999.00-9999.00-9999.00-9999.00-9999.00-9999.00-9999.00 -9999.00-9999.00-9999.00-9999.00-9999.00-9999.00-9999.00-9999.00-9999.00-9999.00-9999.00-9999.00-9999.00-9999.00-9999.00-9999.00-9999.00-9999.00-9999.00-9999.00-9999.00-9999.00-9999.00-9999.00-9999.00 196.85 322.70 378.02 376.01 380.26 390.59 380.38 0.00 0.00 0.00 0.00 0.00 373.29 84.37 85.45 184.77 94.88 0.00 0.00 0.00 0.00 0.00 340.34 117.42 0.00 0.00 377.76 288.21 368.33 378.79 274.29 376.45 96.53 101.19 93.65 97.08
381.82 121.64 82.33-9999.00-9999.00-9999.00-9999.00-9999.00-9999.00-9999.00-9999.00-9999.00-9999.00-9999.00-9999.00-9999.00-9999.00-9999.00-9999.00-9999.00-9999.00 -9999.00-9999.00-9999.00-9999.00-9999.00-9999.00-9999.00-9999.00-9999.00-9999.00-9999.00-9999.00-9999.00-9999.00-9999.00-9999.00-9999.00-9999.00-9999.00-9999.00-9999.00-9999.00-9999.00-9999.00 114.19 91.99 89.91 82.53 381.09 87.08 89.81 88.00 89.24 131.86 118.79 125.08 98.14 87.08 84.37 87.08 0.00 379.58 374.15 171.38 94.88 101.28 95.68 302.82 378.72 382.44 229.63 90.52 309.45 94.88 375.35 182.42 0.00 299.44 107.75 286.29 228.05 88.23 89.09 85.45 333.69 90.52 385.18 378.33 88.65 95.68 260.25 377.82 380.49 90.52 100.08 85.75 319.36 0.00 0.00 0.00 0.00
0.00 88.23 89.51 82.06 123.85 367.33 0.00 379.25 104.69 176.75 81.63 119.62 99.72 376.30 149.66 95.12 84.37 98.37 338.02 104.69 420.09 317.52 124.76 102.20 84.13 336.45 377.67 0.00 0.00 121.55 100.47 90.52 90.52 96.69 116.41 131.28 375.77 236.16 91.60 123.30 84.89 135.62 339.35 378.33 378.56 248.11 0.00 248.11 375.75 255.16 269.40 371.27 385.37 375.52 245.83 383.77 221.47 96.53 91.60 0.00 376.60
379.60 0.00 376.37 381.61 307.13 377.21 375.45 122.11 184.63 126.55 89.55 371.22 91.60 354.48 253.39 96.70 134.47 403.78 176.59 351.64 109.19 92.79 389.20 406.79 0.00 0.00 374.73 340.10 385.16 112.75 99.69 297.11 90.52 251.71 85.45 85.16 377.84 237.88 356.87 148.13 0.00 378.09 0.00 375.32 375.31 376.86 298.61 375.30 0.00 223.91 377.30 258.98 91.81 127.50 104.65 82.53 83.91 98.48 96.77 101.36 94.82
0.00 376.88 0.00 306.72 375.33 375.37 385.92 328.68 328.76 376.76 0.00 376.08 0.00 375.25 381.14 105.37 122.96 375.81 101.09 342.23 98.37 84.52 366.75 136.56 87.83 82.46 121.42 375.28 288.38 0.00 376.92 302.47 106.51 151.36 90.59 121.48 154.48 385.38 120.23 375.74 368.72 155.59 141.35 83.36 258.13 294.30 346.96 81.54 152.93 377.71 82.22 175.19-9999.00-9999.00-9999.00-9999.00-9999.00-9999.00-9999.00-9999.00-9999.00-9999.00-9999.00-9999.00-9999.00-9999.00-9999.00-9999.00-9999.00-9999.00-9999.00-9999.00-9999.00-9999.00 -9999.00-9999.00-9999.00-9999.00-9999.00-9999.00-9999.00-9999.00-9999.00-9999.00-9999.00-9999.00-9999.00-9999.00-9999.00-9999.00-9999.00-9999.00-9999.00-9999.00-9999.00-9999.00-9999.00-9999.00-9999.00-9999.00-9999.00-9999.00 96.53 139.10 103.60 100.08 94.88 83.06 377.01 92.79
376.86 375.77 136.48 358.35 0.00 179.02 113.10 254.18 314.54 326.70 377.92 379.92 272.72 106.58 94.88 375.99 332.32 271.69 377.35 380.56 381.89 0.00 0.00 0.00 0.00 0.00 376.78 197.76 297.66 128.33 197.76 336.29 0.00 297.65 376.33 0.00 377.81 375.18 297.65 377.30 297.65 0.00 0.00 0.00 0.00 0.00 0.00 0.00 377.76 176.17 102.98 97.87 377.19 393.17 379.67 88.34 107.46 373.19 120.45 81.92 84.91
380.45 89.21 101.18 383.79 94.21-9999.00-9999.00-9999.00-9999.00-9999.00-9999.00-9999.00-9999.00-9999.00-9999.00-9999.00-9999.00-9999.00-9999.00-9999.00-9999.00-9999.00-9999.00-9999.00-9999.00-9999.00 -9999.00-9999.00-9999.00-9999.00-9999.00-9999.00-9999.00-9999.00-9999.00-9999.00-9999.00-9999.00-9999.00-9999.00-9999.00-9999.00-9999.00-9999.00-9999.00-9999.00-9999.00-9999.00-9999.00-9999.00-9999.00-9999.00-9999.00-9999.00-9999.00-9999.00-9999.00-9999.00-9999.00 366.58 377.54 379.17 187.11 386.20 383.29 376.46 377.41 274.58 297.66 297.66 297.66 274.58 274.58 0.00 375.23 375.16 379.68 375.54 377.99 380.75 378.80 378.48 379.22 397.83 92.21 89.76 380.75 387.50 255.56 401.11 389.17 395.23 375.36 108.54 115.42 106.34 92.21 376.68 376.91 375.60 376.49 271.78 100.86 99.83 377.81 96.78 376.17 384.27 0.00 376.07 375.20 307.01 90.66 120.89
297.65 297.65 396.37 297.66 375.17 231.03 0.00 375.98 279.80 380.29 246.98 377.92 379.56 176.17 369.11 334.32 394.24 390.74 381.60 260.66 279.80 382.76 378.26 377.46 0.00 380.29 376.43 375.81 0.00 0.00 0.00 0.00 0.00 375.61 348.23 278.84 374.17 137.12 88.92 152.07 0.00 242.69 121.34 89.77 246.69 81.33 99.57 104.53 96.97 251.91 88.15 383.15 375.72 84.91 88.15 104.53 100.40 161.35 83.87 93.16 99.57
381.12 87.30 93.32 380.21 87.82-9999.00-9999.00-9999.00-9999.00-9999.00-9999.00-9999.00-9999.00-9999.00-9999.00-9999.00-9999.00-9999.00-9999.00-9999.00-9999.00-9999.00-9999.00 -9999.00-9999.00-9999.00-9999.00-9999.00-9999.00-9999.00-9999.00-9999.00-9999.00-9999.00-9999.00-9999.00-9999.00-9999.00-9999.00-9999.00-9999.00-9999.00-9999.00-9999.00-9999.00-9999.00-9999.00-9999.00-9999.00-9999.00-9999.00-9999.00-9999.00-9999.00-9999.00-9999.00-9999.00-9999.00-9999.00-9999.00-9999.00-9999.00-9999.00-9999.00-9999.00-9999.00-9999.00-9999.00-9999.00-9999.00-9999.00-9999.00-9999.00-9999.00 297.65 0.00 255.56 297.66 375.66 375.82 0.00 0.00 0.00 378.47 235.85 322.57 366.45 0.00 319.32 375.13 0.00 297.66 297.65 0.00 375.02 375.01 297.65 375.81 375.49 297.66 297.65 0.00 375.01 297.66 376.45 0.00 231.03 274.58 319.22 231.08 375.70 375.49 375.49 197.11 87.54 213.84 109.63 392.54 379.62 380.33 383.09 81.55 90.94 91.91 105.08 86.79 386.26 180.28 93.36
