蒙特卡罗+CDRMV3/输出数据/2D水深分布/WaterDepthGIS_0143.ASC
ncols         539            
nrows         744            
xllcorner     602630.84259341
yllcorner     3914823.670891 
cellsize      50             
NODATA_value  -9999.00       
[rows 0 to 26 of 32, columns 183 to 243 of 539]
89.65 78.63 257.96 0.00 381.50 377.73 378.77 339.03 282.24 83.25-9999.00-9999.00-9999.00-9999.00-9999.00-9999.00-9999.00-9999.00-9999.00-9999.00-9999.00-9999.00-9999.00 -9999.00-9999.00-9999.00-9999.00-9999.00-9999.00-9999.00-9999.00-9999.00-9999.00-9999.00 86.96 192.34 379.18 90.04 379.81 83.30 89.52 94.30 85.31-9999.00-9999.00-9999.00-9999.00-9999.00-9999.00-9999.00-9999.00-9999.00-9999.00-9999.00-9999.00-9999.00-9999.00-9999.00-9999.00-9999.00-9999.00-9999.00-9999.00-9999.00-9999.00-9999.00-9999.00-9999.00-9999.00-9999.00-9999.00-9999.00-9999.00-9999.00-9999.00-9999.00-9999.00-9999.00-9999.00-9999.00-9999.00-9999.00-9999.00-9999.00-9999.00-9999.00-9999.00-9999.00-9999.00-9999.00-9999.00-9999.00-9999.00-9999.00-9999.00-9999.00-9999.00-9999.00-9999.00-9999.00-9999.00-9999.00-9999.00-9999.00-9999.00-9999.00-9999.00-9999.00-9999.00-9999.00-9999.00-9999.00-9999.00-9999.00-9999.00-9999.00-9999.00-9999.00-9999.00-9999.00-9999.00-9999.00-9999.00-9999.00-9999.00-9999.00-9999.00-9999.00-9999.00-9999.00-9999.00-9999.00-9999.00-9999.00-9999.00-9999.00-9999.00 80.77 126.10 237.41 378.63 380.41 290.81 78.63 88.00 78.56 191.26 90.35 0.00 86.98 209.95 84.74 207.42 85.79 90.56-9999.00-9999.00-9999.00-9999.00-9999.00-9999.00-9999.00-9999.00-9999.00-9999.00-9999.00-9999.00-9999.00 -9999.00-9999.00-9999.00-9999.00-9999.00-9999.00-9999.00-9999.00-9999.00-9999.00 217.13 144.91 82.73 381.45 102.46 378.83 311.37 80.06 146.32 228.40 117.75-9999.00-9999.00-9999.00-9999.00-9999.00-9999.00-9999.00-9999.00-9999.00-9999.00-9999.00-9999.00-9999.00-9999.00-9999.00-9999.00-9999.00-9999.00-9999.00-9999.00-9999.00-9999.00-9999.00-9999.00-9999.00-9999.00-9999.00-9999.00-9999.00-9999.00-9999.00-9999.00-9999.00-9999.00-9999.00-9999.00-9999.00-9999.00-9999.00-9999.00-9999.00-9999.00-9999.00-9999.00-9999.00-9999.00-9999.00-9999.00-9999.00-9999.00-9999.00-9999.00-9999.00-9999.00-9999.00-9999.00-9999.00-9999.00-9999.00-9999.00-9999.00-9999.00-9999.00-9999.00-9999.00-9999.00-9999.00-9999.00-9999.00-9999.00-9999.00-9999.00-9999.00-9999.00-9999.00-9999.00-9999.00-9999.00-9999.00-9999.00-9999.00-9999.00-9999.00-9999.00-9999.00-9999.00-9999.00-9999.00-9999.00-9999.00-9999.00-9999.00-9999.00 79.66 125.51 376.27 81.26 81.64 164.18 88.18 78.56 139.45 234.85 364.56
203.85 377.37 158.01 94.11 379.45 78.88 88.09 117.75 89.38 88.57 89.52 78.93 157.91 0.00 238.29 78.58 161.88 87.76 78.72 129.98 138.83 79.75 78.58 90.08 88.90 87.29 80.62 78.61 0.00 223.38 80.47 84.74 377.31 0.00 272.15 254.46 378.38 371.71 78.72 90.73-9999.00-9999.00-9999.00 -9999.00-9999.00-9999.00-9999.00-9999.00-9999.00-9999.00-9999.00-9999.00-9999.00-9999.00-9999.00-9999.00-9999.00-9999.00 86.80 78.98 282.55 375.48 78.44 0.00 363.06 375.30 140.33 84.24-9999.00-9999.00-9999.00-9999.00-9999.00-9999.00-9999.00-9999.00-9999.00-9999.00-9999.00-9999.00-9999.00-9999.00-9999.00-9999.00-9999.00-9999.00-9999.00-9999.00-9999.00-9999.00-9999.00-9999.00-9999.00-9999.00-9999.00-9999.00-9999.00-9999.00-9999.00-9999.00-9999.00-9999.00-9999.00-9999.00-9999.00-9999.00-9999.00-9999.00 129.06 191.45 95.78 89.29-9999.00-9999.00-9999.00-9999.00 80.77 127.25 374.40 377.45 88.31 381.62
137.78 80.21 81.64 92.07 91.52 0.00 0.00 0.00 0.00 0.00 361.33 137.13 94.38 0.00 0.00 0.00 230.25 122.45 79.10 80.09 0.00 86.17 79.10 82.05 116.90 0.00 81.45 93.27 86.17 0.00 376.97 189.02 129.06 376.44 270.57 121.49 81.45 91.08 102.73-9999.00-9999.00-9999.00-9999.00-9999.00 -9999.00-9999.00-9999.00-9999.00-9999.00-9999.00-9999.00-9999.00-9999.00-9999.00-9999.00-9999.00 78.38 150.93 374.98 78.14 259.89 0.00 83.30 86.30 86.47 89.52 80.72 380.72 129.56 83.01 304.11 209.45 87.90 233.26 193.26-9999.00-9999.00-9999.00-9999.00-9999.00-9999.00-9999.00-9999.00-9999.00-9999.00-9999.00-9999.00-9999.00-9999.00-9999.00-9999.00-9999.00-9999.00-9999.00-9999.00-9999.00-9999.00 80.92 105.15
80.34 223.53 380.85 420.17 81.84 98.51 152.63 81.45 209.05 377.61 89.94 124.03 0.00 127.94 90.40 100.81 345.42 90.73 88.31 350.57 375.79 79.17 128.32 0.00 83.25 89.65 90.90 91.27 164.26 89.52 83.52 0.00 375.67 79.24 165.27 321.66 78.72 99.67 94.38 80.09 139.68 79.47 120.73 376.91 377.13 372.08 210.45 89.65 79.66 79.97 81.09 81.84 92.29 84.42 79.56 124.29 88.57 128.56 0.00 0.00 0.00
234.99 79.75 87.68 79.39 98.11 89.79 86.81 121.71 385.31 82.27 87.92 80.21 88.09 86.57 383.00 375.50 98.51 81.09 81.09 380.72 244.65 87.23 95.08 91.27 83.52 378.38 135.02 86.98 86.43 78.93 144.25 80.47 123.18 384.96 371.86 151.89 222.49 0.00 375.94 339.64 197.58 103.62 394.09 360.36 168.39 87.41-9999.00-9999.00-9999.00-9999.00-9999.00-9999.00-9999.00-9999.00-9999.00-9999.00 -9999.00-9999.00-9999.00-9999.00-9999.00-9999.00-9999.00-9999.00-9999.00 375.83 90.04 253.81 87.90 88.24 84.58 144.40 79.91 134.47 119.37 0.00 80.72 79.28 85.54
354.60 143.90 89.38 91.66 95.08 86.93 160.63 118.29 78.72 160.51 365.28 82.50 376.04 94.38 0.00 376.80 141.17 0.00 376.45 376.09 86.11 85.08 310.77 83.52 86.98 375.48 82.74 93.27-9999.00-9999.00-9999.00-9999.00-9999.00-9999.00-9999.00-9999.00-9999.00 -9999.00-9999.00-9999.00 88.40 359.34 389.67 377.51 80.72 86.87 79.52 405.37 127.56 136.38 88.92 88.92 378.46 80.91 78.21 124.62 163.49 0.00 380.84 378.63 352.96 79.40 84.24 89.20 84.58 380.38 88.92 86.66 377.05 88.50 89.05 381.33
169.89 120.00 88.00 89.65 80.09 78.63 163.30 361.63 376.82 79.10 78.61 118.11 388.12 382.91 0.00 92.84 113.28 122.26 113.28 192.99 125.46 378.25 377.55 356.25 82.05 382.51 407.81 83.25 88.31 237.31-9999.00-9999.00-9999.00-9999.00-9999.00-9999.00-9999.00 -9999.00-9999.00-9999.00-9999.00 192.98 375.89 95.54 87.79 381.28 80.91 381.16 91.96 78.64 119.96 93.81 78.22 130.94 389.47 77.90 0.00 124.27 91.96 376.63 121.96 80.91 333.98 79.40 86.52 84.24 117.76 137.58 0.00 145.47 97.18
116.78 262.79 86.57 386.36 83.52 88.90 81.09 145.44 312.98 79.39 120.31 392.12 0.00 240.97 87.85 286.19 105.41 96.19 116.75 379.03 276.89 256.51 382.30 380.43 385.86 146.06 81.45 96.92 84.11 79.47-9999.00-9999.00-9999.00-9999.00-9999.00-9999.00-9999.00 -9999.00-9999.00-9999.00-9999.00-9999.00-9999.00 97.18 247.66 86.30 79.52 0.00 78.00 87.79 85.90 78.06 378.94 87.29 122.02 0.00 78.27 85.58 78.32 139.90 77.96 86.15 92.92 78.98 134.07 327.15 87.12 117.04 0.00 121.65 83.30 87.89 80.37
286.90 100.88 381.30 109.41 223.45 91.85 103.93 90.79 373.12 79.97 90.56 380.45 286.53 124.25 85.43 88.31-9999.00-9999.00-9999.00-9999.00-9999.00-9999.00-9999.00-9999.00 -9999.00-9999.00-9999.00-9999.00-9999.00-9999.00-9999.00-9999.00-9999.00 87.29 78.80 0.00 80.06 78.27 155.74 0.00 150.70 117.19 190.12 119.54 80.91 78.72 376.27 217.75 90.04 78.06 164.10 178.48 82.21 93.81 378.69 0.00 376.60 237.57 85.81 88.77 79.91 235.90 78.57 0.00 124.82 0.00 97.98 385.03 117.92 87.90 78.50 379.04 376.18 87.42 91.65 88.12 86.53
137.15 387.22 79.64 86.95 81.74 207.77 88.77 78.27 0.00 160.85 136.98 77.90 379.13 253.79 375.99 118.31 82.73 88.77 90.21 123.95 88.37 90.64 96.73 85.70 84.24 91.28 264.64 92.68 378.97 82.21 99.68 91.96 152.46 192.94 228.39 196.43 78.50 86.02 81.64 0.00 78.52 79.75 378.77 375.81 78.93 95.78 87.07 136.11 118.47 320.87 379.32 0.00 285.59 375.02 148.47 96.19 90.40 86.57 89.81 121.73 99.28
100.55 393.13 88.40 96.73 83.60 186.54 87.12 77.88 340.87 376.52 0.00 94.30 89.85 143.73 79.30 260.14 342.97 88.31 82.27 78.98 120.70 142.72 324.43 0.00 79.17 95.08 144.96 92.15 79.75 378.00 391.83 377.98 376.69 279.09 84.11 347.91 87.41 90.24 78.76 88.18 92.76 86.93 78.76 237.22 80.62 0.00 203.74 81.09 82.74 89.94 378.62 232.02 133.62 78.88 88.37 221.00 90.73 87.92 79.31 144.12 243.78
81.26 178.65 142.07 98.90 87.18 78.76 363.78 382.26 120.35 88.78 80.34 126.61 379.62 0.00 303.22 180.32 129.67 78.52 88.18 81.45 174.21 266.68 87.68 90.08 89.79 379.06 91.46 352.44 86.57 345.01 87.41 373.77 87.85 159.92 380.33 377.37 0.00 0.00 375.09 120.04 201.96 383.66 83.28 103.62 98.84 94.08 94.47 120.72 370.56 91.39 378.11 78.63 93.82 120.51 348.55 286.90 85.43-9999.00-9999.00-9999.00-9999.00-9999.00-9999.00-9999.00-9999.00-9999.00-9999.00 -9999.00-9999.00-9999.00-9999.00-9999.00-9999.00-9999.00-9999.00-9999.00 78.27 121.20 387.40
110.73 366.68 132.96 379.61 191.43 79.98 90.42 100.04 237.33 79.97 78.54 78.57 78.54 88.67 362.65 198.62 81.45-9999.00-9999.00-9999.00-9999.00-9999.00-9999.00-9999.00-9999.00-9999.00-9999.00-9999.00-9999.00-9999.00 -9999.00-9999.00-9999.00-9999.00-9999.00-9999.00-9999.00-9999.00-9999.00 88.40 345.94 372.58 79.64 79.18 379.02 126.05 83.30 380.32 383.82 0.00 337.85 86.10 0.00 78.98 255.40 135.21 104.09 91.20 78.27 0.00 171.90 89.52 88.77 123.27 383.55 152.83 137.63 81.10 78.06 143.44 0.00 78.50 87.03 86.52 168.16 376.05 88.24 390.45 88.24 80.54 380.95 82.21
0.00 304.16 139.22 77.93 90.64 276.82 379.38 79.64 0.00 81.97 89.05 88.63 91.89 77.86 132.54 78.57 135.66 0.00 80.91 78.89 160.25 0.00 142.98 79.18 157.27 79.64 207.33 79.40 87.73 85.08 90.73 91.08 79.24 158.13 90.24 90.24 85.08 0.00 369.01 375.61 0.00 80.09 82.74 386.58 289.28 380.63 205.72 0.00 257.74 89.29 374.72 92.29 107.42 79.17 88.57 81.09 379.85 94.74 87.85 82.74 375.29
377.35 81.64 79.10 357.29 372.12 85.43 381.84 79.47 89.01 91.66 79.86 378.02 378.54 381.00 0.00 376.23 379.77 228.78 147.83 90.78 138.77 81.64 89.79 177.17 92.84 78.57 383.18 79.66 376.47 79.10 78.88 376.36 282.81 89.29-9999.00-9999.00-9999.00-9999.00-9999.00-9999.00-9999.00-9999.00-9999.00-9999.00-9999.00-9999.00-9999.00-9999.00 -9999.00-9999.00-9999.00-9999.00-9999.00-9999.00-9999.00-9999.00-9999.00-9999.00-9999.00-9999.00-9999.00-9999.00-9999.00 358.68 93.81 95.21 100.55 85.31 377.41 90.21 87.48 77.86 0.00 88.61 119.65 125.09 373.26 380.93 117.54 84.24 85.54 78.58 378.96 0.00 81.10 85.57 78.00 241.21 0.00
92.92 83.60 146.86 377.55 377.42 78.38 384.18 81.74 99.20 0.00 78.27 86.19 87.03 87.58 173.16 156.24 108.96 228.71 133.09 355.62 104.36 249.59 380.94 377.84 141.43 89.29 249.53 79.97 83.81 336.48 86.57 205.99 89.01 88.31 394.99 84.74 205.71 98.11 377.42 81.45 82.99 82.50 92.07 79.10 153.67 255.52 210.28 0.00 140.83 91.66 81.84 326.80 222.49 0.00 383.06 375.33 327.23 145.39 81.45 78.52 86.48
94.13 134.44 84.24 379.66 82.21 160.92 78.72 125.18 167.91 397.03 82.21 138.27 0.00 91.05 375.66 89.05 78.89 100.19 376.71 0.00 139.65 87.79 80.70 92.89 227.89 79.40 154.22 148.72 80.21 83.91 134.73 245.49 381.56 96.15 81.64 391.58 214.72 90.35 90.92 376.28 348.69 379.42 0.00 85.43 87.92 94.42 95.42 81.26 92.07 256.41 299.11 88.78 90.35 82.74 376.74 381.01 127.75 89.38 86.98 81.09 121.02
79.28 97.14 378.39 79.64 78.89 287.73 80.72 166.49 96.17 143.89 0.00 279.47 78.50 84.83 329.55 82.47 88.92 81.97 178.09 381.53 134.42 384.49 86.10 379.01 105.07 138.93 81.97 375.81 82.73 0.00 126.20 146.85 87.85 89.81 394.27 398.76 90.92 127.18 90.42 297.02 82.74 380.01 80.09 113.28 92.07 82.27 379.26 399.89 269.54 144.91 78.88 252.52 79.31 143.88 376.12 94.74 83.25 128.73 377.59 87.85 89.29
93.20 82.46 83.73 371.78 245.63 105.07 90.39 93.50 100.19 208.69 110.77 84.58 375.34 377.07 0.00 208.48 217.13 394.93 379.73 164.60 389.73 378.18 377.98 241.24 375.58 94.38 264.56 189.46 319.99 0.00 0.00 89.81 0.00 134.13 232.57 86.57 226.98 78.84 84.11 79.56 375.12 376.87 418.19 387.19 78.76 184.64 379.49 0.00 89.81 377.12 88.79 0.00 375.63 91.85 78.84 78.52 87.84 0.00 0.00 378.05 84.11
0.00 0.00 253.72 102.96 266.80 93.46 97.49 100.81 106.28 84.74 93.54 90.92 84.74 78.66 82.27 134.30 86.17 99.28 93.54 80.21 87.54 172.46 80.34 79.17 118.57 235.68 0.00 377.27 368.85 147.14 91.18 204.41 86.17 79.86 194.06 0.00 227.29 181.29 120.14 86.98 91.46 85.43 126.14 361.81 91.46-9999.00-9999.00-9999.00-9999.00-9999.00-9999.00-9999.00-9999.00-9999.00-9999.00-9999.00-9999.00-9999.00-9999.00-9999.00-9999.00-9999.00-9999.00-9999.00 -9999.00-9999.00-9999.00-9999.00-9999.00-9999.00-9999.00-9999.00-9999.00-9999.00-9999.00-9999.00-9999.00-9999.00-9999.00-9999.00-9999.00-9999.00-9999.00-9999.00-9999.00-9999.00-9999.00 89.68 106.92 171.64 376.65 380.91 85.31 93.50 87.79 79.08 167.01 140.33 318.32 240.53 91.28 357.04
139.41 81.64 374.34 85.43 87.41 96.15 80.92 211.37 86.17 378.80 80.34 88.90 86.41 123.11 376.91 0.00 158.73 78.52 86.60 375.24 78.14 87.76 86.93 95.42 0.00 123.96 233.65 131.17 79.66 375.47 193.39 120.82 98.15-9999.00-9999.00-9999.00-9999.00-9999.00-9999.00-9999.00-9999.00-9999.00-9999.00-9999.00-9999.00-9999.00-9999.00-9999.00-9999.00-9999.00-9999.00-9999.00-9999.00 -9999.00-9999.00-9999.00-9999.00-9999.00-9999.00-9999.00-9999.00-9999.00-9999.00-9999.00-9999.00-9999.00-9999.00-9999.00-9999.00-9999.00-9999.00 113.74-9999.00 94.46 87.90 303.95 81.97 80.06 385.21 391.00 97.14 81.97 376.33 0.00 378.96 96.32 79.52 82.47 123.93 370.60 0.00 380.39 376.90 96.17 111.82 335.12 321.99 378.45 88.40
85.08 378.60 382.37 355.53 0.00 0.00 383.60 377.41 321.63 91.66 97.64 258.74 378.39 193.57 122.53 289.26 81.64 90.24 0.00 86.68 284.08 234.14 86.17-9999.00-9999.00-9999.00-9999.00-9999.00-9999.00-9999.00-9999.00-9999.00-9999.00-9999.00-9999.00-9999.00-9999.00-9999.00-9999.00-9999.00-9999.00-9999.00-9999.00-9999.00-9999.00-9999.00-9999.00 -9999.00-9999.00-9999.00-9999.00-9999.00-9999.00-9999.00-9999.00-9999.00-9999.00-9999.00-9999.00-9999.00-9999.00-9999.00-9999.00-9999.00 91.65 93.81 83.91 388.46 384.87 92.68 390.23 386.69 388.81 100.19 101.01 93.50 176.76 95.92 79.08 387.50 138.81 95.54 88.40 0.00 377.51 0.00 241.82 375.05 376.66 289.68 289.70 375.76 127.06 375.25 164.08 375.07 375.94 119.29 99.20 379.88 99.20
257.31 382.12 246.38 0.00 0.00 379.02 313.86 143.43 267.54 232.98 321.28 359.67 0.00 221.84 337.96 93.37 99.21 110.34 93.26 94.38 375.28 92.68 94.30 375.36 375.67 209.92 112.05 384.26 166.17 215.94 191.73 143.43 381.77 268.18 373.08 375.39 0.00 328.03 328.03 378.22 381.17 328.07 376.46 313.67 377.10 0.00 0.00 376.04 379.01 383.76 375.91 375.42 91.05 243.50 88.40 96.32 87.90 377.70 87.42 92.92 78.50
121.02 178.39 377.02 342.26 174.65 139.97 81.64 89.81 79.24 89.38 119.29 142.18 138.87 94.77 375.89 79.97 143.26 143.39-9999.00-9999.00-9999.00-9999.00-9999.00-9999.00-9999.00-9999.00-9999.00-9999.00-9999.00-9999.00-9999.00-9999.00-9999.00-9999.00-9999.00-9999.00-9999.00-9999.00-9999.00 -9999.00-9999.00-9999.00-9999.00-9999.00-9999.00-9999.00-9999.00-9999.00-9999.00-9999.00-9999.00-9999.00-9999.00-9999.00-9999.00-9999.00-9999.00-9999.00-9999.00-9999.00-9999.00-9999.00-9999.00-9999.00-9999.00-9999.00-9999.00-9999.00-9999.00 81.30 380.07 380.00 93.46 378.49 109.46 374.03 376.04 361.21 377.39 377.40 376.70 376.72 0.00 268.18 0.00 328.03 377.44 189.32 0.00 419.00 416.26 385.20 389.97 389.65 388.32 80.67 98.04 83.93 89.97 96.39 87.08 90.53 87.51 124.60 195.37 229.47 119.93 118.69 375.87 181.71 181.71
318.12 168.56 131.27 159.13 344.69 102.62 91.44 272.86 275.36 87.96 83.65 82.21 137.29 87.96 86.27 80.18 376.85 121.01 362.59 93.81 100.81 99.86 379.77 102.30 379.50 82.21 92.52 81.27 95.31 383.99 101.88 379.05 90.92 383.86 83.11-9999.00-9999.00-9999.00-9999.00-9999.00-9999.00-9999.00-9999.00-9999.00-9999.00-9999.00-9999.00-9999.00-9999.00-9999.00-9999.00-9999.00-9999.00-9999.00-9999.00-9999.00-9999.00 -9999.00-9999.00-9999.00-9999.00-9999.00-9999.00-9999.00-9999.00-9999.00-9999.00-9999.00-9999.00-9999.00-9999.00-9999.00-9999.00-9999.00-9999.00-9999.00-9999.00-9999.00-9999.00-9999.00-9999.00-9999.00-9999.00-9999.00-9999.00-9999.00-9999.00-9999.00-9999.00-9999.00 263.49 247.61 207.84 363.16 376.93 377.31 376.72 375.66 376.70 377.38 375.00 375.00 353.50 375.30 0.00 326.21 378.93 330.79 376.04 377.12 259.53 380.04 382.10 377.42 330.79
84.85 98.04 95.33 141.00-9999.00-9999.00-9999.00-9999.00-9999.00-9999.00-9999.00-9999.00-9999.00-9999.00-9999.00-9999.00-9999.00-9999.00-9999.00-9999.00-9999.00-9999.00-9999.00-9999.00-9999.00-9999.00 -9999.00-9999.00-9999.00-9999.00-9999.00-9999.00-9999.00-9999.00-9999.00-9999.00-9999.00-9999.00-9999.00-9999.00-9999.00-9999.00-9999.00-9999.00-9999.00-9999.00-9999.00-9999.00-9999.00-9999.00-9999.00-9999.00-9999.00-9999.00-9999.00-9999.00-9999.00-9999.00-9999.00-9999.00-9999.00-9999.00-9999.00-9999.00-9999.00-9999.00-9999.00-9999.00-9999.00-9999.00-9999.00 375.28 374.17 375.12 0.00 297.09 375.34 326.15 375.86 229.47 0.00 376.35 375.00 297.09 375.34 330.79 297.09 377.19 375.00 0.00 292.05 319.13 375.66 378.28 254.45 380.66 324.09 375.98 234.26 389.37 375.69 375.19 300.37 382.68 259.53 0.00 0.00 0.00 379.49 234.26 278.88 0.00 375.31 373.26 375.10 289.06 199.48 0.00 0.00 0.00 0.00 0.00 0.00 0.00 128.57 88.92 86.78
103.99 376.76 300.65 86.27 380.86 152.16 82.21 384.83 169.96 85.89 379.27 379.37 261.19 88.92 89.72 386.65 96.12 204.59 380.75 369.89 84.42-9999.00-9999.00-9999.00-9999.00-9999.00-9999.00-9999.00-9999.00-9999.00-9999.00-9999.00-9999.00-9999.00-9999.00-9999.00-9999.00-9999.00-9999.00 -9999.00-9999.00-9999.00-9999.00-9999.00-9999.00-9999.00-9999.00-9999.00-9999.00-9999.00-9999.00-9999.00-9999.00-9999.00-9999.00-9999.00-9999.00-9999.00-9999.00-9999.00-9999.00-9999.00-9999.00-9999.00-9999.00-9999.00-9999.00-9999.00-9999.00-9999.00-9999.00-9999.00-9999.00-9999.00-9999.00-9999.00-9999.00-9999.00-9999.00-9999.00-9999.00-9999.00-9999.00-9999.00-9999.00-9999.00-9999.00-9999.00-9999.00-9999.00 273.68 254.45 0.00 297.09 375.67 326.15 379.32 377.50 234.26 0.00 259.53 381.12 330.95 0.00 376.25 375.25 0.00 297.09 0.00 375.00 297.09 297.09 375.48 330.79 375.31 297.09 0.00 297.09 375.00 326.21 0.00 254.45 374.17 378.39 377.44 377.13 384.58 376.83 236.42
