蒙特卡罗+CDRMV3/输出数据/2D水深分布/WaterDepthGIS_0159.ASC
ncols         539            
nrows         744            
xllcorner     602630.84259341
yllcorner     3914823.670891 
cellsize      50             
NODATA_value  -9999.00       
[rows 0 to 26 of 32, columns 305 to 365 of 539]
87.89 79.38 81.77 80.94 73.80 131.12 74.12 73.34 131.94 78.45 0.00 76.94 81.18 181.75 120.14 214.49 168.93 74.65-9999.00-9999.00-9999.00-9999.00-9999.00-9999.00-9999.00-9999.00-9999.00-9999.00-9999.00-9999.00 -9999.00-9999.00-9999.00-9999.00-9999.00-9999.00-9999.00-9999.00-9999.00-9999.00-9999.00-9999.00 86.22 73.73 266.95 84.91 138.76 0.00 77.51 360.71 88.83 156.69 100.10-9999.00-9999.00-9999.00-9999.00-9999.00-9999.00-9999.00-9999.00-9999.00-9999.00-9999.00-9999.00-9999.00-9999.00-9999.00-9999.00-9999.00-9999.00-9999.00-9999.00-9999.00-9999.00-9999.00-9999.00-9999.00-9999.00-9999.00-9999.00-9999.00-9999.00-9999.00-9999.00-9999.00-9999.00-9999.00-9999.00-9999.00-9999.00-9999.00-9999.00-9999.00-9999.00-9999.00-9999.00-9999.00-9999.00-9999.00-9999.00-9999.00-9999.00-9999.00-9999.00-9999.00-9999.00-9999.00-9999.00-9999.00-9999.00-9999.00-9999.00-9999.00-9999.00-9999.00-9999.00-9999.00-9999.00-9999.00-9999.00-9999.00-9999.00-9999.00-9999.00-9999.00-9999.00-9999.00-9999.00-9999.00-9999.00-9999.00-9999.00-9999.00-9999.00-9999.00-9999.00-9999.00-9999.00-9999.00 124.93 296.34 166.18 147.39 82.90 81.27 380.93 137.48 223.79 375.70 240.79 125.51 75.51 84.19 75.51 0.00 377.41 166.11 84.03 150.75 378.20 73.70 81.22 76.34-9999.00-9999.00-9999.00-9999.00-9999.00-9999.00-9999.00-9999.00-9999.00-9999.00-9999.00 -9999.00-9999.00-9999.00-9999.00-9999.00-9999.00-9999.00-9999.00-9999.00-9999.00-9999.00-9999.00-9999.00 89.93 116.02 82.53 130.30 122.84 0.00
356.28 332.37 0.00 111.56 175.35 72.26 86.73-9999.00-9999.00-9999.00-9999.00-9999.00-9999.00-9999.00-9999.00-9999.00-9999.00-9999.00-9999.00-9999.00-9999.00-9999.00-9999.00-9999.00-9999.00-9999.00-9999.00-9999.00-9999.00-9999.00-9999.00-9999.00-9999.00-9999.00-9999.00-9999.00-9999.00-9999.00-9999.00-9999.00-9999.00-9999.00-9999.00-9999.00-9999.00-9999.00-9999.00 100.08 380.03 83.13 277.74 102.04-9999.00-9999.00 80.85 77.40 84.48 77.64 76.73 376.36 427.44 78.17 94.47 74.65 189.93 77.64 85.15 75.51 84.03-9999.00-9999.00-9999.00 75.51 166.27 73.86 141.12 74.36 77.17 73.44 382.74 82.63 0.00 0.00 0.00 78.17 74.28 375.01 377.70 143.86 74.98 74.86 88.63 369.84 380.65 135.72 126.96 73.70 73.80 79.05 0.00 77.17 82.60 154.29 76.94 376.49 180.33
142.59 73.70 73.34 81.77 76.34 0.00 122.12 73.80 73.98 378.53 0.00 85.95 93.20 0.00 368.94 85.95 90.46 96.50 80.85 145.27 77.17 81.70 165.62-9999.00-9999.00-9999.00-9999.00-9999.00-9999.00 -9999.00-9999.00-9999.00-9999.00-9999.00-9999.00-9999.00-9999.00-9999.00-9999.00-9999.00 73.26 126.85 82.99 73.15 379.36 379.06 0.00 280.50 111.44 146.24 72.87 80.05 76.91 380.86 124.21 377.94 74.83 378.47 90.33 76.63 171.58-9999.00-9999.00-9999.00-9999.00-9999.00-9999.00-9999.00 84.62 77.40 88.90 79.05 88.63 77.17 80.08-9999.00-9999.00-9999.00-9999.00-9999.00-9999.00 78.45 183.06 95.50 86.71 317.69 372.10 84.19 84.97 195.22
81.70 376.76 76.53 118.40 377.30 84.19 386.44 113.95 84.03 361.21 75.37 150.10 378.55 78.45 0.00 77.64 83.37 97.88 385.27 88.36 82.70 131.83 85.89 377.99 83.25 79.38 0.00 155.24 73.92 92.08 129.14 313.88 74.65 0.00 88.63 84.81 175.31 73.33 89.79 81.84 73.98 371.52 266.98 75.99 243.44 73.92 76.16 75.82 88.36 159.08 76.16 221.40 74.45 116.85 130.28 83.49 75.23 115.80 216.85 87.89 0.00
219.78 74.55 83.13 346.67 303.99 73.54 75.37 74.28 376.43 80.85 76.34 81.84 73.32 381.90 91.61 73.70 362.15 212.35 387.88 84.76 92.49 400.77 74.12 84.64 378.83 75.23 314.20 74.86 74.20 379.63 80.46 82.32 83.49 73.31 144.12 245.70 376.65 376.98 80.85 388.96 381.54 0.00 80.46 89.19 359.67 75.66 145.44 212.72 378.61 321.43 125.05-9999.00-9999.00-9999.00-9999.00-9999.00-9999.00-9999.00-9999.00-9999.00-9999.00 -9999.00-9999.00-9999.00-9999.00-9999.00-9999.00-9999.00-9999.00 376.27 91.67 74.48 87.00 376.17 377.51 76.37 80.55 93.18
375.55 0.00 112.66 82.16 75.66 382.48 93.20 253.07 167.96 82.50 117.09 89.19 194.85 83.89 82.50 81.84 73.53 138.36 176.52 380.05 379.74 380.94 380.38 0.00 0.00 0.00 0.00 94.39 361.88 109.82 0.00 91.06 275.51 82.63 92.04 108.46 338.12 81.27 361.89 79.38-9999.00-9999.00-9999.00-9999.00-9999.00-9999.00-9999.00-9999.00-9999.00 -9999.00-9999.00 82.11 76.11 79.68 90.33 266.52 370.34 74.65 81.61 80.55 379.83 111.59 78.88 124.52 324.01 79.99 79.45 72.02 115.16 0.00 76.91
115.09 73.40 221.12 0.00 359.84 190.11 138.50 74.12 79.72 377.56 74.05 81.42 73.35 157.73 223.21 83.62 81.99 131.35 81.99 130.75 75.11 119.95 73.65 134.11 73.38 135.82 0.00 105.13 148.92 379.82 375.25 361.76 105.58 359.42 100.08 378.37 74.75 95.89 74.28 87.48 379.51 396.19 75.23 92.49-9999.00-9999.00-9999.00-9999.00-9999.00-9999.00 -9999.00-9999.00-9999.00-9999.00-9999.00 84.91 146.72 244.98 387.72 378.58 74.31 132.25 376.35 267.50 81.85 76.91 78.88 379.86 73.37 0.00 73.05
74.86 0.00 118.24 162.00 73.70 83.13 73.47 380.15 115.90 76.16 128.26 73.47 111.45 385.30 93.20 180.43 74.20 81.99 74.36 112.03 377.61 77.40 0.00 0.00 232.01 84.76 378.18 376.80 236.91 115.64 93.65 115.79 99.67 97.85 95.26 86.27 379.14 378.04 333.40 160.26 79.05-9999.00-9999.00-9999.00-9999.00-9999.00-9999.00-9999.00 -9999.00-9999.00-9999.00-9999.00-9999.00-9999.00-9999.00 79.27 121.84 150.34 0.00 114.34 79.48 71.84 145.30 71.89 313.47 0.00 139.62 364.24 177.19 148.97 74.65 181.67 371.78 84.91
134.33 80.46 73.34 133.48 312.84 83.13 0.00 95.59 379.37 378.85 376.49 314.16 169.01 186.28 85.93 355.70 87.61 84.81 73.86 152.11 214.58 78.74-9999.00-9999.00-9999.00-9999.00-9999.00-9999.00-9999.00-9999.00-9999.00 -9999.00-9999.00-9999.00-9999.00-9999.00-9999.00-9999.00-9999.00-9999.00 73.37 138.80 0.00 86.22 79.59 74.83 0.00 112.27 71.88 81.85 81.73 74.31 73.15 395.34 127.81 86.25 72.70 108.95 375.76 118.93 73.37 0.00 112.94 73.05 373.32 151.61 72.49 130.17 73.15 119.98 110.18 0.00 0.00 160.08 72.56 380.87 408.70 386.85
0.00 83.68 334.67 375.83 73.05 74.16 319.99 381.28 114.93 79.27 75.64 125.05 243.35 116.85 0.00 257.86 211.83 71.84 72.17 127.66 76.63 81.73 313.14 112.91 89.40 84.28 83.84 91.20 76.91 184.58 141.75 376.65 83.68 97.38 86.25 94.25 91.20 83.84 75.02 194.90 208.12 376.39 311.71 72.17 0.00 380.77 382.68 380.61 73.32 87.86 82.23 87.86 73.40 127.77 376.01 76.53 0.00 145.77 74.75 75.51 83.13
116.90 382.82 74.31 84.03 129.75 77.51 207.88 377.44 86.73 127.38 75.22 277.67 125.66 71.92 126.82 89.40 0.00 187.10 115.25 75.11 90.16 78.45 82.23 126.85 83.75 74.28 112.66 212.86 0.00 74.98 84.81 86.49 100.00 81.27 379.88 88.90 87.89 84.33 88.63 92.08 376.01 82.70 73.35 163.59 81.92 75.99 133.74 275.10 76.73 184.89 0.00 311.66 197.71 142.07 76.34 135.22 81.64 149.16 80.08 114.56 377.75
127.29 80.46 0.00 86.29 83.75 245.85 78.17 327.36 82.16 85.70 81.22 75.82 75.82 411.60 83.13 74.98 119.12 0.00 331.21 111.78 73.98 81.36 73.40 75.51 180.33 291.20 83.75 82.15 133.31 119.60 379.88 78.45 378.11 216.35 87.22 379.15 378.81 319.19 212.72 193.91 0.00 389.61 385.21 384.06 368.82 367.14 107.71 376.17 380.41 380.96 375.41 375.52 87.34 90.69 95.19 85.66 243.94 120.62 74.05 157.06 84.81
375.87 378.26 214.68 123.99 376.73 130.86 376.17 375.74 379.35 264.77 88.59 351.08 154.08 198.06 379.02 376.51 152.34 135.97 74.28-9999.00-9999.00-9999.00-9999.00-9999.00-9999.00-9999.00-9999.00-9999.00-9999.00-9999.00-9999.00-9999.00 -9999.00-9999.00-9999.00-9999.00-9999.00-9999.00-9999.00-9999.00-9999.00 82.25 79.24 311.35 73.73 380.44 377.07 76.11 379.55 71.92 132.41 75.22 0.00 379.00 0.00 255.76 123.70 74.31 85.45 129.38 161.25 0.00 166.33 73.05 81.98 173.30 383.26 144.45 140.28 74.01 71.84 0.00 376.41 164.32 111.59 78.88 72.96 379.79 377.42 83.66 71.84 381.90
76.91 79.35 80.24 94.63 91.30 79.96 0.00 119.71 78.88 87.57 136.05 78.16 72.49 129.41 167.41 268.16 0.00 80.55 73.05 126.81 0.00 72.13 79.55 72.02 80.24 81.43 76.87 85.27 71.90 73.70 134.42 81.14 74.36 83.13 85.89 87.89 0.00 0.00 0.00 284.40 83.78 80.54 376.07 376.01 133.46 352.02 376.82 86.41 84.48 120.73 378.62 167.95 73.40 77.40 183.80 377.57 348.40 84.76 75.23 375.25 86.71
384.14 143.85 83.75 76.34 197.22 370.06 84.19 375.89 0.00 0.00 228.48 377.47 84.80 103.86 76.23 83.87 129.14 124.64 74.75 88.63 82.15 346.92 83.37 376.20 79.72 75.99 379.45 119.94 85.51-9999.00-9999.00-9999.00-9999.00-9999.00-9999.00-9999.00-9999.00-9999.00-9999.00-9999.00-9999.00-9999.00-9999.00 -9999.00-9999.00-9999.00-9999.00-9999.00-9999.00-9999.00-9999.00-9999.00-9999.00-9999.00-9999.00-9999.00-9999.00-9999.00 89.40 86.25 358.44 99.26 91.67 87.72 277.65 376.31 379.21 0.00 113.40 72.43 71.87 109.20 351.76 80.79 74.16 109.84 177.05 0.00 128.73 81.01 79.48 71.97 152.41 0.00 184.27 72.05 83.84 72.21 0.00
191.22 83.68 80.88 112.54 75.66 282.51 96.01 91.21 93.20 92.49 74.75 382.96 80.46 376.98 270.16 75.99 80.46 75.99 350.01 251.01 118.66 75.11 115.90 377.18 87.86 382.89 350.81 129.10 142.16 78.45 87.61 81.18 73.33 74.86 160.28 389.13 81.27 74.45 73.35 156.46 0.00 0.00 388.40 82.63 80.86 92.58 379.89 150.70 110.96 73.61 73.92 112.83 73.98 361.28 127.95 76.34-9999.00-9999.00-9999.00-9999.00-9999.00-9999.00-9999.00-9999.00-9999.00-9999.00-9999.00-9999.00-9999.00-9999.00-9999.00-9999.00-9999.00-9999.00 -9999.00-9999.00-9999.00-9999.00-9999.00-9999.00-9999.00-9999.00-9999.00-9999.00-9999.00-9999.00-9999.00-9999.00-9999.00-9999.00-9999.00 82.01 82.54 95.02 113.33
378.11 98.56 81.59 0.00 0.00 0.00 98.63 312.39 89.62 161.38 77.19 379.41 376.53 376.03 74.65 116.47 90.33 71.99 302.10 378.91 92.49 179.90 391.67 81.70 89.34 376.87 80.46 83.13 0.00 91.06 381.13 315.96 288.73 137.96 75.82 82.70 83.13 161.31 82.41 228.81 375.98 329.60 120.15 74.45 89.48 146.54 74.36 73.54 126.08 77.17 0.00 82.63 166.57 282.45 99.36 382.90 75.82 82.41 92.96 384.48 378.99
77.51 123.37 376.94 78.88 378.83 378.79 0.00 380.19 85.57 359.41 376.36 81.50 389.17 0.00 79.27 77.51 85.95 136.79 366.29 90.16 389.99 383.77 391.32 384.89 379.78 115.60 81.47 83.49 79.05 381.51 75.99 355.48 73.98 80.75 86.71 249.66 76.73 74.98 126.32 300.82 377.08 104.42 85.95 81.53 74.28 109.82 0.00 0.00 362.09 332.04 327.32 230.66 123.54 73.80 81.03 122.71 85.15 73.36 112.44 88.90-9999.00-9999.00-9999.00-9999.00-9999.00-9999.00-9999.00-9999.00-9999.00-9999.00-9999.00-9999.00-9999.00-9999.00-9999.00-9999.00-9999.00-9999.00-9999.00-9999.00 -9999.00-9999.00-9999.00-9999.00-9999.00-9999.00-9999.00-9999.00-9999.00-9999.00-9999.00-9999.00-9999.00-9999.00-9999.00-9999.00-9999.00-9999.00-9999.00-9999.00
198.44 383.39 378.14 128.80 170.99 375.57 124.16 194.30 0.00 0.00 0.00 378.39 81.27 0.00 84.19 384.53 76.34 373.00 124.95 73.50 121.82 74.55 125.19 378.90 376.12 78.74 380.96 382.55 0.00 369.09 81.70 318.57 84.19 114.54 0.00 74.86 81.27 85.89 86.49 87.22 125.16 0.00 383.22 75.37 85.51 379.45 226.04 126.32 74.98-9999.00-9999.00-9999.00-9999.00-9999.00-9999.00-9999.00-9999.00-9999.00-9999.00-9999.00-9999.00-9999.00-9999.00-9999.00-9999.00-9999.00 -9999.00-9999.00-9999.00-9999.00-9999.00-9999.00-9999.00-9999.00-9999.00-9999.00-9999.00-9999.00-9999.00-9999.00-9999.00-9999.00-9999.00-9999.00-9999.00-9999.00-9999.00-9999.00-9999.00-9999.00-9999.00 89.18 72.70 183.42 350.31 77.83 421.48 120.29 76.37 73.60 130.38 88.17
82.16 74.75 112.06 363.96 138.71 74.98 73.50 125.88 377.07 0.00 369.31 127.29 81.55 85.89 82.70 82.15 88.90 0.00 115.84 74.75 83.62 376.01 184.86 74.75 75.82 169.71 356.92-9999.00-9999.00-9999.00-9999.00-9999.00-9999.00-9999.00-9999.00-9999.00-9999.00-9999.00-9999.00-9999.00-9999.00-9999.00-9999.00-9999.00-9999.00-9999.00 -9999.00-9999.00-9999.00-9999.00-9999.00-9999.00-9999.00-9999.00-9999.00-9999.00-9999.00-9999.00-9999.00-9999.00-9999.00-9999.00-9999.00-9999.00-9999.00-9999.00-9999.00-9999.00 86.22 86.25 152.85 377.65 92.16 74.31 92.16 82.53 82.99 122.59 74.48 0.00 0.00 0.00 302.49 0.00 152.06 106.79 91.58 123.33 87.28 89.18 152.74 89.40 168.83 88.49 233.13 93.71 88.49 80.10 77.51 393.70 377.24
381.31 378.24 351.05 288.74 88.59 364.71 121.03 74.55 83.13 0.00 75.11 85.33 123.63 86.29 117.31 84.97-9999.00-9999.00-9999.00-9999.00-9999.00-9999.00-9999.00-9999.00-9999.00-9999.00-9999.00-9999.00-9999.00-9999.00-9999.00-9999.00-9999.00-9999.00-9999.00-9999.00-9999.00-9999.00 -9999.00-9999.00-9999.00-9999.00-9999.00-9999.00-9999.00-9999.00-9999.00-9999.00-9999.00-9999.00-9999.00-9999.00-9999.00-9999.00-9999.00 76.37 171.38 81.50 74.83 87.86 81.01 73.48 170.77 123.86 131.73 382.26 0.00 0.00 125.73 72.31 73.15 370.58 75.22 134.04 371.68 377.55 0.00 359.11 96.47 356.78 375.98 106.79 380.90 149.07 87.72 93.81 346.35 379.15 356.44 129.75 84.28 79.27 78.16 100.74 98.56 112.27 376.64 0.00 383.35
385.16 0.00 73.37 79.05 135.58 86.49-9999.00-9999.00-9999.00-9999.00-9999.00-9999.00-9999.00-9999.00-9999.00-9999.00-9999.00-9999.00-9999.00-9999.00-9999.00-9999.00-9999.00-9999.00-9999.00-9999.00-9999.00-9999.00-9999.00-9999.00 -9999.00-9999.00-9999.00-9999.00-9999.00-9999.00-9999.00-9999.00-9999.00-9999.00-9999.00-9999.00-9999.00-9999.00-9999.00-9999.00-9999.00-9999.00-9999.00 84.03 86.25 88.53 382.37 160.58 91.43 88.83 75.87 75.87 122.71 354.42 78.88 384.49 72.78 74.48 76.63 114.47 380.52 0.00 0.00 268.90 377.21 403.13 374.73 375.64 258.58 378.86 206.44 112.37 379.81 376.73 350.01 381.97 81.50 92.16 76.63 80.55 92.59 375.23 375.81 376.53 376.95 139.62 132.92 0.00 376.67 366.23 376.51 362.95 181.32 375.89 378.48 387.09 181.32
300.33 404.02 97.74 204.04 132.92 378.22 375.72 264.07 327.60 379.33 0.00 0.00 385.54 377.02 327.66 378.18 379.78 0.00 319.51 381.46 187.60 389.18 268.90 137.40 375.25 188.36 92.65 134.91 88.83 74.16 74.65 82.46 79.58 129.89 72.55 379.65 0.00 100.00 382.99 380.57 381.40 74.12 81.27 81.99 75.23 74.28 112.73 379.31 367.19 73.42 128.01 123.90 176.75 74.65 135.88 86.29 80.46 349.06 118.93 83.37-9999.00-9999.00-9999.00-9999.00-9999.00-9999.00-9999.00-9999.00-9999.00-9999.00-9999.00-9999.00-9999.00-9999.00-9999.00-9999.00-9999.00-9999.00-9999.00-9999.00-9999.00-9999.00 -9999.00-9999.00-9999.00-9999.00-9999.00-9999.00-9999.00-9999.00-9999.00-9999.00-9999.00-9999.00-9999.00-9999.00-9999.00-9999.00-9999.00-9999.00-9999.00-9999.00-9999.00-9999.00-9999.00-9999.00-9999.00-9999.00-9999.00-9999.00-9999.00-9999.00-9999.00
375.64 376.00 235.61 375.30 235.61 0.00 324.06 375.37 376.36 0.00 257.52 91.56 228.59 100.14 115.43 143.74 375.54 110.71 79.58 357.36 355.76 91.56 76.01 85.03 84.25 95.97 117.78 97.81 114.03 125.41 378.79 376.16 376.49 157.47 294.80 278.85 376.15 376.15 376.15 0.00 0.00 0.00 328.97 376.62 313.53 0.00 358.49 270.03 377.03 361.69 185.78 223.23 375.64 134.93 371.94 381.43 373.74 84.89 363.62 379.99 89.53
380.87 384.67 78.50-9999.00-9999.00-9999.00-9999.00-9999.00-9999.00-9999.00-9999.00-9999.00-9999.00-9999.00-9999.00-9999.00-9999.00-9999.00-9999.00-9999.00-9999.00-9999.00-9999.00-9999.00-9999.00-9999.00 -9999.00-9999.00-9999.00-9999.00-9999.00-9999.00-9999.00-9999.00-9999.00-9999.00-9999.00-9999.00-9999.00-9999.00-9999.00-9999.00-9999.00-9999.00-9999.00-9999.00-9999.00-9999.00-9999.00-9999.00-9999.00-9999.00-9999.00-9999.00-9999.00-9999.00-9999.00-9999.00-9999.00-9999.00-9999.00-9999.00 128.34 376.59 375.10 375.00 377.35 375.91 375.95 377.54 377.56 377.86 294.80 294.80 0.00 0.00 313.54 375.00 382.97 375.91 298.10 298.10 375.00 377.34 298.11 376.15 298.11 0.00 350.03 88.78 88.92 82.97 84.32 90.08 93.37 78.18 189.59 216.60 111.11 79.17 387.11 79.17 99.73 104.49 82.47 86.80 370.77 110.52 88.13 0.00 383.91 283.65 375.92 81.83 383.32 174.20 0.00 376.46 376.24
375.21 227.79 0.00 382.53 375.22 219.37 375.37 375.33 315.06 157.47 372.87 314.83 363.69 119.77 87.76 82.31 83.26 81.30 72.81 80.98 98.69 95.64 81.41 375.75 84.89 379.99 80.00 86.76 97.41 84.39 73.60 120.74 93.91 378.29 76.26 73.11 75.31 379.26 72.81 115.27 95.50 370.60 95.34-9999.00-9999.00-9999.00-9999.00-9999.00-9999.00-9999.00-9999.00-9999.00-9999.00-9999.00-9999.00-9999.00-9999.00-9999.00-9999.00-9999.00-9999.00-9999.00-9999.00 -9999.00-9999.00-9999.00-9999.00-9999.00-9999.00-9999.00-9999.00-9999.00-9999.00-9999.00-9999.00-9999.00-9999.00-9999.00-9999.00-9999.00-9999.00-9999.00-9999.00-9999.00-9999.00-9999.00-9999.00-9999.00-9999.00-9999.00-9999.00-9999.00-9999.00-9999.00-9999.00-9999.00-9999.00-9999.00-9999.00-9999.00-9999.00-9999.00-9999.00-9999.00-9999.00-9999.00-9999.00-9999.00-9999.00-9999.00 375.62 294.81 0.00 375.27 270.03 375.34 313.54 379.89 0.00 375.00 294.81 375.52 351.60 270.03 375.00 375.00 378.85
294.81 294.80 0.00 294.81 0.00 0.00 294.80 375.13 377.69 375.43 375.25 238.44 324.41 194.21 376.30 375.46 183.17 125.41 203.07 181.91 90.86 397.48 359.46 301.09 79.30 80.00 0.00 79.58 88.22 75.53 92.73 122.29 381.75 80.00 194.49 201.40 84.25 371.13 388.10 383.59 175.79 86.26 86.26 91.53 92.73 380.82 78.03 340.48 408.05 370.53 129.92 86.37-9999.00-9999.00-9999.00-9999.00-9999.00-9999.00-9999.00-9999.00-9999.00-9999.00-9999.00-9999.00-9999.00-9999.00-9999.00-9999.00-9999.00-9999.00 -9999.00-9999.00-9999.00-9999.00-9999.00-9999.00-9999.00-9999.00-9999.00-9999.00-9999.00-9999.00-9999.00-9999.00-9999.00-9999.00-9999.00-9999.00-9999.00-9999.00-9999.00-9999.00-9999.00-9999.00-9999.00-9999.00-9999.00-9999.00-9999.00-9999.00-9999.00-9999.00-9999.00-9999.00-9999.00-9999.00-9999.00-9999.00-9999.00-9999.00-9999.00-9999.00-9999.00-9999.00-9999.00-9999.00-9999.00-9999.00-9999.00-9999.00-9999.00-9999.00-9999.00 375.59 0.00 294.80 375.71 223.17 367.34 275.17 313.54
