蒙特卡罗+CDRMV3/输出数据/2D水深分布/WaterDepthGIS_0137.ASC
ncols         539            
nrows         744            
xllcorner     602630.84259341
yllcorner     3914823.670891 
cellsize      50             
NODATA_value  -9999.00       
[rows 0 to 26 of 32, columns 61 to 121 of 539]
82.11-9999.00-9999.00-9999.00-9999.00-9999.00-9999.00-9999.00-9999.00-9999.00-9999.00-9999.00-9999.00-9999.00-9999.00-9999.00-9999.00 -9999.00-9999.00-9999.00-9999.00-9999.00-9999.00-9999.00-9999.00-9999.00-9999.00-9999.00-9999.00-9999.00-9999.00-9999.00-9999.00-9999.00-9999.00-9999.00-9999.00-9999.00-9999.00-9999.00-9999.00-9999.00-9999.00-9999.00-9999.00-9999.00-9999.00-9999.00-9999.00-9999.00-9999.00-9999.00-9999.00-9999.00-9999.00-9999.00-9999.00-9999.00-9999.00-9999.00-9999.00-9999.00-9999.00-9999.00-9999.00-9999.00-9999.00-9999.00-9999.00-9999.00-9999.00-9999.00-9999.00-9999.00-9999.00-9999.00-9999.00-9999.00-9999.00-9999.00-9999.00-9999.00-9999.00-9999.00-9999.00-9999.00-9999.00-9999.00-9999.00-9999.00-9999.00-9999.00-9999.00-9999.00-9999.00-9999.00-9999.00-9999.00-9999.00-9999.00-9999.00-9999.00-9999.00-9999.00-9999.00-9999.00-9999.00-9999.00-9999.00-9999.00-9999.00-9999.00-9999.00-9999.00-9999.00-9999.00-9999.00-9999.00-9999.00-9999.00-9999.00-9999.00-9999.00-9999.00-9999.00-9999.00-9999.00-9999.00-9999.00-9999.00-9999.00-9999.00-9999.00-9999.00-9999.00-9999.00-9999.00 93.06 97.70 82.06 382.77 97.14 381.73 143.45 82.21 82.83 94.34-9999.00-9999.00-9999.00-9999.00-9999.00-9999.00-9999.00-9999.00-9999.00-9999.00-9999.00-9999.00-9999.00-9999.00-9999.00 -9999.00-9999.00-9999.00-9999.00-9999.00-9999.00-9999.00-9999.00-9999.00-9999.00-9999.00-9999.00-9999.00-9999.00-9999.00-9999.00-9999.00-9999.00-9999.00-9999.00-9999.00-9999.00-9999.00-9999.00-9999.00-9999.00-9999.00-9999.00-9999.00-9999.00-9999.00-9999.00-9999.00-9999.00-9999.00-9999.00-9999.00-9999.00-9999.00-9999.00-9999.00-9999.00-9999.00-9999.00-9999.00-9999.00-9999.00-9999.00-9999.00-9999.00-9999.00-9999.00-9999.00-9999.00-9999.00-9999.00-9999.00-9999.00-9999.00-9999.00-9999.00-9999.00-9999.00-9999.00-9999.00-9999.00-9999.00-9999.00-9999.00-9999.00-9999.00-9999.00-9999.00-9999.00-9999.00-9999.00-9999.00-9999.00-9999.00-9999.00-9999.00-9999.00-9999.00-9999.00-9999.00-9999.00-9999.00-9999.00-9999.00-9999.00-9999.00-9999.00-9999.00-9999.00-9999.00-9999.00-9999.00-9999.00-9999.00-9999.00-9999.00-9999.00-9999.00-9999.00-9999.00-9999.00-9999.00-9999.00-9999.00-9999.00-9999.00-9999.00-9999.00-9999.00-9999.00-9999.00-9999.00-9999.00-9999.00 89.84 82.35 94.16 82.51 386.72 380.77 93.82 105.68 86.22 171.22 183.26 104.06-9999.00-9999.00-9999.00-9999.00-9999.00-9999.00-9999.00-9999.00-9999.00-9999.00-9999.00-9999.00-9999.00-9999.00 -9999.00-9999.00-9999.00-9999.00-9999.00-9999.00-9999.00-9999.00-9999.00-9999.00-9999.00-9999.00-9999.00-9999.00-9999.00-9999.00-9999.00-9999.00-9999.00-9999.00-9999.00-9999.00-9999.00-9999.00-9999.00-9999.00-9999.00-9999.00-9999.00-9999.00-9999.00-9999.00-9999.00-9999.00-9999.00-9999.00-9999.00-9999.00-9999.00-9999.00-9999.00-9999.00-9999.00-9999.00-9999.00-9999.00-9999.00-9999.00-9999.00-9999.00-9999.00-9999.00-9999.00-9999.00-9999.00-9999.00-9999.00-9999.00-9999.00-9999.00-9999.00-9999.00-9999.00-9999.00-9999.00-9999.00-9999.00-9999.00-9999.00-9999.00-9999.00-9999.00-9999.00-9999.00-9999.00-9999.00-9999.00-9999.00-9999.00-9999.00-9999.00-9999.00-9999.00-9999.00-9999.00-9999.00-9999.00-9999.00-9999.00-9999.00-9999.00-9999.00-9999.00-9999.00-9999.00-9999.00-9999.00-9999.00-9999.00-9999.00-9999.00-9999.00-9999.00-9999.00-9999.00-9999.00-9999.00-9999.00-9999.00-9999.00-9999.00-9999.00-9999.00-9999.00-9999.00-9999.00-9999.00-9999.00-9999.00 81.92 200.73 83.31 140.13 83.20 0.00 82.35 84.75 379.97 299.63 123.41 100.59-9999.00-9999.00-9999.00-9999.00-9999.00-9999.00-9999.00-9999.00-9999.00-9999.00-9999.00-9999.00-9999.00-9999.00 -9999.00-9999.00-9999.00-9999.00-9999.00-9999.00-9999.00-9999.00-9999.00-9999.00-9999.00-9999.00-9999.00-9999.00-9999.00-9999.00-9999.00-9999.00-9999.00-9999.00-9999.00-9999.00-9999.00-9999.00-9999.00-9999.00-9999.00-9999.00-9999.00-9999.00-9999.00-9999.00-9999.00-9999.00-9999.00-9999.00-9999.00-9999.00-9999.00-9999.00-9999.00-9999.00-9999.00-9999.00-9999.00-9999.00-9999.00-9999.00-9999.00-9999.00-9999.00-9999.00-9999.00-9999.00-9999.00-9999.00-9999.00-9999.00-9999.00-9999.00-9999.00-9999.00-9999.00-9999.00-9999.00-9999.00-9999.00-9999.00-9999.00-9999.00-9999.00-9999.00-9999.00-9999.00-9999.00-9999.00-9999.00-9999.00-9999.00-9999.00-9999.00-9999.00-9999.00-9999.00-9999.00-9999.00-9999.00-9999.00-9999.00-9999.00-9999.00-9999.00-9999.00-9999.00-9999.00-9999.00-9999.00-9999.00-9999.00-9999.00-9999.00-9999.00-9999.00-9999.00-9999.00-9999.00-9999.00-9999.00-9999.00-9999.00-9999.00-9999.00-9999.00-9999.00-9999.00-9999.00-9999.00-9999.00 90.70 82.00 121.67 376.78 101.74 85.98 0.00 82.21 376.85 91.24 91.49 92.41 102.43-9999.00-9999.00-9999.00-9999.00-9999.00-9999.00-9999.00-9999.00-9999.00-9999.00-9999.00-9999.00-9999.00-9999.00 -9999.00-9999.00-9999.00-9999.00-9999.00-9999.00-9999.00-9999.00-9999.00-9999.00-9999.00-9999.00-9999.00-9999.00-9999.00-9999.00-9999.00-9999.00-9999.00-9999.00-9999.00-9999.00-9999.00-9999.00-9999.00-9999.00-9999.00-9999.00-9999.00-9999.00-9999.00-9999.00-9999.00-9999.00-9999.00-9999.00-9999.00-9999.00-9999.00-9999.00-9999.00-9999.00-9999.00-9999.00-9999.00-9999.00-9999.00-9999.00-9999.00-9999.00-9999.00-9999.00-9999.00-9999.00-9999.00-9999.00-9999.00-9999.00-9999.00-9999.00-9999.00-9999.00-9999.00-9999.00-9999.00-9999.00-9999.00-9999.00-9999.00-9999.00-9999.00-9999.00-9999.00-9999.00-9999.00-9999.00-9999.00-9999.00-9999.00-9999.00-9999.00-9999.00-9999.00-9999.00-9999.00-9999.00-9999.00-9999.00-9999.00-9999.00-9999.00-9999.00-9999.00-9999.00-9999.00-9999.00-9999.00-9999.00-9999.00-9999.00-9999.00-9999.00-9999.00-9999.00-9999.00-9999.00-9999.00-9999.00-9999.00-9999.00-9999.00-9999.00-9999.00-9999.00-9999.00-9999.00-9999.00 84.93 90.65 124.34 196.69 86.73 371.72 0.00 0.00
83.54 123.90 293.57 378.45 85.98 83.67 376.94 109.58 0.00 82.83 92.92 100.72 84.57 401.01 377.95 414.27 84.09 379.87 146.99 84.24-9999.00-9999.00-9999.00 -9999.00-9999.00-9999.00-9999.00-9999.00-9999.00-9999.00-9999.00-9999.00-9999.00-9999.00-9999.00-9999.00-9999.00-9999.00 83.51 281.98 91.66 85.27 120.50 0.00 344.57 190.12 84.02-9999.00-9999.00-9999.00-9999.00-9999.00-9999.00-9999.00-9999.00-9999.00-9999.00-9999.00-9999.00-9999.00-9999.00-9999.00-9999.00-9999.00-9999.00-9999.00-9999.00-9999.00-9999.00-9999.00-9999.00-9999.00-9999.00-9999.00-9999.00-9999.00-9999.00-9999.00-9999.00-9999.00-9999.00-9999.00-9999.00-9999.00-9999.00-9999.00-9999.00-9999.00-9999.00-9999.00-9999.00-9999.00-9999.00-9999.00-9999.00-9999.00-9999.00-9999.00-9999.00 87.58 87.58 378.00 379.03 98.01 94.72 96.37 85.98-9999.00-9999.00-9999.00-9999.00-9999.00-9999.00-9999.00-9999.00 82.53 140.63 376.58 307.27 89.24 369.60 132.02 85.98 379.11 320.53 84.24 263.01 126.42 92.79 240.28 305.92 83.67 87.58 82.83 139.49 126.41 124.26 0.00
122.30 95.13 86.73 380.07 163.25 87.00-9999.00 84.93 178.83 82.75 353.08 84.09 90.54 82.30 385.00 86.22 185.01 103.98 98.01 90.76 92.07 82.30 211.21 90.82 0.00 128.83 82.53 83.00 350.76 82.91 0.00 0.00 0.00 87.00 84.24 83.54 0.00 377.61 326.26 0.00 0.00 0.00 0.00 0.00 0.00 0.00 129.17 90.00 96.04 265.08 0.00 378.07 377.20 101.43 154.41 85.54 232.64 96.04 96.29-9999.00-9999.00-9999.00-9999.00-9999.00 -9999.00-9999.00-9999.00-9999.00-9999.00-9999.00-9999.00-9999.00-9999.00-9999.00-9999.00-9999.00 83.21 277.43
234.63 378.24 95.13 95.57 100.59 84.57 379.39 161.92 96.29 92.92 376.30 0.00 156.08 95.65 94.35 83.10 375.87 88.20 378.17 85.12 233.95 0.00 375.99 188.78 82.83 91.58 81.92 82.60 147.46 376.88 0.00 200.42 257.27 145.34 82.91 96.29 91.67 90.82 85.75 82.07 140.08 128.30 88.88 122.68 380.93 84.93 83.94 147.75 94.16 94.92 95.57 161.88 90.82 84.93 91.87 92.07 210.70 85.75 124.87 124.87 125.57
94.92 91.17 124.02 121.29 391.26 83.94 101.40 98.01 91.49 82.07 87.00 0.00 0.00 89.61 183.63 380.28 88.88 376.16 139.04 82.47 91.32 161.66 380.27 81.92 82.35 93.06 83.80 139.28 163.51 373.44 377.43 174.85 92.69 375.54 0.00 105.31 384.64 380.83 96.47 378.85 97.97 103.54-9999.00-9999.00-9999.00-9999.00-9999.00-9999.00-9999.00-9999.00-9999.00-9999.00-9999.00 -9999.00-9999.00-9999.00-9999.00-9999.00-9999.00-9999.00-9999.00-9999.00-9999.00 101.94 376.37 98.59 169.97 375.60 82.94 252.27 81.92 384.25 88.96 0.00 89.78 81.84 81.36 161.00 82.26 81.84 175.32
90.03 157.32 82.10 383.62 0.00 0.00 122.30 98.83 129.02 392.59 384.19 97.60 381.58 379.23 150.84 85.12 96.83-9999.00-9999.00-9999.00-9999.00-9999.00-9999.00-9999.00-9999.00-9999.00 -9999.00-9999.00-9999.00-9999.00 96.05 84.02 339.50 82.94 110.76 377.27 85.27 92.79 91.63 87.86 286.24 379.77 88.96 120.51 156.58 213.28 0.00 84.61 90.55 377.94 329.46 376.08 82.81 94.74 290.99 300.00 91.38 377.84 100.02 95.48 97.70 391.60 131.48 81.92 87.20 108.05 101.94 94.98 86.03 124.85 0.00 81.48 94.34
383.20 0.00 346.41 101.43 117.02 154.94 164.72 380.24 120.23 132.13 125.38 388.29 88.20 94.35 217.98 91.71-9999.00-9999.00-9999.00-9999.00-9999.00-9999.00-9999.00-9999.00 -9999.00-9999.00-9999.00 95.74 99.65 222.69 377.35 388.53 132.76 90.64 135.07 384.00 81.77 83.36 81.12 124.22 380.49 82.69 81.23 0.00 87.52 295.52 125.67 173.24 82.69 86.59 91.04 91.04 92.79 81.26 136.08 378.84 0.00 0.00 0.00 122.37 84.82 96.89 87.20 340.66 81.99 333.02 0.00 315.67 82.36 90.29 94.74
0.00 0.00 376.16 107.08 114.29 268.01 389.77 386.06 389.12 383.49 191.69 98.48 106.18 356.10 82.60 93.21 227.40 149.23 98.33-9999.00-9999.00-9999.00-9999.00-9999.00-9999.00 -9999.00-9999.00-9999.00-9999.00-9999.00-9999.00 156.21 81.44 261.40 0.00 91.15 143.28 82.36 85.27 134.71 199.14 92.95 82.26 0.00 180.10 81.19 176.85 92.47 171.52 191.43 87.86 82.26 379.10 84.82 91.15 81.21 0.00 151.14 81.53 93.88 81.59 377.25 87.52 379.01 82.08 81.99 0.00 162.34 81.32 84.40 295.47 382.51
381.28 380.97 379.34 83.54 90.40 93.06 82.67 219.96 85.75-9999.00-9999.00-9999.00-9999.00-9999.00-9999.00-9999.00 -9999.00-9999.00-9999.00-9999.00-9999.00-9999.00-9999.00-9999.00-9999.00 82.07 326.95 0.00 84.82 90.64 86.30 0.00 103.18 375.85 121.74 83.07 91.63 93.49 92.74 379.93 84.61 89.56 140.90 82.94 125.18 383.57 0.00 82.46 0.00 0.00 121.21 83.36 122.36 88.96 0.00 128.18 90.55 102.75 0.00 82.57 334.45 171.71 82.94 154.95 228.39 382.54 99.51 81.16 274.46 231.78 302.46 384.85 375.95 90.40 85.12 0.00
119.40 211.56 127.91 0.00 89.78 81.21 376.52 83.68 92.18 92.03 141.90 85.04 85.77 349.67 90.55 178.02 93.49 92.74 101.55 109.23 95.48 224.95 100.40 266.84 105.39 98.59 203.13 81.29 144.12 83.21 121.61 149.42 256.57 0.00 82.28 91.97 84.09 371.18 246.36 102.25 102.78 89.83 133.99 82.35 164.13 0.00 85.98 90.59 93.65 119.51 89.61 92.53 87.89 95.80 106.45 83.67 396.22 153.15 212.11 256.80 86.73
296.41 376.16 134.35 81.27 176.88 0.00 123.69 82.91 83.99 374.28 377.67 195.51 90.00 82.00 159.64 223.07 368.64 0.00 368.24 366.59 149.78 94.35 99.33 173.06 378.20 102.43 376.77 98.83 99.67 87.58 94.92 94.98 195.77 82.35 82.60 86.22 82.53 205.57 87.00 0.00 348.82 117.68 381.04 376.69 87.00 90.82 90.35 91.87 95.57 124.34 95.34 90.20 83.54 104.46 94.34 93.35 95.65 262.79 379.70 379.51 386.03
164.93 381.91 82.75 141.83 95.34 87.58 124.04 396.44 0.00 132.47 87.00 338.86 146.17 82.00 91.87 84.75 87.00 82.41 135.79 382.83 138.41 95.34 246.89 93.20 141.03 111.15 368.61 97.11 89.24 375.37 377.00 196.32 272.21 0.00 173.20 376.89 372.29 376.70 101.56 243.14 361.28 165.73 370.42 83.10 82.17 369.82 82.13 91.58 377.27 376.29 82.53 99.33-9999.00-9999.00-9999.00-9999.00-9999.00-9999.00-9999.00-9999.00-9999.00-9999.00 -9999.00-9999.00-9999.00-9999.00-9999.00-9999.00-9999.00-9999.00-9999.00 81.48 124.24 333.95 0.00 120.77 82.94 91.63 124.37
180.39 208.16 384.63 104.06 148.95 81.21 87.22 100.37 100.72 84.40 83.67 93.50 234.70 82.02 95.34 93.82-9999.00-9999.00-9999.00-9999.00-9999.00-9999.00-9999.00-9999.00-9999.00-9999.00-9999.00-9999.00-9999.00 -9999.00-9999.00-9999.00-9999.00-9999.00-9999.00-9999.00-9999.00-9999.00-9999.00 84.82 263.55 379.00 0.00 0.00 0.00 0.00 0.00 0.00 391.44 365.48 82.08 0.00 290.55 143.36 83.21 89.78 99.65 90.64 0.00 99.28 94.30 97.20 90.37 377.48 341.55 169.31 84.02 81.19 164.39 0.00 194.51 84.40 95.48 84.61 378.56 82.81 206.08 383.88 81.16 380.74 82.17 81.18 120.68
0.00 341.17 81.71 90.55 159.20 91.26 130.57 104.74 0.00 389.68 291.38 165.59 83.68 81.44 132.64 153.42 0.00 379.22 83.21 91.15 82.17 0.00 160.61 354.95 83.21 327.87 83.51 132.98 84.09 127.18 84.59 84.09 131.04 253.66 372.30 376.49 379.76 0.00 375.45 375.62 389.91 0.00 0.00 0.00 0.00 0.00 0.00 0.00 376.07 344.70 380.19 85.54 87.29 187.62 99.82 236.47 383.44 86.22 255.45 88.88 375.81
93.82 93.21 379.64 95.65 98.66 95.57 90.40 134.01 380.30 383.86 82.67 85.12 136.36 162.68 375.50 378.08 0.00 317.35 377.47 376.35 203.87 97.11 369.18 91.62 109.20 366.77 84.24 82.02 82.47 379.11 83.54 83.42 376.82 387.09 355.06 82.53 96.04-9999.00-9999.00-9999.00-9999.00-9999.00-9999.00-9999.00-9999.00-9999.00-9999.00-9999.00-9999.00-9999.00-9999.00 -9999.00-9999.00-9999.00-9999.00-9999.00-9999.00-9999.00-9999.00-9999.00-9999.00-9999.00-9999.00-9999.00 101.55 86.30 92.18 165.56 378.14 89.78 96.01 85.77 240.93 82.69 81.14 0.00 84.02 375.77 0.00 400.96 84.82 83.21 81.92 89.02 86.59 102.28 110.76
92.17 90.37 81.47 286.99 378.74 383.39 0.00 81.12 142.22 82.08 90.13 88.93 121.61 376.65 89.51 81.89 82.81 344.59 0.00 81.89 81.16 81.13 128.85 377.93 94.03 97.60 219.85 404.34 130.65 119.46 102.43 87.00 377.31 377.14 132.01 85.32 105.68 96.37 84.57 99.33 85.54 99.33 88.53 394.90 84.75 99.67 367.14 87.00 96.04 172.68 165.65 91.58 82.91 206.38 190.28 83.42 377.04 0.00 84.75 92.79 87.00
85.52 85.77 89.05 89.51 88.58 0.00 0.00 123.18 93.13 159.92 83.68 143.22 85.27 82.46 327.34 84.02 375.95 240.52 93.88 89.13 89.56 88.96 87.86 233.82 0.00 85.33 295.37 375.71 82.94 378.53 116.03 0.00 96.05 223.47 94.00 116.03 81.53 89.36 81.59 92.79 98.91 86.30 342.87 92.07 363.85 97.11 83.00 420.70 341.42 88.53 375.53 246.01 92.19 337.07 85.98 0.00 82.17 83.42 85.54 153.65 82.91
90.13 380.63 194.98 377.77 0.00 81.23 92.79 92.18 89.67 87.52 447.09 82.46 90.94 92.47 96.59 90.22 82.36 365.70 82.36 367.69 92.47 125.20 91.15 91.15 136.92 375.45 379.82 0.00 88.96 370.04 105.39 96.85 144.94 85.77 228.38 369.36 386.29 96.05 103.18 133.14 378.14 92.18 94.74 228.59 85.52 226.98 0.00 0.00 0.00 389.17 214.25 111.90 85.32 95.34 98.33 89.24 93.06 85.32 378.63 367.25 376.19
282.32 383.59 196.06 284.21 191.51 105.39 377.60 378.29 0.00 378.19 378.42 184.17 377.32 248.97 375.35 87.58 269.21 236.06 97.12 138.73 375.61 380.12 84.82 99.65 81.48 296.72 108.05 106.15 146.87 92.74 295.61 0.00 99.51 0.00 248.97 104.42 376.80 379.01 105.71 361.85 339.02 379.64 239.17 101.06 82.47 82.17 82.47 147.05 81.94 97.11 383.11 83.00 90.05 159.63 83.20 88.53 385.25 363.64 82.17 82.17 377.74
93.68 85.77 101.55 288.54 381.43 167.52 87.20 101.94 92.74 118.34 379.59 100.43 84.21 341.37 0.00 390.11 375.55 376.40 375.92 160.61 0.00 259.67 91.72 100.94 154.94 243.69 363.45 180.71 90.00 354.08 376.62 129.05 87.58 87.58 216.87 82.41 91.71 374.09 91.24 84.24 91.71 121.02 154.58 376.91 0.00 380.67 378.13 376.16 331.90 88.20 94.46 83.10 87.89 0.00 121.80 81.93 90.65 97.11 86.22 160.93 366.84
197.62 0.00 378.31 197.62 384.49 290.60 225.01 376.70 255.87 376.72 147.69 376.21 375.93 98.99 96.37 388.53 383.49 395.19 84.40 94.35 375.98 87.29 93.65 125.32 93.35 306.62 93.50 83.67 92.79 84.09 290.96 0.00 386.11 377.20 321.32 83.01 138.56 165.69 83.94 99.33 0.00 381.90 379.61 378.06 379.74 310.59 173.91 129.91 93.21-9999.00-9999.00-9999.00-9999.00-9999.00-9999.00-9999.00-9999.00-9999.00-9999.00-9999.00-9999.00-9999.00-9999.00-9999.00-9999.00-9999.00-9999.00-9999.00-9999.00 -9999.00-9999.00-9999.00-9999.00-9999.00-9999.00-9999.00-9999.00-9999.00-9999.00-9999.00-9999.00-9999.00-9999.00-9999.00-9999.00-9999.00-9999.00-9999.00-9999.00 91.66 219.43 373.52 378.90 383.08 367.03 83.68 96.29 375.37 132.31 87.20
323.02 377.80 375.11 375.29 0.00 265.37 385.61 90.68 92.18 382.25 387.23 378.59 373.00 193.42 85.32 92.69 309.57 91.97 94.98 130.69 381.74 254.87 0.00 379.14 376.87 377.38 277.71 375.89 245.57 370.49 215.24 93.06 96.55 83.00 0.00 378.59 282.21 90.40 254.93 87.29-9999.00-9999.00-9999.00-9999.00-9999.00-9999.00-9999.00-9999.00-9999.00-9999.00-9999.00-9999.00-9999.00-9999.00-9999.00-9999.00-9999.00-9999.00-9999.00-9999.00-9999.00-9999.00-9999.00 -9999.00-9999.00-9999.00-9999.00-9999.00-9999.00-9999.00-9999.00-9999.00-9999.00-9999.00-9999.00-9999.00-9999.00-9999.00-9999.00-9999.00 86.30 173.78 379.17 375.14 88.58 292.78 82.69 211.82 159.43 455.10 107.96 96.59 88.96 137.03 264.53 86.59 0.00 0.00 0.00 0.00
385.35 82.00 89.85 90.82 93.65 91.87 94.52 93.82 290.04 91.67 377.36 148.73 381.39 168.53 149.21-9999.00-9999.00-9999.00-9999.00-9999.00-9999.00-9999.00-9999.00-9999.00-9999.00-9999.00-9999.00-9999.00-9999.00-9999.00-9999.00-9999.00-9999.00-9999.00-9999.00-9999.00-9999.00-9999.00 -9999.00-9999.00-9999.00-9999.00-9999.00-9999.00-9999.00-9999.00-9999.00-9999.00-9999.00-9999.00-9999.00-9999.00-9999.00-9999.00-9999.00-9999.00-9999.00-9999.00-9999.00-9999.00-9999.00-9999.00-9999.00-9999.00 98.20 85.52 332.40 249.73 101.16 92.74 101.16 104.74 91.66 223.20 325.76 376.61 402.09 0.00 0.00 377.52 377.01 147.69 208.48 255.87 367.04 381.01 0.00 382.70 379.66 378.80 376.68 354.13 376.46 111.77 375.75 277.53 93.32 101.35 143.80 376.80 375.80 379.39 119.38 299.66 379.29 291.44 184.17 104.71 375.23
327.35 0.00 375.14 378.71 331.46 376.66 231.80 236.65 256.13 376.07 309.73 286.47 377.52 378.96 0.00 0.00 0.00 371.18 0.00 203.19 388.06 379.01 363.33 145.18 128.98 82.13 123.20 379.71 377.92 142.49 124.87 83.67 106.45 100.02 94.72 92.41 102.09 86.22 84.09 82.35 124.38 376.94 93.21 129.66 84.93-9999.00-9999.00-9999.00-9999.00-9999.00-9999.00-9999.00-9999.00-9999.00-9999.00-9999.00-9999.00-9999.00-9999.00-9999.00-9999.00-9999.00-9999.00-9999.00-9999.00-9999.00 -9999.00-9999.00-9999.00-9999.00-9999.00-9999.00-9999.00-9999.00-9999.00-9999.00-9999.00-9999.00-9999.00-9999.00-9999.00-9999.00-9999.00-9999.00-9999.00-9999.00-9999.00-9999.00-9999.00-9999.00-9999.00-9999.00-9999.00-9999.00-9999.00-9999.00 109.23 104.42 97.70 378.86 100.43 383.15 387.13 389.12 392.42 244.29 307.00 269.99 255.87 376.78 0.00
117.78 99.68 376.79 388.72 375.46 380.82 394.67 385.53 383.62 160.81 84.90 91.87 94.93 101.99 376.43 389.90 384.41 319.77 370.44 113.95 375.35 375.35 376.03 376.51 0.00 375.34 363.80 89.91 103.95 213.99 374.29 377.50 375.41 98.90 294.55 100.87 378.75 92.34 94.79 375.07 375.48 366.82 84.26 82.95 83.12 90.84 94.93 93.24 100.41 377.55 89.72 108.38 379.80 319.68 88.64 378.40 142.12 90.95 114.19 377.79 103.98
386.44 239.57 204.03 226.30 306.76 177.75 0.00 376.30 218.54 378.48 185.84 375.20 203.19 382.99 381.45 324.43 371.56 375.19 156.02 85.67 84.56 83.20 0.00 0.00 247.63 87.69 142.21 96.53 99.29 157.68 360.72 91.87 87.12 91.87 106.90 0.00 106.56 100.03 91.40 102.88 88.64 92.86 137.10 91.40 97.04-9999.00-9999.00-9999.00-9999.00-9999.00-9999.00-9999.00-9999.00-9999.00-9999.00-9999.00-9999.00-9999.00-9999.00-9999.00-9999.00-9999.00-9999.00-9999.00-9999.00-9999.00-9999.00-9999.00 -9999.00-9999.00-9999.00-9999.00-9999.00-9999.00-9999.00-9999.00-9999.00-9999.00-9999.00-9999.00-9999.00-9999.00-9999.00-9999.00-9999.00-9999.00-9999.00-9999.00-9999.00-9999.00-9999.00-9999.00-9999.00-9999.00-9999.00-9999.00-9999.00-9999.00-9999.00-9999.00-9999.00-9999.00-9999.00-9999.00-9999.00-9999.00-9999.00-9999.00-9999.00-9999.00-9999.00 231.80 375.36 275.03 275.03 375.52 0.00 375.41 297.93 320.98 297.93 0.00 256.11 377.15 297.93 375.42
381.97 297.93 301.25 0.00 320.98 375.07 375.03 0.00 297.93 297.93 0.00 375.89 375.52 377.30 297.94 376.05 375.02 319.77 0.00 297.94 376.68 275.03 0.00 0.00 0.00 375.22 375.31 302.42 153.97 180.16 90.35 362.66 0.00 380.15 379.47 93.50 88.32 375.55 346.57 156.49 92.35 92.71 383.37 257.90 86.11 87.99 379.98 307.11 97.06 98.22 108.14 366.14 383.49 92.35 140.78 98.22 91.40 405.12 89.35 377.57 185.71
