蒙特卡罗+CDRMV3/输出数据/2D水深分布/WaterDepthGIS_0150.ASC
ncols         539            
nrows         744            
xllcorner     602630.84259341
yllcorner     3914823.670891 
cellsize      50             
NODATA_value  -9999.00       
[rows 0 to 26 of 32, columns 305 to 365 of 539]
89.98 81.51 83.94 83.10 75.64 135.69 75.98 75.16 137.99 80.54 0.00 78.96 83.34 194.04 123.50 242.94 171.85 76.53-9999.00-9999.00-9999.00-9999.00-9999.00-9999.00-9999.00-9999.00-9999.00-9999.00-9999.00-9999.00 -9999.00-9999.00-9999.00-9999.00-9999.00-9999.00-9999.00-9999.00-9999.00-9999.00-9999.00-9999.00 89.23 76.58 288.84 87.91 145.71 0.00 80.51 363.96 91.98 173.46 104.17-9999.00-9999.00-9999.00-9999.00-9999.00-9999.00-9999.00-9999.00-9999.00-9999.00-9999.00-9999.00-9999.00-9999.00-9999.00-9999.00-9999.00-9999.00-9999.00-9999.00-9999.00-9999.00-9999.00-9999.00-9999.00-9999.00-9999.00-9999.00-9999.00-9999.00-9999.00-9999.00-9999.00-9999.00-9999.00-9999.00-9999.00-9999.00-9999.00-9999.00-9999.00-9999.00-9999.00-9999.00-9999.00-9999.00-9999.00-9999.00-9999.00-9999.00-9999.00-9999.00-9999.00-9999.00-9999.00-9999.00-9999.00-9999.00-9999.00-9999.00-9999.00-9999.00-9999.00-9999.00-9999.00-9999.00-9999.00-9999.00-9999.00-9999.00-9999.00-9999.00-9999.00-9999.00-9999.00-9999.00-9999.00-9999.00-9999.00-9999.00-9999.00-9999.00-9999.00-9999.00-9999.00-9999.00-9999.00 129.52 319.00 183.60 155.59 85.06 83.43 380.78 140.28 235.79 376.31 265.20 130.56 77.44 86.31 77.44 0.00 377.48 173.72 86.16 161.58 378.55 75.54 83.39 78.32-9999.00-9999.00-9999.00-9999.00-9999.00-9999.00-9999.00-9999.00-9999.00-9999.00-9999.00 -9999.00-9999.00-9999.00-9999.00-9999.00-9999.00-9999.00-9999.00-9999.00-9999.00-9999.00-9999.00-9999.00 93.16 119.74 85.55 135.26 127.08 0.00
363.55 342.08 0.00 114.78 184.89 75.05 89.76-9999.00-9999.00-9999.00-9999.00-9999.00-9999.00-9999.00-9999.00-9999.00-9999.00-9999.00-9999.00-9999.00-9999.00-9999.00-9999.00-9999.00-9999.00-9999.00-9999.00-9999.00-9999.00-9999.00-9999.00-9999.00-9999.00-9999.00-9999.00-9999.00-9999.00-9999.00-9999.00-9999.00-9999.00-9999.00-9999.00-9999.00-9999.00-9999.00-9999.00 102.91 380.28 85.28 289.33 105.88-9999.00-9999.00 83.01 79.43 86.60 79.69 78.73 375.97 425.19 80.24 96.70 76.53 206.20 79.69 87.24 77.44 86.16-9999.00-9999.00-9999.00 77.44 170.89 75.70 146.59 76.23 79.19 75.27 382.77 84.79 0.00 0.00 0.00 80.24 76.14 375.80 378.21 145.82 76.88 76.76 90.76 370.30 380.10 140.41 132.53 75.54 75.64 81.17 0.00 79.19 84.75 159.24 78.96 376.37 199.66
149.13 75.54 75.17 83.94 78.32 0.00 125.86 75.64 75.83 378.28 0.00 88.02 95.58 0.00 370.44 88.02 92.78 98.38 83.01 152.46 79.19 83.87 179.55-9999.00-9999.00-9999.00-9999.00-9999.00-9999.00 -9999.00-9999.00-9999.00-9999.00-9999.00-9999.00-9999.00-9999.00-9999.00-9999.00-9999.00 76.08 133.06 86.00 75.97 379.43 379.04 0.00 300.61 115.05 152.56 75.68 83.09 79.90 380.80 129.51 378.40 77.73 378.17 93.59 79.61 173.46-9999.00-9999.00-9999.00-9999.00-9999.00-9999.00-9999.00 87.62 79.43 91.06 81.17 90.76 79.19 82.23-9999.00-9999.00-9999.00-9999.00-9999.00-9999.00 80.54 194.91 97.55 88.77 332.39 375.81 86.31 87.07 211.77
83.87 376.37 78.52 121.43 377.22 86.31 386.04 116.04 86.16 369.57 77.29 162.29 378.62 80.54 0.00 79.69 85.51 99.75 383.91 90.47 84.85 135.66 87.96 377.66 85.39 81.51 0.00 160.75 75.76 94.49 136.54 327.52 76.53 0.00 90.76 86.91 179.03 75.16 92.04 84.01 75.83 373.92 286.82 77.94 269.03 75.76 78.13 77.77 90.47 170.10 78.13 238.17 76.32 119.79 135.23 85.63 77.15 118.68 238.43 89.98 0.00
238.78 76.42 85.28 356.20 329.30 75.37 77.29 76.14 376.48 83.01 78.32 84.01 75.14 381.68 94.02 75.54 367.11 227.49 387.59 86.86 94.90 399.94 75.98 86.75 378.86 77.15 329.38 76.76 76.05 379.98 82.61 84.48 85.63 75.14 152.90 270.58 376.67 376.87 83.01 388.14 381.27 0.00 82.61 91.37 363.34 77.60 153.26 217.51 378.54 331.88 132.95-9999.00-9999.00-9999.00-9999.00-9999.00-9999.00-9999.00-9999.00-9999.00-9999.00 -9999.00-9999.00-9999.00-9999.00-9999.00-9999.00-9999.00-9999.00 375.82 94.95 77.36 90.04 376.13 377.33 79.34 83.59 96.37
375.87 0.00 115.23 84.32 77.60 382.38 95.58 265.65 171.30 84.66 120.06 91.37 199.30 86.02 84.66 84.01 75.36 143.15 189.84 380.08 379.70 380.98 380.35 0.00 0.00 0.00 0.00 96.63 367.28 116.09 0.00 93.43 287.01 84.79 94.46 114.43 343.07 83.43 366.66 81.51-9999.00-9999.00-9999.00-9999.00-9999.00-9999.00-9999.00-9999.00-9999.00 -9999.00-9999.00 85.14 79.07 82.72 93.59 283.82 370.87 77.54 84.64 83.59 379.96 115.23 81.92 128.55 347.78 83.03 82.48 74.80 119.05 0.00 79.90
117.00 75.23 235.17 0.00 370.53 199.70 144.00 75.98 81.86 377.23 75.90 83.58 75.18 163.64 250.06 85.76 84.15 135.98 84.15 135.64 77.01 123.16 75.49 139.57 75.21 140.81 0.00 110.19 156.80 379.37 375.19 366.15 108.00 364.66 102.91 377.85 76.64 96.10 76.14 86.84 379.48 395.94 77.15 94.90-9999.00-9999.00-9999.00-9999.00-9999.00-9999.00 -9999.00-9999.00-9999.00-9999.00-9999.00 87.91 152.02 276.24 388.30 378.49 77.19 138.75 376.26 286.95 84.88 79.90 81.92 379.71 76.20 0.00 75.87
76.76 0.00 121.05 167.44 75.54 85.28 75.31 380.07 118.48 78.13 133.31 75.31 114.15 385.76 95.58 189.92 76.05 84.15 76.23 114.68 377.76 79.43 0.00 0.00 245.43 86.86 378.05 376.85 253.53 118.06 93.39 118.18 100.91 98.67 95.28 85.47 379.13 378.29 346.23 169.66 81.17-9999.00-9999.00-9999.00-9999.00-9999.00-9999.00-9999.00 -9999.00-9999.00-9999.00-9999.00-9999.00-9999.00-9999.00 82.31 126.57 163.90 0.00 117.90 82.52 74.61 151.19 74.66 329.75 0.00 151.98 375.46 192.14 156.05 77.54 187.83 374.54 87.91
136.95 82.61 75.17 138.46 327.50 85.28 0.00 97.62 379.05 377.77 374.17 326.08 190.75 189.58 85.09 360.92 89.69 86.91 75.70 160.97 233.65 80.85-9999.00-9999.00-9999.00-9999.00-9999.00-9999.00-9999.00-9999.00-9999.00 -9999.00-9999.00-9999.00-9999.00-9999.00-9999.00-9999.00-9999.00-9999.00 76.20 141.37 0.00 89.23 82.63 77.73 0.00 115.98 74.65 84.88 84.76 77.19 75.97 395.69 133.11 89.26 75.51 112.62 376.31 123.26 76.20 0.00 116.53 75.87 375.85 159.14 75.29 135.87 75.97 123.57 113.75 0.00 0.00 166.77 75.35 381.34 410.35 387.27
0.00 86.68 346.70 375.89 75.87 77.03 329.50 381.29 118.62 82.31 78.58 130.58 272.31 120.60 0.00 270.45 232.66 74.61 74.95 133.02 79.61 84.76 329.63 115.88 92.60 87.28 86.85 94.49 79.90 204.26 147.90 376.52 86.68 100.43 89.26 97.31 94.49 86.85 77.93 212.13 210.01 376.22 318.31 74.95 0.00 380.51 382.44 380.48 75.14 89.94 84.39 89.94 75.23 132.04 376.55 78.52 0.00 154.64 76.64 77.44 85.28
120.34 382.53 77.19 87.03 137.73 80.51 220.49 377.20 89.76 134.51 78.14 307.09 129.92 74.69 133.33 92.60 0.00 215.38 119.07 77.01 92.44 80.54 84.39 131.74 85.89 76.14 115.32 235.51 0.00 76.88 86.91 88.56 102.78 83.43 379.67 91.06 89.98 86.45 90.76 94.49 375.92 84.85 75.18 172.20 84.08 77.94 138.37 297.69 78.73 189.67 0.00 305.06 225.42 142.92 78.32 140.38 83.81 160.71 82.23 117.26 378.00
132.35 82.61 0.00 88.35 85.89 264.16 80.24 340.38 84.32 87.77 83.39 77.77 77.77 410.17 85.28 76.88 122.26 0.00 339.49 114.45 75.83 83.53 75.23 77.44 185.56 316.14 85.89 84.31 136.02 122.36 379.83 80.54 378.11 230.99 89.29 379.10 378.62 326.45 217.51 199.71 0.00 387.28 383.54 382.71 358.36 366.68 110.49 376.00 379.89 380.65 375.32 375.45 86.69 90.37 95.19 84.80 266.56 123.53 75.90 164.98 86.91
375.79 378.19 227.36 130.16 376.70 138.63 376.16 375.96 379.71 278.29 90.72 362.94 165.50 212.14 379.40 377.01 165.42 140.49 76.14-9999.00-9999.00-9999.00-9999.00-9999.00-9999.00-9999.00-9999.00-9999.00-9999.00-9999.00-9999.00-9999.00 -9999.00-9999.00-9999.00-9999.00-9999.00-9999.00-9999.00-9999.00-9999.00 85.27 82.73 337.17 76.58 380.37 377.27 79.07 379.36 74.67 142.60 78.14 0.00 378.68 0.00 270.20 129.25 77.19 88.91 136.04 166.90 0.00 170.06 75.87 85.01 190.55 383.45 166.19 142.24 76.87 74.60 0.00 376.36 174.37 115.23 81.92 75.77 379.53 377.35 86.67 74.61 381.93
79.90 82.39 83.28 98.88 95.18 83.45 0.00 124.17 81.92 90.63 139.46 81.18 75.29 135.06 174.19 300.28 0.00 83.59 75.87 133.07 0.00 74.91 82.59 74.80 83.28 84.59 79.80 88.27 74.67 75.54 139.34 83.30 76.23 85.28 87.96 89.98 0.00 0.00 0.00 294.05 85.02 82.71 376.01 375.90 141.37 356.71 376.65 88.51 86.60 125.79 378.55 173.63 75.23 79.43 196.57 377.23 357.69 86.86 77.15 375.50 88.77
384.59 154.03 85.89 78.32 202.26 374.21 86.31 375.88 0.00 0.00 232.16 376.29 86.05 105.87 78.28 85.98 131.88 129.38 76.64 90.76 84.31 360.69 85.51 376.39 81.86 77.94 379.27 123.21 87.59-9999.00-9999.00-9999.00-9999.00-9999.00-9999.00-9999.00-9999.00-9999.00-9999.00-9999.00-9999.00-9999.00-9999.00 -9999.00-9999.00-9999.00-9999.00-9999.00-9999.00-9999.00-9999.00-9999.00-9999.00-9999.00-9999.00-9999.00-9999.00-9999.00 92.60 89.26 361.63 102.97 94.95 90.79 298.99 376.58 379.17 0.00 120.57 75.22 74.64 112.72 361.35 83.83 77.03 113.46 186.05 0.00 136.71 84.05 82.52 74.74 162.08 0.00 206.99 74.83 86.85 75.00 0.00
202.39 86.68 83.92 115.34 77.60 293.94 97.96 93.59 95.58 94.90 76.64 383.05 82.61 376.72 276.49 77.94 82.61 77.94 355.64 277.50 121.49 77.01 118.47 377.16 89.94 382.76 364.79 134.50 145.02 80.54 89.69 83.34 75.16 76.76 181.33 389.30 83.43 76.32 75.18 160.83 0.00 0.00 387.12 84.79 83.02 93.04 379.90 158.12 113.66 75.45 75.76 115.13 75.83 371.08 132.99 78.32-9999.00-9999.00-9999.00-9999.00-9999.00-9999.00-9999.00-9999.00-9999.00-9999.00-9999.00-9999.00-9999.00-9999.00-9999.00-9999.00-9999.00-9999.00 -9999.00-9999.00-9999.00-9999.00-9999.00-9999.00-9999.00-9999.00-9999.00-9999.00-9999.00-9999.00-9999.00-9999.00-9999.00-9999.00-9999.00 85.04 85.56 97.99 117.88
377.61 101.98 85.07 0.00 0.00 0.00 103.56 326.00 92.79 168.66 80.13 379.13 376.44 376.22 77.54 120.43 93.59 74.77 319.40 378.92 94.90 196.62 391.59 83.87 91.54 376.57 82.61 85.28 0.00 93.43 381.44 325.53 310.81 140.82 77.77 84.85 85.28 166.74 84.57 242.21 376.15 341.20 123.52 76.32 91.69 155.82 76.23 75.37 131.37 79.19 0.00 84.79 178.35 279.48 101.80 382.50 77.77 84.57 95.36 384.39 379.02
80.51 128.47 377.00 81.92 378.93 378.78 0.00 380.30 88.57 364.24 376.06 84.54 388.97 0.00 82.31 80.51 88.02 144.89 370.23 92.44 389.61 383.54 391.25 384.95 379.78 118.03 83.63 85.63 81.17 381.61 77.94 362.70 75.83 82.91 88.77 256.32 78.73 76.88 131.51 321.31 377.26 109.23 88.02 83.69 76.14 116.09 0.00 0.00 367.00 308.72 345.85 229.50 127.80 75.64 83.19 125.54 87.24 75.19 115.06 91.06-9999.00-9999.00-9999.00-9999.00-9999.00-9999.00-9999.00-9999.00-9999.00-9999.00-9999.00-9999.00-9999.00-9999.00-9999.00-9999.00-9999.00-9999.00-9999.00-9999.00 -9999.00-9999.00-9999.00-9999.00-9999.00-9999.00-9999.00-9999.00-9999.00-9999.00-9999.00-9999.00-9999.00-9999.00-9999.00-9999.00-9999.00-9999.00-9999.00-9999.00
203.74 382.98 378.13 137.29 182.92 375.47 125.67 200.07 0.00 0.00 0.00 378.02 83.43 0.00 86.31 384.70 78.32 376.05 129.76 75.34 129.54 76.42 130.11 379.36 376.61 80.85 380.65 382.25 0.00 371.01 83.87 329.24 86.31 116.76 0.00 76.76 83.43 87.96 88.56 89.29 130.09 0.00 383.07 77.29 87.59 379.52 248.24 131.51 76.88-9999.00-9999.00-9999.00-9999.00-9999.00-9999.00-9999.00-9999.00-9999.00-9999.00-9999.00-9999.00-9999.00-9999.00-9999.00-9999.00-9999.00 -9999.00-9999.00-9999.00-9999.00-9999.00-9999.00-9999.00-9999.00-9999.00-9999.00-9999.00-9999.00-9999.00-9999.00-9999.00-9999.00-9999.00-9999.00-9999.00-9999.00-9999.00-9999.00-9999.00-9999.00-9999.00 92.36 75.51 199.14 360.89 80.84 422.98 124.03 79.34 76.45 132.83 91.28
84.32 76.64 114.70 366.22 141.56 76.88 75.34 131.08 377.23 0.00 373.77 131.58 82.58 87.96 84.85 84.31 91.06 0.00 118.72 76.64 85.76 376.49 208.02 76.64 77.77 188.85 364.86-9999.00-9999.00-9999.00-9999.00-9999.00-9999.00-9999.00-9999.00-9999.00-9999.00-9999.00-9999.00-9999.00-9999.00-9999.00-9999.00-9999.00-9999.00-9999.00 -9999.00-9999.00-9999.00-9999.00-9999.00-9999.00-9999.00-9999.00-9999.00-9999.00-9999.00-9999.00-9999.00-9999.00-9999.00-9999.00-9999.00-9999.00-9999.00-9999.00-9999.00-9999.00 89.23 89.26 166.02 377.97 95.42 77.19 95.42 85.55 86.00 126.93 77.36 0.00 0.00 0.00 311.40 0.00 159.59 112.93 95.54 129.72 90.33 92.36 160.24 92.60 183.75 91.62 253.16 96.84 91.62 83.14 80.51 393.84 376.99
381.14 378.16 361.86 301.70 88.95 368.25 124.54 76.42 85.28 0.00 77.01 87.41 128.88 88.35 122.00 87.07-9999.00-9999.00-9999.00-9999.00-9999.00-9999.00-9999.00-9999.00-9999.00-9999.00-9999.00-9999.00-9999.00-9999.00-9999.00-9999.00-9999.00-9999.00-9999.00-9999.00-9999.00-9999.00 -9999.00-9999.00-9999.00-9999.00-9999.00-9999.00-9999.00-9999.00-9999.00-9999.00-9999.00-9999.00-9999.00-9999.00-9999.00-9999.00-9999.00 79.34 182.16 84.53 77.73 90.95 84.05 76.32 179.96 132.01 137.44 382.36 0.00 0.00 131.71 75.10 75.97 374.77 78.14 138.33 368.84 376.99 0.00 361.92 99.41 363.26 375.81 112.93 380.89 161.16 90.79 96.92 352.78 378.84 362.26 137.73 87.28 82.31 81.18 106.73 101.98 119.31 376.48 0.00 382.80
385.94 0.00 75.19 81.17 140.87 88.56-9999.00-9999.00-9999.00-9999.00-9999.00-9999.00-9999.00-9999.00-9999.00-9999.00-9999.00-9999.00-9999.00-9999.00-9999.00-9999.00-9999.00-9999.00-9999.00-9999.00-9999.00-9999.00-9999.00-9999.00 -9999.00-9999.00-9999.00-9999.00-9999.00-9999.00-9999.00-9999.00-9999.00-9999.00-9999.00-9999.00-9999.00-9999.00-9999.00-9999.00-9999.00-9999.00-9999.00 87.03 89.26 91.66 382.16 177.40 94.71 91.98 78.82 78.82 130.11 363.27 81.92 384.80 75.59 77.36 79.61 118.26 380.09 0.00 0.00 273.60 375.13 395.70 368.18 375.42 264.06 376.57 215.30 118.38 379.19 376.15 355.38 381.85 84.54 95.42 79.61 83.59 95.83 375.15 375.67 376.31 376.64 147.52 142.90 0.00 376.54 369.58 375.82 366.10 187.50 375.82 378.29 387.39 187.50
309.51 403.49 101.08 208.76 142.90 377.58 375.57 266.08 327.15 377.33 0.00 0.00 381.73 375.24 327.16 376.30 377.78 0.00 319.82 380.35 198.88 387.04 273.60 145.07 375.33 202.37 96.93 142.88 91.98 77.03 77.54 86.42 83.53 136.59 76.27 379.39 0.00 102.78 382.83 380.50 381.37 75.98 83.43 84.15 77.15 76.14 115.42 379.37 368.54 75.25 130.75 130.17 177.85 76.53 141.10 88.35 82.61 356.05 121.11 85.51-9999.00-9999.00-9999.00-9999.00-9999.00-9999.00-9999.00-9999.00-9999.00-9999.00-9999.00-9999.00-9999.00-9999.00-9999.00-9999.00-9999.00-9999.00-9999.00-9999.00-9999.00-9999.00 -9999.00-9999.00-9999.00-9999.00-9999.00-9999.00-9999.00-9999.00-9999.00-9999.00-9999.00-9999.00-9999.00-9999.00-9999.00-9999.00-9999.00-9999.00-9999.00-9999.00-9999.00-9999.00-9999.00-9999.00-9999.00-9999.00-9999.00-9999.00-9999.00-9999.00-9999.00
375.38 375.58 238.78 375.17 238.78 0.00 325.21 375.16 376.17 0.00 265.43 99.21 249.10 109.43 123.89 157.13 376.07 119.79 83.53 364.79 362.13 99.21 79.85 88.98 88.20 99.93 125.28 102.00 121.84 135.98 379.35 376.22 376.55 164.24 296.09 282.42 376.15 376.15 376.15 0.00 0.00 0.00 330.00 376.62 316.14 0.00 362.83 272.09 377.09 361.03 191.17 226.79 375.66 142.53 375.04 381.66 375.10 88.84 370.96 380.54 96.56
379.79 383.60 81.89-9999.00-9999.00-9999.00-9999.00-9999.00-9999.00-9999.00-9999.00-9999.00-9999.00-9999.00-9999.00-9999.00-9999.00-9999.00-9999.00-9999.00-9999.00-9999.00-9999.00-9999.00-9999.00-9999.00 -9999.00-9999.00-9999.00-9999.00-9999.00-9999.00-9999.00-9999.00-9999.00-9999.00-9999.00-9999.00-9999.00-9999.00-9999.00-9999.00-9999.00-9999.00-9999.00-9999.00-9999.00-9999.00-9999.00-9999.00-9999.00-9999.00-9999.00-9999.00-9999.00-9999.00-9999.00-9999.00-9999.00-9999.00-9999.00-9999.00 139.59 377.00 375.17 375.74 377.42 375.94 375.98 377.61 377.63 377.94 296.09 296.09 0.00 0.00 316.14 375.00 383.95 375.92 299.38 299.38 375.00 377.42 299.39 376.29 299.39 0.00 355.45 92.78 92.93 86.79 89.60 95.95 99.65 81.98 195.15 221.80 118.27 83.12 387.78 83.12 107.55 112.09 86.44 93.22 375.51 119.63 94.78 0.00 384.63 288.13 376.01 85.65 383.66 180.53 0.00 376.59 376.35
375.21 231.45 0.00 382.56 375.22 230.47 375.37 375.33 321.39 164.24 372.40 313.37 369.88 129.22 91.78 86.28 87.22 85.27 76.53 84.95 103.05 99.77 85.38 376.05 88.84 380.10 83.96 90.72 101.57 88.34 77.35 126.65 98.16 378.37 80.12 76.85 79.13 379.78 76.53 120.00 99.55 373.08 103.01-9999.00-9999.00-9999.00-9999.00-9999.00-9999.00-9999.00-9999.00-9999.00-9999.00-9999.00-9999.00-9999.00-9999.00-9999.00-9999.00-9999.00-9999.00-9999.00-9999.00 -9999.00-9999.00-9999.00-9999.00-9999.00-9999.00-9999.00-9999.00-9999.00-9999.00-9999.00-9999.00-9999.00-9999.00-9999.00-9999.00-9999.00-9999.00-9999.00-9999.00-9999.00-9999.00-9999.00-9999.00-9999.00-9999.00-9999.00-9999.00-9999.00-9999.00-9999.00-9999.00-9999.00-9999.00-9999.00-9999.00-9999.00-9999.00-9999.00-9999.00-9999.00-9999.00-9999.00-9999.00-9999.00-9999.00-9999.00 375.62 296.10 0.00 375.27 272.09 375.34 316.14 379.94 0.00 375.01 296.10 375.52 352.69 272.09 375.00 375.00 378.96
296.10 296.09 0.00 296.10 0.00 0.00 296.09 375.13 377.93 375.43 375.25 247.98 324.82 199.18 376.47 375.51 191.88 135.98 207.59 187.86 98.32 398.17 364.99 325.92 85.15 83.96 0.00 83.53 92.27 79.36 97.04 129.06 382.00 83.96 196.28 212.05 88.20 375.24 388.69 384.23 189.39 90.21 90.21 95.85 97.04 381.40 81.42 350.94 408.86 374.54 138.72 89.98-9999.00-9999.00-9999.00-9999.00-9999.00-9999.00-9999.00-9999.00-9999.00-9999.00-9999.00-9999.00-9999.00-9999.00-9999.00-9999.00-9999.00-9999.00 -9999.00-9999.00-9999.00-9999.00-9999.00-9999.00-9999.00-9999.00-9999.00-9999.00-9999.00-9999.00-9999.00-9999.00-9999.00-9999.00-9999.00-9999.00-9999.00-9999.00-9999.00-9999.00-9999.00-9999.00-9999.00-9999.00-9999.00-9999.00-9999.00-9999.00-9999.00-9999.00-9999.00-9999.00-9999.00-9999.00-9999.00-9999.00-9999.00-9999.00-9999.00-9999.00-9999.00-9999.00-9999.00-9999.00-9999.00-9999.00-9999.00-9999.00-9999.00-9999.00-9999.00 375.59 0.00 296.09 375.72 226.73 368.10 277.26 316.14
