蒙特卡罗+CDRMV3/输出数据/2D水深分布/WaterDepthGIS_0144.ASC
ncols         539            
nrows         744            
xllcorner     602630.84259341
yllcorner     3914823.670891 
cellsize      50             
NODATA_value  -9999.00       
[rows 0 to 26 of 32, columns 244 to 304 of 539]
0.00 84.20 86.88 93.27 81.30 80.73 83.27-9999.00-9999.00-9999.00-9999.00-9999.00-9999.00-9999.00-9999.00-9999.00-9999.00-9999.00-9999.00-9999.00 -9999.00-9999.00-9999.00-9999.00-9999.00-9999.00-9999.00-9999.00-9999.00 99.20 92.16 375.85 351.71 86.91 382.37 437.21 85.59 92.13 353.96 155.44 89.88-9999.00-9999.00-9999.00-9999.00-9999.00-9999.00-9999.00-9999.00-9999.00-9999.00-9999.00-9999.00-9999.00-9999.00-9999.00-9999.00-9999.00-9999.00-9999.00-9999.00-9999.00-9999.00-9999.00-9999.00-9999.00-9999.00-9999.00-9999.00-9999.00-9999.00-9999.00-9999.00-9999.00-9999.00-9999.00-9999.00-9999.00-9999.00-9999.00-9999.00-9999.00-9999.00-9999.00-9999.00-9999.00-9999.00-9999.00-9999.00-9999.00-9999.00-9999.00-9999.00-9999.00-9999.00-9999.00-9999.00-9999.00-9999.00-9999.00-9999.00-9999.00-9999.00-9999.00-9999.00-9999.00-9999.00-9999.00-9999.00-9999.00-9999.00-9999.00-9999.00-9999.00-9999.00-9999.00-9999.00-9999.00-9999.00-9999.00-9999.00-9999.00-9999.00-9999.00-9999.00-9999.00-9999.00-9999.00-9999.00-9999.00-9999.00 79.56 87.01 95.97 80.91 199.31 79.56 79.23 313.10 89.87 79.81 88.26 78.06 117.19 377.81 0.00 172.60 78.05 79.13 81.30 121.63 143.88 88.37-9999.00-9999.00-9999.00-9999.00-9999.00-9999.00-9999.00-9999.00-9999.00-9999.00-9999.00-9999.00 -9999.00-9999.00-9999.00-9999.00-9999.00-9999.00-9999.00-9999.00-9999.00 93.77 376.52 101.94 132.81 376.72 101.94 379.14 0.00 83.40 376.04 220.62 90.69 80.21-9999.00-9999.00-9999.00-9999.00-9999.00-9999.00-9999.00-9999.00-9999.00-9999.00-9999.00-9999.00-9999.00-9999.00-9999.00-9999.00-9999.00-9999.00-9999.00-9999.00-9999.00-9999.00-9999.00-9999.00-9999.00-9999.00-9999.00-9999.00-9999.00-9999.00-9999.00-9999.00-9999.00-9999.00-9999.00-9999.00-9999.00-9999.00-9999.00-9999.00-9999.00-9999.00-9999.00-9999.00-9999.00-9999.00-9999.00-9999.00-9999.00-9999.00-9999.00-9999.00-9999.00-9999.00-9999.00-9999.00-9999.00-9999.00-9999.00-9999.00-9999.00-9999.00-9999.00-9999.00-9999.00-9999.00-9999.00-9999.00-9999.00-9999.00-9999.00-9999.00-9999.00-9999.00-9999.00-9999.00-9999.00-9999.00-9999.00-9999.00-9999.00-9999.00-9999.00-9999.00-9999.00-9999.00-9999.00-9999.00 82.45 175.49 117.36 87.74 117.52
377.39 394.32 323.25 84.20 93.86-9999.00-9999.00-9999.00-9999.00-9999.00-9999.00-9999.00 82.45 87.84 80.39 87.08 86.45 379.17 161.12 378.40 81.10 141.39 377.60 92.47 97.17 376.55 93.56 382.21 78.41 82.71 373.03 79.68 78.13 78.87 78.27 78.87 314.23 0.00 376.05 144.52 79.33 119.61 78.46 367.25 157.96 219.86 81.96 87.39 120.70 376.42 375.26 376.67 0.00 81.10 89.28 0.00 102.62 99.93 85.64 83.27 92.47 373.77 92.29-9999.00-9999.00-9999.00 -9999.00-9999.00-9999.00-9999.00-9999.00-9999.00-9999.00-9999.00-9999.00-9999.00-9999.00-9999.00-9999.00-9999.00 86.88 85.79 127.88 90.77
88.26 196.55 80.39 178.37 87.78 367.00 83.57 209.18 382.97 80.23 382.36 80.73 380.38 173.90 78.71 95.59 89.26 79.68 79.68 383.02 95.22 84.89 0.00 129.82 89.28 90.20 81.10 90.03 78.79 381.12 79.33 153.47 86.76 95.59 87.56 88.04 82.45 78.20 378.82 120.61 79.56 86.88 89.56 121.57 139.14 86.07 78.20 312.32 80.39 79.94 78.95 0.00 372.59 86.03 128.10 121.79 122.77 80.09 179.52 119.43 123.90
0.00 0.00 0.00 0.00 145.48 152.71 78.46 89.12 98.78 80.39 91.12 78.32 378.09 0.00 376.70 0.00 98.58 96.61 204.19 115.60 99.99 378.10 80.39 251.24 349.38 90.39-9999.00-9999.00-9999.00-9999.00-9999.00-9999.00 -9999.00-9999.00-9999.00-9999.00-9999.00-9999.00-9999.00-9999.00-9999.00-9999.00-9999.00-9999.00 99.20 99.63 83.40 90.69 88.85 78.07 119.50 0.00 77.48 78.22 77.77 0.00 77.42 78.57 335.74 87.50 79.87 382.90 377.67 194.65 79.41-9999.00-9999.00-9999.00 83.40 86.46 289.59 91.14 82.78 153.91 388.92 99.49 91.98 145.80 117.52 377.41 377.30
86.88 81.22 89.17 87.50 79.55 86.37 99.20 87.39 97.68 380.62 84.07 324.00 381.08 87.39 379.46 82.22 165.86 78.57 379.11 78.57 328.35 126.49 0.00 378.89 83.57 99.17 163.49 100.39 156.40 126.65 292.61 94.18 78.32 298.98 0.00 79.81 97.17 129.66 0.00 379.70 118.16 81.51 79.68 376.64 82.20 85.64 118.55 377.54 379.10 96.61 0.00 78.52 93.27 89.12 149.40 129.84 78.41 122.12 0.00 376.29 275.49
90.91 87.39 86.02 375.21 312.43 82.49 84.80 164.67 85.19 0.00 373.22 140.15 79.94 92.22 135.82 78.09 376.30 375.60 78.52 79.81 379.77 0.00 78.41 78.00 371.25 0.00 116.65 89.82 89.71 159.75 89.12 78.24 377.95 122.81 80.09 228.93 132.27 0.00 118.27 81.51 78.71 118.79 0.00 79.04 90.03 92.47 314.62 79.94 91.33 80.73 83.57 142.41 220.26 385.24 229.32 165.80 84.89 91.33 87.94 86.03 88.26
81.95 87.62 82.78 88.12 142.60 324.84 88.40 83.73 0.00 116.39 136.83 81.22 82.78 384.12 81.00 93.28 79.13 122.81 382.19 151.23 134.61 78.65 203.24 0.00 0.00 124.26 78.05 78.41 78.20 157.33 378.98 78.87 78.24 117.20 367.74 376.29 85.26 0.00 78.14 90.74 78.65 0.00 273.79 78.36 79.81 376.09 144.83 79.94 84.54 151.09 271.79 378.92 215.56 0.00 385.55 379.05 378.27 383.55 139.69 90.39 80.73
376.11 378.78 78.67 88.55 78.89 0.00 90.77 79.70 381.60 381.96 199.85 79.14 89.17 100.53 82.78 77.94 166.61 80.73 122.70 89.26 92.72 86.03 118.27 0.00 381.80 79.04 90.55 143.53 90.03 87.74 87.01 78.87 117.52 160.87 215.60 0.00 78.41 83.88 0.00 187.59 118.00 80.09 82.20 91.62 93.86 91.54 137.84 78.24 121.80 207.52 376.22 0.00 78.27 121.59 87.74 88.15 87.39 89.82 192.93 89.41 86.02
85.40 85.59 81.51 379.37 379.78 0.00 376.99 375.26 379.76 375.34 78.79 86.03 338.53 78.32 267.80 79.94 200.84 80.91 0.00 355.49 79.44 174.86 88.49 378.57 78.79 92.22 80.39 143.20 345.08 377.72 79.68 122.67 88.15 80.91 123.23 0.00 78.95 82.71 196.95 78.27 94.51 376.30 124.93 80.56 276.68 99.49 0.00 117.91 78.46 90.74 78.52 125.73 0.00 134.56 92.72 78.20 80.73 259.89 0.00 92.29 88.86
90.93 123.21 78.95 137.76 187.03 95.97 80.91 123.61 0.00 133.48 121.66 89.56 90.55 195.88 135.90 0.00 326.75 122.17 82.71 235.95 86.94 88.04 78.36 233.92 377.79 380.26 175.61 81.51 143.75 0.00 0.00 0.00 352.76 264.14 79.56 171.19 78.58 139.29 376.81 0.00 391.23 387.14 143.85 85.60 242.65 121.25 78.46 87.47 87.31 127.94 370.21 242.86 79.94 363.08 367.08 375.89 80.39-9999.00-9999.00-9999.00-9999.00-9999.00-9999.00-9999.00-9999.00 -9999.00-9999.00-9999.00-9999.00-9999.00-9999.00-9999.00-9999.00-9999.00-9999.00 89.34 92.68 77.38
376.51 378.99 386.11 112.33 94.18 89.82 383.65 0.00 109.46 0.00 375.31 213.36 380.97 182.98 0.00 0.00 317.27 82.45 81.96 0.00 129.83 78.65 87.23 97.98 80.91 94.86 88.86 82.20 91.76-9999.00-9999.00-9999.00-9999.00-9999.00-9999.00-9999.00-9999.00-9999.00 -9999.00-9999.00-9999.00-9999.00-9999.00-9999.00-9999.00-9999.00-9999.00-9999.00 77.64 158.83 0.00 314.19 77.46 196.85 82.49 79.01 368.81 0.00 137.51 78.47 77.88 154.92 202.38 0.00 373.93 241.67 167.97 133.67 85.19 80.79 381.24 130.62 82.78 97.04 103.55 84.43 78.07 375.71 79.41
0.00 77.46 85.90 82.78 0.00 79.14 89.17 81.46 78.57 78.30 165.02 0.00 0.00 78.07 268.40 79.87 94.27 83.73 385.57 375.75 378.49 79.14 78.14 81.22 380.26 77.50 86.61 78.78 0.00 117.67 81.00 92.68 85.55 191.42 90.69 88.55 377.62 78.22 378.32 77.52 153.08 234.03 83.73 0.00 78.00 90.48 88.85 79.01 146.16 91.87 192.36 78.95 131.79 408.37 79.81 0.00 379.56 198.34 126.55 88.76 80.14
78.38 115.68 0.00 127.64 78.22 90.27 96.20 77.48 81.22 267.35 378.71 78.38 306.27 0.00 87.32 358.88 92.47 378.27 92.14 93.76 375.90 193.94 0.00 80.91 87.94 78.71 382.02 86.87 297.48 82.71 86.45 377.71 79.68 78.11 0.00 127.89 279.85 0.00 366.37 84.20 84.89 83.88 375.44 84.54 86.70 79.44 383.40 86.03 92.47 101.37 114.76 384.25 108.41 103.58 97.61 387.38 240.63 376.22 377.70 370.33 0.00
80.73 364.83 84.89 391.04 89.82 120.61 80.23 80.73 355.99 377.53 0.00 375.59 172.64 0.00 0.00 0.00 82.47 100.76 95.68 0.00 366.53 98.58 0.00 378.01 379.75 79.33 94.18 139.37 82.45 337.88 88.26-9999.00-9999.00-9999.00-9999.00-9999.00-9999.00-9999.00-9999.00-9999.00-9999.00-9999.00-9999.00-9999.00-9999.00 -9999.00-9999.00-9999.00-9999.00-9999.00-9999.00-9999.00-9999.00-9999.00-9999.00-9999.00 86.02 188.73 93.93 82.49 88.96 377.30 79.14 380.35 77.40 152.04 373.42 0.00 161.22 171.09 117.66 86.37 86.88 86.37 78.30 81.95 142.85 0.00 0.00 81.95 78.22 210.58 86.97 77.56 0.00
77.56 166.19 79.41 85.40 81.00 0.00 164.65 109.96 133.35 294.87 78.38 77.56 165.85 78.89 82.49 77.44 0.00 219.51 77.46 89.34 179.29 87.28 92.40 79.41 191.07 86.78 308.97 133.03 376.58 78.57 252.07 92.29 0.00 422.18 391.73 394.40 386.20 384.48 112.78 377.37 368.53 83.27 90.55 80.91 81.96 99.77 90.39 414.46 398.20 379.17 363.08 88.26 377.07 78.65 86.87 78.09 79.44 87.01 86.70 78.41 78.46
136.09 377.76 376.59 123.60 84.54 95.97-9999.00-9999.00-9999.00-9999.00-9999.00-9999.00-9999.00-9999.00-9999.00-9999.00-9999.00-9999.00-9999.00-9999.00-9999.00-9999.00-9999.00-9999.00 -9999.00-9999.00-9999.00-9999.00-9999.00-9999.00-9999.00-9999.00-9999.00-9999.00-9999.00-9999.00-9999.00-9999.00-9999.00-9999.00-9999.00 86.91 384.17 376.57 363.54 80.59 78.00 79.01 81.22 0.00 208.82 83.73 87.50 81.70 86.53 201.98 258.97 78.00 377.84 361.80 0.00 0.00 0.00 129.73 81.00 86.08 81.00 83.73 0.00 154.54 78.14 151.68 123.13 77.77 87.28 81.95 137.66 286.00 376.58 378.08 0.00 364.35 122.74 168.37 87.89 84.43 79.87 199.71 362.16 377.58 376.00 0.00 0.00 377.79 376.18
139.78 376.61 0.00 134.05 90.98 110.22 303.82 89.82 384.58 379.78 380.72 79.23 78.11 85.87 86.49 86.02 86.32 86.15 95.59-9999.00-9999.00-9999.00-9999.00-9999.00-9999.00-9999.00-9999.00-9999.00-9999.00-9999.00-9999.00-9999.00-9999.00-9999.00-9999.00-9999.00-9999.00-9999.00 -9999.00-9999.00-9999.00-9999.00-9999.00-9999.00-9999.00-9999.00-9999.00-9999.00-9999.00-9999.00-9999.00-9999.00-9999.00-9999.00-9999.00-9999.00 90.77 86.02 94.27 96.20 85.59 78.67 0.00 147.06 82.78 82.78 97.04 85.90 149.04 169.69 150.13 79.27 80.39 127.30 85.23 77.39 0.00 99.71 215.24 185.64 124.28 84.07 94.25 79.87 131.25 383.00 380.07 81.95 90.91 92.13 77.46 95.00 86.88 123.64 375.67 376.10 0.00
239.98 0.00 380.30 119.84 78.65 87.01 87.56 324.79 139.70 117.11 78.79 89.56 88.49 82.45-9999.00-9999.00-9999.00-9999.00-9999.00-9999.00-9999.00-9999.00-9999.00-9999.00-9999.00-9999.00-9999.00-9999.00-9999.00-9999.00-9999.00-9999.00-9999.00-9999.00-9999.00 -9999.00-9999.00-9999.00-9999.00-9999.00-9999.00-9999.00-9999.00-9999.00-9999.00-9999.00-9999.00-9999.00-9999.00-9999.00-9999.00-9999.00-9999.00-9999.00 86.46 136.46 380.84 415.98 336.11 154.31 94.63 356.52 95.39 354.64 116.01 85.47 79.41 115.70 369.65 379.49 0.00 242.90 78.67 85.27 89.70 80.79 122.82 0.00 128.57 78.89 78.47 213.19 133.72 225.69 155.58 96.61 378.48 78.89 80.59 375.25 143.99 99.71 376.49 133.37 0.00 352.75 79.27 78.77 90.08 109.83
381.06 380.06 369.25 78.20 200.05 83.57-9999.00-9999.00-9999.00-9999.00-9999.00-9999.00-9999.00-9999.00-9999.00-9999.00-9999.00-9999.00-9999.00-9999.00-9999.00-9999.00-9999.00 -9999.00-9999.00-9999.00-9999.00-9999.00-9999.00-9999.00-9999.00-9999.00-9999.00-9999.00-9999.00-9999.00-9999.00-9999.00-9999.00-9999.00-9999.00-9999.00-9999.00-9999.00-9999.00-9999.00-9999.00-9999.00 87.89 288.43 80.59 283.60 81.95 84.07 382.91 128.93 140.54 163.20 78.30 132.98 0.00 0.00 0.00 0.00 0.00 343.91 90.13 78.14 91.44 378.94 0.00 0.00 376.70 304.68 361.37 360.83 272.80 309.13 378.80 309.58 97.68 346.42 122.70 83.96 99.50 89.25 84.07 86.02 377.11 125.17 80.79 202.42 376.78 401.29 85.59 358.25 83.73 83.24 0.00 376.85 178.06 382.63
0.00 0.00 378.81 130.79 151.02 163.78 98.33 317.95 380.14 88.96 378.47 89.53 101.94 100.53 96.20 98.70 0.00 0.00 141.98 0.00 291.89 375.46 96.15 89.72 134.97 100.54 377.27 384.94 97.68 171.94 92.13 84.43 344.06 109.96 80.79 82.78 190.74 156.68 376.86 0.00 178.06 376.98 307.76 221.17 287.80 188.56 353.58 376.07 378.99 219.45 86.45 83.57 361.73 78.79 81.30 88.26 378.53 366.31 78.46 87.15 167.87
102.12 313.04 377.45 380.09 385.43 118.33 281.76 340.77 92.93 111.95 138.48 96.65 351.13 0.00 178.06 375.65 376.50 375.31 81.70 97.68 238.76 92.16 96.61 266.41 92.93 83.73 133.16 335.45 378.08 142.85 0.00 376.39 245.94 375.92 356.59 241.34 359.25 388.03 241.40 384.86 112.63 116.85 90.77 0.00 102.62 81.30 94.51 90.93 88.76 184.27 80.73 97.61 340.02 365.49 79.44 88.37 377.18 86.76 79.44 0.00 0.00
257.96 354.41 103.49 178.53 100.74 376.54 375.45 267.88 212.39 0.00 382.10 82.49 81.00 93.77 378.54 240.77 367.11 157.56 177.69 105.65 380.81 376.17 225.58 207.81 0.00 375.43 221.17 375.18 318.88 0.00 0.00 267.91 0.00 391.82 376.94 227.04 121.34 138.48 79.70 87.32 247.78 83.88 107.03 272.04 382.82 86.45 251.65 0.00 376.36 161.55 84.89 173.64 132.75 375.27 121.12 78.00 141.34 377.71 79.13 91.98 93.56
79.04 150.13 380.69 0.00 83.88 91.76 160.09 87.69 87.08 85.26 121.61 117.95 383.75 367.73 377.13 312.30 265.48 80.56 251.41 131.89 275.47 90.93 120.23 78.36 367.61 81.96-9999.00-9999.00-9999.00-9999.00-9999.00-9999.00-9999.00-9999.00-9999.00-9999.00-9999.00-9999.00-9999.00-9999.00-9999.00-9999.00-9999.00-9999.00-9999.00-9999.00-9999.00-9999.00 -9999.00-9999.00-9999.00-9999.00-9999.00-9999.00-9999.00-9999.00-9999.00-9999.00-9999.00-9999.00-9999.00-9999.00-9999.00-9999.00-9999.00-9999.00-9999.00-9999.00-9999.00-9999.00-9999.00-9999.00-9999.00-9999.00-9999.00-9999.00-9999.00 87.89 86.46 175.77 377.53 375.40 79.14 378.38 379.55 178.06 351.08 375.86 383.28 0.00 327.93 378.45 375.55 123.77 206.60 327.95 0.00 221.17 309.13 123.38 376.76 103.96 94.84 90.02 99.48 98.33 91.87 93.41 95.79 103.96 86.46
375.38 296.95 353.43 254.17 336.24 375.03 0.00 229.08 0.00 323.90 317.84 376.81 317.84 0.00 376.97 365.66 254.17 338.00 375.40 194.95 378.03 382.28 378.59 125.61 137.86 94.92 382.16 103.95 375.46 138.60 92.65 175.53 124.02 78.50 80.58 79.89 87.34 86.07 87.74 81.10 78.24 117.01 117.18 78.17 170.80 88.99 329.55 90.49 94.86 375.24 375.35 109.35-9999.00-9999.00-9999.00-9999.00-9999.00-9999.00-9999.00-9999.00-9999.00-9999.00-9999.00-9999.00-9999.00-9999.00-9999.00-9999.00-9999.00-9999.00-9999.00-9999.00-9999.00 -9999.00-9999.00-9999.00-9999.00-9999.00-9999.00-9999.00-9999.00-9999.00-9999.00-9999.00-9999.00-9999.00-9999.00-9999.00-9999.00-9999.00-9999.00-9999.00-9999.00-9999.00-9999.00-9999.00-9999.00-9999.00-9999.00-9999.00-9999.00-9999.00-9999.00-9999.00 142.85 92.93 93.77 252.06 372.44 380.36 256.36 370.32
383.82 259.24 300.24 387.71 399.20 375.20 110.68 275.27 395.38 328.75 120.53 110.36 377.38 380.79 101.34 378.38 382.09 87.43 150.76 132.92 375.41 106.84 375.32 126.11 375.47 0.00 375.67 375.51 379.58 84.87 107.75 199.05 376.00 375.47 113.06 110.48 131.67 93.96 95.22 382.92 404.69 123.29 89.99 81.67 125.64 378.89 78.81 376.38 160.09 107.75 98.84 89.43 386.29 379.40 323.07 80.28 84.65 272.36 378.62 86.13 89.99
88.16 80.58 89.72 104.81 91.84 378.59 86.55 369.75 85.74 130.21 250.37 101.34 83.39 95.45 332.31 367.70 128.75 90.75 140.04 87.12 81.88 374.16 80.83 87.55-9999.00-9999.00-9999.00-9999.00-9999.00-9999.00-9999.00-9999.00-9999.00-9999.00-9999.00-9999.00-9999.00-9999.00-9999.00-9999.00-9999.00-9999.00-9999.00-9999.00 -9999.00-9999.00-9999.00-9999.00-9999.00-9999.00-9999.00-9999.00-9999.00-9999.00-9999.00-9999.00-9999.00-9999.00-9999.00-9999.00-9999.00-9999.00-9999.00-9999.00-9999.00-9999.00-9999.00-9999.00-9999.00-9999.00-9999.00-9999.00-9999.00-9999.00-9999.00-9999.00-9999.00-9999.00-9999.00-9999.00-9999.00-9999.00-9999.00-9999.00-9999.00-9999.00-9999.00-9999.00-9999.00-9999.00 375.28 375.12 0.00 296.95 375.91 318.61 309.58 375.12 254.17 0.00 375.01 296.95 375.41 296.95 375.00 375.00 377.18 375.01 0.00 254.17 296.95 377.25 296.95 376.23 377.93 377.44 377.44 379.89 259.24 300.24 377.77 0.00 0.00 375.21 375.21 375.58
84.50 116.51 98.01 99.78 105.82 376.28 315.90 85.67 89.28 153.51 89.43 100.20 0.00 83.99 210.34 89.43 95.82 379.00 83.69 165.72 78.59 91.54 140.34 384.25 94.92 382.05 362.34 388.68 220.36 97.95 380.19 100.90 129.68 82.66 377.56 238.47 84.44-9999.00-9999.00-9999.00-9999.00-9999.00-9999.00-9999.00-9999.00-9999.00-9999.00-9999.00-9999.00-9999.00-9999.00-9999.00-9999.00-9999.00-9999.00 -9999.00-9999.00-9999.00-9999.00-9999.00-9999.00-9999.00-9999.00-9999.00-9999.00-9999.00-9999.00-9999.00-9999.00-9999.00-9999.00-9999.00-9999.00-9999.00-9999.00-9999.00-9999.00-9999.00-9999.00-9999.00-9999.00-9999.00-9999.00-9999.00-9999.00-9999.00-9999.00-9999.00-9999.00-9999.00-9999.00-9999.00-9999.00-9999.00-9999.00-9999.00-9999.00-9999.00-9999.00-9999.00-9999.00-9999.00-9999.00-9999.00-9999.00-9999.00-9999.00 375.32 254.17 0.00 377.05 296.95 320.54 326.01 278.65 233.86 0.00 381.48 296.95 0.00 375.88 296.95 0.00 0.00 296.95 296.95 375.31 296.95 375.53 375.20
