蒙特卡罗+CDRMV3/输出数据/2D水深分布/WaterDepthGIS_0158.ASC
ncols         539            
nrows         744            
xllcorner     602630.84259341
yllcorner     3914823.670891 
cellsize      50             
NODATA_value  -9999.00       
[rows 0 to 26 of 32, columns 183 to 243 of 539]
84.29 73.65 226.74 0.00 381.07 377.39 378.22 310.88 250.74 77.89-9999.00-9999.00-9999.00-9999.00-9999.00-9999.00-9999.00-9999.00-9999.00-9999.00-9999.00-9999.00-9999.00 -9999.00-9999.00-9999.00-9999.00-9999.00-9999.00-9999.00-9999.00-9999.00-9999.00-9999.00 80.35 182.56 378.16 83.48 379.22 76.70 82.95 87.53 78.69-9999.00-9999.00-9999.00-9999.00-9999.00-9999.00-9999.00-9999.00-9999.00-9999.00-9999.00-9999.00-9999.00-9999.00-9999.00-9999.00-9999.00-9999.00-9999.00-9999.00-9999.00-9999.00-9999.00-9999.00-9999.00-9999.00-9999.00-9999.00-9999.00-9999.00-9999.00-9999.00-9999.00-9999.00-9999.00-9999.00-9999.00-9999.00-9999.00-9999.00-9999.00-9999.00-9999.00-9999.00-9999.00-9999.00-9999.00-9999.00-9999.00-9999.00-9999.00-9999.00-9999.00-9999.00-9999.00-9999.00-9999.00-9999.00-9999.00-9999.00-9999.00-9999.00-9999.00-9999.00-9999.00-9999.00-9999.00-9999.00-9999.00-9999.00-9999.00-9999.00-9999.00-9999.00-9999.00-9999.00-9999.00-9999.00-9999.00-9999.00-9999.00-9999.00-9999.00-9999.00-9999.00-9999.00-9999.00-9999.00-9999.00-9999.00-9999.00-9999.00-9999.00-9999.00 75.60 118.65 200.07 377.82 379.64 286.36 73.64 82.58 73.58 175.53 85.02 0.00 81.53 181.27 79.31 183.48 80.34 85.23-9999.00-9999.00-9999.00-9999.00-9999.00-9999.00-9999.00-9999.00-9999.00-9999.00-9999.00-9999.00-9999.00 -9999.00-9999.00-9999.00-9999.00-9999.00-9999.00-9999.00-9999.00-9999.00-9999.00 207.99 130.10 76.16 380.54 95.98 378.28 289.04 73.65 130.82 207.17 105.74-9999.00-9999.00-9999.00-9999.00-9999.00-9999.00-9999.00-9999.00-9999.00-9999.00-9999.00-9999.00-9999.00-9999.00-9999.00-9999.00-9999.00-9999.00-9999.00-9999.00-9999.00-9999.00-9999.00-9999.00-9999.00-9999.00-9999.00-9999.00-9999.00-9999.00-9999.00-9999.00-9999.00-9999.00-9999.00-9999.00-9999.00-9999.00-9999.00-9999.00-9999.00-9999.00-9999.00-9999.00-9999.00-9999.00-9999.00-9999.00-9999.00-9999.00-9999.00-9999.00-9999.00-9999.00-9999.00-9999.00-9999.00-9999.00-9999.00-9999.00-9999.00-9999.00-9999.00-9999.00-9999.00-9999.00-9999.00-9999.00-9999.00-9999.00-9999.00-9999.00-9999.00-9999.00-9999.00-9999.00-9999.00-9999.00-9999.00-9999.00-9999.00-9999.00-9999.00-9999.00-9999.00-9999.00-9999.00-9999.00-9999.00-9999.00-9999.00-9999.00-9999.00 74.59 118.17 367.95 76.05 76.39 156.12 82.76 73.58 129.66 195.40 338.73
170.06 376.07 146.75 88.61 378.54 73.88 82.67 111.37 84.02 83.17 84.15 73.92 143.34 0.00 225.28 73.60 149.34 82.33 73.73 123.31 129.20 74.68 73.60 84.74 83.51 81.85 75.46 73.62 0.00 198.93 75.33 79.31 377.25 0.00 263.88 230.19 378.55 366.31 73.73 85.40-9999.00-9999.00-9999.00 -9999.00-9999.00-9999.00-9999.00-9999.00-9999.00-9999.00-9999.00-9999.00-9999.00-9999.00-9999.00-9999.00-9999.00-9999.00 80.19 72.64 240.57 375.26 72.14 0.00 324.84 363.90 130.18 77.63-9999.00-9999.00-9999.00-9999.00-9999.00-9999.00-9999.00-9999.00-9999.00-9999.00-9999.00-9999.00-9999.00-9999.00-9999.00-9999.00-9999.00-9999.00-9999.00-9999.00-9999.00-9999.00-9999.00-9999.00-9999.00-9999.00-9999.00-9999.00-9999.00-9999.00-9999.00-9999.00-9999.00-9999.00-9999.00-9999.00-9999.00-9999.00-9999.00-9999.00 114.94 169.62 90.06 83.91-9999.00-9999.00-9999.00-9999.00 75.60 119.49 365.97 377.64 82.90 381.65
127.27 75.09 76.39 86.75 86.20 0.00 0.00 0.00 0.00 0.00 350.58 126.95 88.84 0.00 0.00 0.00 204.56 115.50 74.08 74.98 0.00 80.72 74.08 76.77 105.65 0.00 76.22 87.86 80.72 0.00 376.87 163.62 114.94 376.53 232.07 114.70 76.22 85.76 97.65-9999.00-9999.00-9999.00-9999.00-9999.00 -9999.00-9999.00-9999.00-9999.00-9999.00-9999.00-9999.00-9999.00-9999.00-9999.00-9999.00-9999.00 72.09 141.34 354.43 71.86 241.14 0.00 76.70 79.68 79.85 82.95 74.26 380.36 120.85 76.43 260.05 179.48 81.31 210.46 181.84-9999.00-9999.00-9999.00-9999.00-9999.00-9999.00-9999.00-9999.00-9999.00-9999.00-9999.00-9999.00-9999.00-9999.00-9999.00-9999.00-9999.00-9999.00-9999.00-9999.00-9999.00-9999.00 75.74 99.05
75.21 199.01 381.07 419.61 76.58 92.78 134.33 76.22 174.76 377.59 84.59 118.13 0.00 115.32 85.06 95.77 335.22 85.40 82.90 330.51 375.99 74.14 120.32 0.00 77.89 84.29 85.58 85.95 153.72 84.15 78.14 0.00 362.60 74.20 143.35 302.96 73.73 94.24 88.84 74.98 129.50 74.42 113.98 376.48 376.98 361.94 203.07 84.29 74.59 74.87 75.90 76.58 86.96 78.99 74.50 117.20 83.17 121.50 0.00 0.00 0.00
214.23 74.68 82.25 74.34 92.33 84.44 81.36 115.40 385.32 76.97 82.49 75.09 82.67 81.11 383.22 375.91 92.78 75.90 75.90 380.90 221.86 81.79 89.44 85.95 78.14 378.20 128.21 81.53 80.97 73.92 138.68 75.33 116.18 385.77 348.60 136.54 213.05 0.00 376.20 332.15 183.56 95.67 395.08 335.44 146.96 81.96-9999.00-9999.00-9999.00-9999.00-9999.00-9999.00-9999.00-9999.00-9999.00-9999.00 -9999.00-9999.00-9999.00-9999.00-9999.00-9999.00-9999.00-9999.00-9999.00 375.30 83.48 250.21 81.31 81.66 77.96 134.50 73.51 120.63 111.87 0.00 74.26 72.93 78.92
313.57 135.10 84.02 86.34 89.44 81.48 151.58 111.73 73.73 135.70 344.38 77.18 376.33 88.84 0.00 377.15 125.92 0.00 376.55 376.18 80.81 79.63 284.49 78.14 81.53 375.97 77.41 87.86-9999.00-9999.00-9999.00-9999.00-9999.00-9999.00-9999.00-9999.00-9999.00 -9999.00-9999.00-9999.00 81.82 344.86 389.31 377.44 74.26 80.27 73.14 402.40 119.17 127.66 82.35 82.35 377.97 74.43 71.93 116.17 147.37 0.00 380.42 378.28 341.64 73.03 77.63 82.63 77.96 380.49 82.35 80.05 376.38 81.92 82.48 380.60
162.01 113.33 82.58 84.29 74.98 73.65 152.01 355.76 376.98 74.08 73.62 111.54 387.12 384.45 0.00 87.47 103.36 114.07 103.36 171.34 115.84 380.31 378.49 340.98 76.77 381.95 405.49 77.89 82.90 207.68-9999.00-9999.00-9999.00-9999.00-9999.00-9999.00-9999.00 -9999.00-9999.00-9999.00-9999.00 164.92 371.63 88.64 81.19 380.16 74.43 380.30 85.37 72.33 112.00 87.08 71.94 120.89 388.64 71.64 0.00 116.71 85.37 375.78 113.87 74.43 314.32 73.03 79.91 77.63 110.04 127.46 0.00 129.23 90.19
111.43 228.86 81.11 385.59 78.14 83.51 75.90 135.44 273.14 74.34 113.60 390.94 0.00 216.30 82.42 258.73 97.13 90.42 105.69 379.30 247.52 223.30 383.11 380.97 386.14 132.54 76.22 91.10 78.70 74.42-9999.00-9999.00-9999.00-9999.00-9999.00-9999.00-9999.00 -9999.00-9999.00-9999.00-9999.00-9999.00-9999.00 90.19 224.56 79.68 73.14 0.00 71.74 81.19 79.28 71.80 377.99 80.69 114.46 0.00 71.99 78.95 72.04 133.72 71.70 79.53 86.27 72.64 123.06 277.27 80.51 109.63 0.00 113.70 76.70 81.30 73.94
263.95 95.85 381.29 100.03 204.27 86.33 96.00 85.48 373.40 74.87 85.23 379.51 259.21 117.42 79.98 82.90-9999.00-9999.00-9999.00-9999.00-9999.00-9999.00-9999.00-9999.00 -9999.00-9999.00-9999.00-9999.00-9999.00-9999.00-9999.00-9999.00-9999.00 80.69 72.48 0.00 73.65 71.99 143.90 0.00 135.23 109.82 175.71 111.63 74.43 72.40 376.05 185.87 83.48 71.80 151.78 148.71 75.66 87.08 378.20 0.00 376.12 197.15 79.19 82.19 73.51 194.52 72.27 0.00 114.62 0.00 91.03 383.86 110.52 81.31 72.20 378.18 375.18 80.82 85.07 81.54 79.91
128.72 385.85 73.26 80.34 75.21 198.78 82.19 71.99 0.00 139.39 125.18 71.64 378.86 219.12 374.33 110.51 76.16 82.19 83.65 116.28 81.79 84.08 89.75 79.08 77.63 84.71 243.26 86.05 378.37 75.66 93.01 85.37 135.89 183.64 223.19 157.76 72.20 79.40 76.39 0.00 73.55 74.68 378.83 372.51 73.92 90.06 81.62 122.48 112.17 282.82 378.96 0.00 248.09 362.09 133.24 90.42 85.06 81.11 84.45 109.08 93.74
94.07 392.47 81.82 89.75 77.00 169.91 80.51 71.62 320.09 376.06 0.00 87.53 83.29 139.65 74.26 230.46 328.70 82.90 76.97 73.97 113.95 134.21 283.60 0.00 74.14 89.44 132.23 86.82 74.68 377.73 392.04 378.29 376.72 246.76 78.70 331.56 81.96 84.90 73.76 82.76 87.40 81.48 73.76 211.49 75.46 0.00 175.35 75.90 77.41 84.59 378.18 209.87 123.82 73.88 82.96 200.30 85.40 82.49 74.27 138.76 188.90
76.05 151.76 136.29 93.25 81.73 73.76 351.48 382.66 114.68 83.39 75.21 119.03 379.51 0.00 243.05 164.49 121.32 73.54 82.76 76.22 167.92 242.84 82.25 84.74 84.44 378.75 86.14 323.35 81.11 313.09 81.96 371.21 82.42 140.28 380.13 378.29 0.00 0.00 375.29 107.80 191.12 385.29 77.99 95.67 91.79 87.81 88.94 109.36 353.05 85.97 377.71 73.65 88.36 113.78 329.84 247.29 79.98-9999.00-9999.00-9999.00-9999.00-9999.00-9999.00-9999.00-9999.00-9999.00-9999.00 -9999.00-9999.00-9999.00-9999.00-9999.00-9999.00-9999.00-9999.00-9999.00 71.99 113.13 386.84
101.25 355.06 119.82 380.05 165.09 74.89 83.93 94.75 212.36 74.87 73.56 73.59 73.56 83.28 328.97 177.42 76.22-9999.00-9999.00-9999.00-9999.00-9999.00-9999.00-9999.00-9999.00-9999.00-9999.00-9999.00-9999.00-9999.00 -9999.00-9999.00-9999.00-9999.00-9999.00-9999.00-9999.00-9999.00-9999.00 81.82 327.06 369.11 73.26 72.83 378.52 117.34 76.70 379.60 383.29 0.00 337.48 79.48 0.00 72.64 225.34 127.12 93.71 84.64 71.99 0.00 148.87 82.95 82.19 115.82 382.56 133.57 127.46 74.62 71.80 138.06 0.00 72.20 80.43 79.91 156.13 375.70 81.66 389.20 81.66 74.10 379.99 75.66
0.00 270.83 128.23 71.67 84.08 228.82 379.05 73.26 0.00 75.43 82.48 82.05 85.30 71.61 121.94 72.27 124.24 0.00 74.43 72.56 147.58 0.00 134.26 72.83 145.64 73.26 192.46 73.03 81.38 79.63 85.40 85.76 74.20 143.29 84.90 84.90 79.63 0.00 374.49 376.55 0.00 74.98 77.41 388.49 286.26 381.11 194.59 0.00 233.11 83.91 370.35 86.96 98.65 74.14 83.17 75.90 379.71 89.15 82.42 77.41 373.44
377.10 76.39 74.08 339.44 372.02 79.98 381.07 74.42 83.63 86.34 74.77 377.74 378.46 380.97 0.00 376.14 378.56 198.74 134.57 84.31 129.56 76.39 84.44 158.73 87.47 73.59 383.15 74.59 376.51 74.08 73.88 376.05 249.46 83.91-9999.00-9999.00-9999.00-9999.00-9999.00-9999.00-9999.00-9999.00-9999.00-9999.00-9999.00-9999.00-9999.00-9999.00 -9999.00-9999.00-9999.00-9999.00-9999.00-9999.00-9999.00-9999.00-9999.00-9999.00-9999.00-9999.00-9999.00-9999.00-9999.00 350.04 87.08 88.34 94.07 78.69 376.89 83.65 80.88 71.61 0.00 82.27 111.81 116.57 366.34 380.72 109.82 77.63 78.92 72.27 378.37 0.00 74.62 78.94 71.74 218.35 0.00
86.27 77.00 135.38 376.99 377.24 72.09 382.72 75.21 92.42 0.00 71.99 79.58 80.43 80.98 160.61 147.43 99.81 219.47 119.57 345.17 96.29 210.43 380.12 377.81 132.69 83.91 224.64 74.87 78.41 314.59 81.11 181.17 83.63 82.90 393.41 79.31 192.37 92.33 376.48 76.22 77.64 77.18 86.75 74.08 142.42 238.10 203.64 0.00 130.83 86.34 76.58 306.01 213.05 0.00 382.97 375.25 267.95 141.40 76.22 73.54 81.03
87.37 123.39 77.63 379.41 75.66 146.76 72.40 116.63 156.12 393.58 75.66 129.14 0.00 84.66 375.64 82.48 72.56 93.63 376.60 0.00 125.45 78.91 74.40 86.37 208.90 73.03 142.83 131.92 73.79 77.30 125.44 239.61 381.33 90.39 76.39 390.65 179.92 85.02 85.60 376.55 339.73 379.59 0.00 79.98 82.49 88.88 89.74 76.05 86.75 222.64 246.05 83.39 85.02 77.41 376.68 381.05 119.88 84.02 81.53 75.90 114.26
72.93 90.16 378.29 73.26 72.56 249.92 74.26 145.43 89.22 129.08 0.00 258.07 72.20 78.45 306.53 75.91 82.35 75.43 150.47 380.46 119.87 384.00 79.48 378.23 97.74 129.52 75.43 368.60 76.16 0.00 112.48 139.18 82.42 84.45 394.54 398.87 85.60 116.65 83.93 272.54 77.41 379.93 74.98 103.36 86.75 76.97 378.99 398.50 232.50 134.42 73.88 227.62 74.27 133.65 375.74 89.15 77.89 120.59 377.18 82.42 83.91
86.66 76.09 77.34 361.27 218.67 97.74 83.83 86.80 93.63 198.74 101.04 77.96 375.31 376.88 0.00 198.51 207.99 394.09 379.37 143.39 389.14 378.25 377.95 233.69 371.96 88.84 240.54 163.14 304.90 0.00 0.00 84.45 0.00 126.97 206.01 81.11 199.47 73.84 78.70 74.50 373.63 377.11 417.03 386.63 73.76 173.06 379.30 0.00 84.45 377.37 83.40 0.00 375.56 86.33 73.84 73.54 82.41 0.00 0.00 377.79 78.70
0.00 0.00 248.42 96.28 242.35 88.04 91.94 95.77 99.61 79.31 88.11 85.60 79.31 73.67 76.97 126.94 80.72 93.74 88.11 75.09 82.11 166.17 75.21 74.14 112.00 195.45 0.00 377.72 359.30 134.01 84.73 178.76 80.72 74.77 177.10 0.00 194.27 161.36 113.88 81.53 86.14 79.98 118.68 339.43 86.14-9999.00-9999.00-9999.00-9999.00-9999.00-9999.00-9999.00-9999.00-9999.00-9999.00-9999.00-9999.00-9999.00-9999.00-9999.00-9999.00-9999.00-9999.00-9999.00 -9999.00-9999.00-9999.00-9999.00-9999.00-9999.00-9999.00-9999.00-9999.00-9999.00-9999.00-9999.00-9999.00-9999.00-9999.00-9999.00-9999.00-9999.00-9999.00-9999.00-9999.00-9999.00-9999.00 83.33 95.25 148.28 374.45 379.98 78.69 86.80 81.19 72.73 158.48 131.56 271.57 221.74 84.71 344.03
129.76 76.39 359.44 79.98 81.96 90.39 75.74 186.96 80.72 378.27 75.21 83.51 80.96 116.78 377.21 0.00 143.72 73.54 81.31 375.35 73.21 82.33 81.48 89.74 0.00 117.79 209.89 124.03 74.59 365.23 164.14 114.45 92.36-9999.00-9999.00-9999.00-9999.00-9999.00-9999.00-9999.00-9999.00-9999.00-9999.00-9999.00-9999.00-9999.00-9999.00-9999.00-9999.00-9999.00-9999.00-9999.00-9999.00 -9999.00-9999.00-9999.00-9999.00-9999.00-9999.00-9999.00-9999.00-9999.00-9999.00-9999.00-9999.00-9999.00-9999.00-9999.00-9999.00-9999.00-9999.00 102.93-9999.00 87.67 81.31 273.22 75.43 73.65 384.38 389.75 90.16 75.43 376.13 0.00 378.36 89.36 73.14 75.91 115.68 362.01 0.00 378.85 374.82 89.22 97.38 310.69 303.20 377.67 81.82
79.63 378.48 382.35 345.37 0.00 0.00 383.52 377.23 288.53 86.34 91.45 209.65 378.34 162.17 116.74 260.31 76.39 84.90 0.00 81.23 253.41 198.68 80.72-9999.00-9999.00-9999.00-9999.00-9999.00-9999.00-9999.00-9999.00-9999.00-9999.00-9999.00-9999.00-9999.00-9999.00-9999.00-9999.00-9999.00-9999.00-9999.00-9999.00-9999.00-9999.00-9999.00-9999.00 -9999.00-9999.00-9999.00-9999.00-9999.00-9999.00-9999.00-9999.00-9999.00-9999.00-9999.00-9999.00-9999.00-9999.00-9999.00-9999.00-9999.00 85.07 87.08 77.30 387.84 384.42 86.05 388.78 385.54 387.48 93.63 94.59 86.80 163.01 88.99 72.73 386.09 128.87 88.64 81.82 0.00 377.32 0.00 235.55 375.82 376.53 279.96 280.08 375.69 113.78 375.19 141.14 375.19 375.82 106.89 92.42 379.22 92.42
239.04 381.79 239.97 0.00 0.00 379.40 309.97 124.66 261.07 216.57 318.59 358.43 0.00 213.76 326.98 86.82 88.95 96.21 82.60 83.63 375.11 86.05 87.53 375.24 375.50 187.35 99.72 383.08 152.38 197.69 171.26 124.66 381.27 263.82 373.03 375.38 0.00 326.59 326.59 379.89 380.90 326.62 376.66 309.61 377.41 0.00 0.00 376.29 378.50 383.79 375.89 375.42 84.66 223.09 81.82 89.36 81.31 377.28 80.82 86.27 72.20
112.37 171.81 377.14 289.45 147.78 131.37 76.39 84.45 74.20 84.02 112.73 134.48 127.99 88.72 373.25 74.87 136.14 138.32-9999.00-9999.00-9999.00-9999.00-9999.00-9999.00-9999.00-9999.00-9999.00-9999.00-9999.00-9999.00-9999.00-9999.00-9999.00-9999.00-9999.00-9999.00-9999.00-9999.00-9999.00 -9999.00-9999.00-9999.00-9999.00-9999.00-9999.00-9999.00-9999.00-9999.00-9999.00-9999.00-9999.00-9999.00-9999.00-9999.00-9999.00-9999.00-9999.00-9999.00-9999.00-9999.00-9999.00-9999.00-9999.00-9999.00-9999.00-9999.00-9999.00-9999.00-9999.00 74.81 379.37 379.35 86.77 377.88 100.25 362.68 376.18 361.34 377.21 377.21 376.56 376.59 0.00 263.82 0.00 326.59 377.32 178.19 0.00 415.79 413.08 384.40 389.00 389.30 387.98 73.85 90.43 76.92 82.88 88.96 79.99 83.45 80.41 112.16 186.38 223.56 107.76 107.21 375.74 171.47 171.47
313.84 145.15 116.33 146.93 326.55 90.79 84.62 259.07 263.37 80.86 76.66 75.29 127.85 80.86 79.19 73.39 376.36 113.40 343.25 86.67 93.26 92.23 379.69 94.92 379.10 75.29 85.44 74.42 88.02 384.10 94.46 379.55 85.60 384.01 77.08-9999.00-9999.00-9999.00-9999.00-9999.00-9999.00-9999.00-9999.00-9999.00-9999.00-9999.00-9999.00-9999.00-9999.00-9999.00-9999.00-9999.00-9999.00-9999.00-9999.00-9999.00-9999.00 -9999.00-9999.00-9999.00-9999.00-9999.00-9999.00-9999.00-9999.00-9999.00-9999.00-9999.00-9999.00-9999.00-9999.00-9999.00-9999.00-9999.00-9999.00-9999.00-9999.00-9999.00-9999.00-9999.00-9999.00-9999.00-9999.00-9999.00-9999.00-9999.00-9999.00-9999.00-9999.00-9999.00 249.05 230.52 185.29 357.54 376.93 377.31 376.72 375.66 376.63 377.29 375.00 375.00 351.71 375.30 0.00 324.21 378.88 329.08 375.81 376.92 255.22 379.05 381.36 377.28 329.08
77.80 90.43 89.01 126.28-9999.00-9999.00-9999.00-9999.00-9999.00-9999.00-9999.00-9999.00-9999.00-9999.00-9999.00-9999.00-9999.00-9999.00-9999.00-9999.00-9999.00-9999.00-9999.00-9999.00-9999.00-9999.00 -9999.00-9999.00-9999.00-9999.00-9999.00-9999.00-9999.00-9999.00-9999.00-9999.00-9999.00-9999.00-9999.00-9999.00-9999.00-9999.00-9999.00-9999.00-9999.00-9999.00-9999.00-9999.00-9999.00-9999.00-9999.00-9999.00-9999.00-9999.00-9999.00-9999.00-9999.00-9999.00-9999.00-9999.00-9999.00-9999.00-9999.00-9999.00-9999.00-9999.00-9999.00-9999.00-9999.00-9999.00-9999.00 375.28 373.91 375.12 0.00 294.95 375.34 324.19 375.83 223.56 0.00 376.17 375.00 294.95 375.34 329.08 294.95 377.08 375.00 0.00 284.65 316.00 375.64 377.91 250.24 380.16 321.17 375.97 228.20 387.46 375.16 375.04 298.25 382.65 255.22 0.00 0.00 0.00 379.15 228.20 275.40 0.00 375.31 372.53 375.09 285.44 190.21 0.00 0.00 0.00 0.00 0.00 0.00 0.00 119.20 81.82 79.69
96.65 376.84 273.80 79.19 379.82 138.83 75.29 384.09 159.05 78.82 378.29 378.49 245.29 81.83 83.52 385.08 89.89 197.40 380.44 363.52 78.38-9999.00-9999.00-9999.00-9999.00-9999.00-9999.00-9999.00-9999.00-9999.00-9999.00-9999.00-9999.00-9999.00-9999.00-9999.00-9999.00-9999.00-9999.00 -9999.00-9999.00-9999.00-9999.00-9999.00-9999.00-9999.00-9999.00-9999.00-9999.00-9999.00-9999.00-9999.00-9999.00-9999.00-9999.00-9999.00-9999.00-9999.00-9999.00-9999.00-9999.00-9999.00-9999.00-9999.00-9999.00-9999.00-9999.00-9999.00-9999.00-9999.00-9999.00-9999.00-9999.00-9999.00-9999.00-9999.00-9999.00-9999.00-9999.00-9999.00-9999.00-9999.00-9999.00-9999.00-9999.00-9999.00-9999.00-9999.00-9999.00-9999.00 270.26 250.24 0.00 294.95 375.66 324.19 378.08 360.73 228.20 0.00 255.22 380.87 329.18 0.00 376.21 375.24 0.00 294.95 0.00 375.00 294.95 294.95 375.47 329.08 375.31 294.95 0.00 294.95 375.00 324.21 0.00 250.24 373.91 378.07 377.21 376.91 383.55 376.63 210.95
