蒙特卡罗+CDRMV3/输出数据/2D水深分布/WaterDepthGIS_0149.ASC
ncols         539            
nrows         744            
xllcorner     602630.84259341
yllcorner     3914823.670891 
cellsize      50             
NODATA_value  -9999.00       
[rows 0 to 26 of 32, columns 366 to 426 of 539]
145.69 203.46 151.20 91.75-9999.00-9999.00-9999.00-9999.00-9999.00-9999.00-9999.00-9999.00-9999.00-9999.00-9999.00-9999.00-9999.00-9999.00-9999.00-9999.00-9999.00-9999.00-9999.00-9999.00-9999.00-9999.00-9999.00-9999.00-9999.00-9999.00-9999.00-9999.00-9999.00-9999.00-9999.00-9999.00-9999.00-9999.00-9999.00-9999.00-9999.00-9999.00-9999.00-9999.00-9999.00-9999.00-9999.00-9999.00-9999.00-9999.00-9999.00-9999.00-9999.00-9999.00-9999.00-9999.00-9999.00-9999.00-9999.00-9999.00-9999.00 98.00 85.27 93.69-9999.00-9999.00-9999.00-9999.00-9999.00-9999.00-9999.00-9999.00-9999.00-9999.00-9999.00-9999.00-9999.00-9999.00-9999.00-9999.00-9999.00-9999.00-9999.00-9999.00-9999.00-9999.00-9999.00-9999.00-9999.00-9999.00 76.15 374.75 89.69 377.47 117.02 84.06 75.94 84.29 76.43 117.86 141.01 376.76 377.38 381.68 385.29 384.22 81.33 0.00 121.55 85.33 377.66 141.46 79.66 76.51 309.68 79.66-9999.00-9999.00-9999.00-9999.00-9999.00-9999.00-9999.00-9999.00-9999.00-9999.00 -9999.00-9999.00-9999.00-9999.00-9999.00-9999.00-9999.00-9999.00-9999.00-9999.00-9999.00-9999.00-9999.00-9999.00 83.60 87.68 85.34 88.95 257.27 0.00 0.00 116.70 85.86-9999.00-9999.00-9999.00-9999.00-9999.00-9999.00-9999.00-9999.00-9999.00-9999.00-9999.00-9999.00-9999.00-9999.00-9999.00-9999.00-9999.00-9999.00-9999.00-9999.00-9999.00-9999.00-9999.00-9999.00-9999.00-9999.00-9999.00-9999.00-9999.00-9999.00-9999.00-9999.00-9999.00-9999.00-9999.00-9999.00-9999.00-9999.00-9999.00-9999.00-9999.00-9999.00-9999.00-9999.00-9999.00-9999.00-9999.00-9999.00-9999.00-9999.00-9999.00-9999.00-9999.00-9999.00-9999.00-9999.00-9999.00 96.07 378.73 80.17-9999.00-9999.00-9999.00-9999.00-9999.00-9999.00-9999.00-9999.00-9999.00-9999.00-9999.00-9999.00-9999.00-9999.00-9999.00-9999.00-9999.00-9999.00-9999.00-9999.00-9999.00-9999.00-9999.00-9999.00-9999.00-9999.00 85.64 210.99 86.63 377.37 245.61 75.86 300.07 77.34 89.93 76.04 116.92 376.63 374.85 383.92 81.99
303.65 159.71 84.42 88.24 81.99 81.99 128.32 0.00 86.26 87.33 0.00 379.04 289.34 368.82 172.23 88.55 128.71 90.96-9999.00-9999.00-9999.00 -9999.00-9999.00-9999.00-9999.00-9999.00-9999.00-9999.00-9999.00-9999.00-9999.00-9999.00-9999.00-9999.00-9999.00 76.03 132.06 320.64 78.18 78.59 0.00 137.38 76.12 88.95 86.61 95.43 104.79-9999.00-9999.00-9999.00-9999.00-9999.00-9999.00-9999.00-9999.00-9999.00-9999.00-9999.00-9999.00-9999.00-9999.00-9999.00-9999.00-9999.00-9999.00-9999.00-9999.00-9999.00-9999.00-9999.00-9999.00-9999.00-9999.00-9999.00-9999.00-9999.00-9999.00-9999.00-9999.00-9999.00-9999.00-9999.00-9999.00-9999.00 89.46 78.23 356.47 92.54 81.65 82.71 375.20-9999.00 86.63 116.95 125.72 79.21 339.09 311.16 0.00 92.03 283.52 86.26 376.81 84.35 80.17 82.71 376.69 78.59-9999.00-9999.00 83.74 84.29 76.99 321.86 292.83 131.51 115.38
91.86 92.91 115.41 344.67 383.28 382.01 300.54 131.27 81.02 81.33 131.58 181.14 78.59 146.46 381.43 0.00 85.27 147.32 93.69 76.09 191.04 76.15 77.34 381.21 78.23 372.28 115.46 89.24 76.09 114.51 376.35 376.53 76.43 85.98 96.29 75.66 278.68 378.19 76.78 76.88 388.80 383.20 0.00 0.00 0.00 125.64 76.51 144.07 75.60 75.79 76.15 85.53 79.66 75.90 76.35 75.86 83.61 77.61 76.22 0.00 142.42
77.90 235.09 379.01 83.09 196.96 77.10 234.75 75.86 118.86 80.72 171.00 349.49 360.86 77.34 84.42 82.71 0.00 0.00 98.07 98.41 87.33 89.63 100.80 90.69 257.29 91.25 79.91-9999.00-9999.00-9999.00-9999.00-9999.00-9999.00-9999.00-9999.00 -9999.00-9999.00-9999.00-9999.00-9999.00-9999.00-9999.00-9999.00-9999.00-9999.00-9999.00-9999.00 92.13 252.08 165.98 75.54 114.17 77.17 75.72 0.00 77.03 115.51 78.81 0.00 94.08 288.50 397.62 76.53 379.95 82.38 80.07 86.95 88.08 100.27 94.97 82.00 179.79 256.53 102.52 93.08 88.95 87.87 133.30 383.76 79.21
84.29 76.31 118.29 0.00 290.71 131.09 76.21 89.43 76.89 84.88 89.43 80.66 80.97 185.27 94.11 379.48 84.29 365.84 87.49 76.76 379.39 163.83 80.66 90.22 91.26 299.14 80.07 340.65 0.00 342.76 82.34 196.85 101.46 106.17 76.35 375.89 375.91 91.55 75.90 133.49 0.00 76.28 86.49 128.56 0.00 123.09 252.98 80.72 76.78 377.05 87.90 78.06 134.86 87.38 83.55 376.66 0.00 75.94 87.54 125.42 114.23
83.88 84.47 324.87 127.81 84.51 75.34 356.32 379.91 76.03 379.23 78.18 75.30 0.00 126.14 361.25 377.67 78.81 75.54 83.49 86.30 75.66 0.00 141.31 77.03 246.27 78.18 76.99 376.31 95.85 78.41 118.80 379.14 386.17 0.00 80.17 85.75 83.46 77.75 0.00 114.33 85.76 77.47 378.26 79.66 76.78 115.14 380.05 380.40 77.75 0.00 90.96 84.63 79.91 131.09 77.90 0.00 133.05 130.97 76.88 76.15 85.53
357.82 88.50 376.73 272.39 148.94 76.64 115.95 84.77 75.34 112.95 0.00 172.52 82.77 86.95 89.43 121.64 87.12 377.29 93.65 85.86 0.00 143.33 75.20 86.15 100.91 94.97 306.78 95.43 88.36 76.51 173.41 376.12 77.90 78.79 133.14 75.70 0.00 143.47 75.99 83.36 115.58 231.12 377.21 125.49 78.23 77.10 127.91 84.01 88.06 0.00 88.83 84.87 90.42 116.99 0.00 88.49 381.06 375.67 342.16 116.77 76.88
84.77 75.87 378.87 85.34 120.73 0.00 75.66 75.08 76.03 200.84 380.81 78.18 131.06 84.12 79.28 0.00 82.38 383.05 75.60 77.99 75.60 83.61 90.79 81.64 87.68 75.54 117.63 373.29 195.04 85.53 134.79 80.44 118.33 0.00 75.64 306.33 271.44 76.51 87.71 92.19 83.96 134.39 77.61 122.43 138.26 0.00 75.94 96.07 0.00 75.70 84.11 76.43 76.88 210.91 76.22 81.65 355.80 77.34 116.80 339.32 363.02
213.11 77.48 87.68 75.95 144.00 224.16 344.97 376.98 377.43 377.81 377.44 0.00 144.52 78.59 175.06 89.46 84.35 382.26 83.09 75.68 114.63 295.40 377.85 335.43 0.00 351.46 117.95 79.91 89.24 315.44 377.00 88.49 84.35 137.74 251.04 382.42 144.25 384.60 76.68 78.79 75.94 0.00 375.22 374.59 119.24 75.99 75.82 219.60 376.43 85.33 76.99 375.88 0.00 142.86 114.58 82.34 83.78 76.15 0.00 121.36 77.22
100.22 91.86 233.07 181.17 167.47 76.68 88.06 81.65 101.52 232.74 84.23 77.34 75.90 377.39 86.26 0.00 376.73 82.34 83.49 379.20 0.00 360.00 91.25 84.71 86.23 119.70 83.55 81.65 132.90 132.39 77.22 373.10 78.23 123.08 332.09 137.70 89.11 0.00 0.00 79.43 242.34 88.43 83.64 78.06 0.00 0.00 380.31 191.44 379.52 375.45 367.95 314.38 276.90 126.38 77.34 377.61 76.68 89.93 76.99 378.49 79.66
123.18 86.11 86.63 89.69 86.36 87.38 81.65 89.76 81.65 131.17 362.22 209.35 237.67 0.00 0.00 111.08 376.88 332.91 381.07 379.03 246.21 0.00 95.00 0.00 84.35 81.02 128.69 115.27 85.75 185.86 368.36 160.16 130.24 89.11-9999.00-9999.00-9999.00-9999.00-9999.00-9999.00-9999.00-9999.00-9999.00 -9999.00-9999.00-9999.00-9999.00-9999.00-9999.00-9999.00-9999.00-9999.00-9999.00 75.72 249.44 0.00 76.31 82.98 80.07 83.32 77.17 0.00 114.86 86.30 77.17 128.76 84.47 77.32 0.00 75.39 308.00 121.66 80.97 81.30 382.63 131.19 80.97 90.50 239.09
104.66-9999.00-9999.00-9999.00-9999.00-9999.00-9999.00-9999.00-9999.00-9999.00-9999.00 -9999.00-9999.00-9999.00-9999.00-9999.00-9999.00-9999.00-9999.00-9999.00 76.64 114.87 396.89 0.00 77.17 77.32 0.00 80.07 85.22 78.18 122.09 119.32 75.48 114.51 365.68 0.00 178.66 87.14 88.28 76.76 236.16 384.97 76.12 80.66 87.30 148.25 380.75 79.04 76.42 113.24 375.62 0.00 159.71 141.89 79.28 76.12 375.69 76.76 76.31 381.46 76.42 378.51 75.11 124.51 75.11 0.00 133.69 75.06 87.87 88.95 83.67 84.51 242.74 306.64 88.08 81.02 144.19 375.39 0.00
356.58 75.87 75.29 113.12 0.00 93.24 142.89 142.44 93.24 134.16 83.74 75.23 385.66 0.00 0.00 377.62 145.36 78.23 365.66 255.43 87.83 77.61 144.31 182.76 341.06 0.00 78.99 76.59 384.95 242.92 375.85 342.20 192.41 377.51 77.90 85.75 85.27 0.00 0.00 0.00 0.00 0.00 0.00 0.00 93.94 266.44 81.02 383.00 184.74 91.55 84.80 379.07 378.42 0.00 84.80 281.83 377.67 377.06 390.87 301.94 376.22
128.45 365.28 381.98 78.99 78.41 79.43 116.20 342.18 383.23 0.00 212.57 376.33 140.15 377.76 257.21 375.67 371.80 179.85 83.08 127.83 200.45 116.59 0.00 82.71 331.31 142.41 79.21 378.33 152.78 79.91-9999.00-9999.00-9999.00-9999.00-9999.00-9999.00-9999.00-9999.00-9999.00-9999.00-9999.00-9999.00-9999.00-9999.00 -9999.00-9999.00-9999.00-9999.00-9999.00-9999.00-9999.00-9999.00-9999.00-9999.00-9999.00 92.10 86.57 91.10 83.18 377.92 81.64 377.46 80.66 82.62 84.20 204.64 380.07 0.00 0.00 0.00 80.36 76.53 124.05 0.00 0.00 0.00 79.04 0.00 89.72 129.61 304.99 84.04 75.11 281.58 0.00
94.08 165.44 80.66 377.11 76.89 85.34 75.13 126.26 273.57 117.32 80.97 0.00 328.98 75.15 91.10 91.38 86.30 88.95 82.38 377.44 75.20 151.90 376.54 184.76 0.00 0.00 0.00 378.33 313.80 379.45 91.21 375.55 384.35 383.31 142.55 87.33 92.19 81.02 86.23 78.59 80.44 377.16 78.59 75.63 76.43 139.40 372.27 91.21 81.65 79.91 153.48 95.00 87.33 134.84 218.31 379.14 127.69 89.46 106.17 87.71 86.63
377.68 378.67 378.89 82.77 0.00 77.03 194.76 75.23 76.42 139.91 370.10 76.53 152.89 210.63 138.38 118.89 77.99 0.00 142.63 77.17 79.53 0.00 0.00 76.53 85.22 348.09 77.48 95.43 85.73 80.07 86.46 83.61 84.88 76.31 377.79 0.00 390.61 316.63 77.03 82.00 192.19 86.46 87.74 206.53 414.71 0.00 83.18 375.71 121.70 135.20 87.12 376.82 75.87 76.21 92.54 85.98 81.99 81.65 91.55 82.34 78.06
376.15 376.73 371.56 202.59 116.78-9999.00-9999.00-9999.00-9999.00-9999.00-9999.00-9999.00-9999.00-9999.00-9999.00-9999.00-9999.00-9999.00-9999.00-9999.00-9999.00-9999.00-9999.00-9999.00-9999.00 -9999.00-9999.00-9999.00-9999.00-9999.00-9999.00-9999.00-9999.00-9999.00-9999.00-9999.00-9999.00-9999.00-9999.00-9999.00-9999.00-9999.00-9999.00-9999.00 99.54 85.49 94.97 84.99 134.34 80.97 384.66 327.15 378.37 79.79 75.39 220.73 361.76 378.33 115.38 118.09 82.74 148.69 380.60 0.00 375.34 116.09 192.68 82.00 75.72 76.42 382.05 406.65 258.41 87.74 85.73 86.57 85.22 150.33 84.77 89.19 83.81 75.43 231.58 99.54 0.00 91.26 0.00 269.90 94.11 376.29 232.45 110.28 136.54 375.09 379.61 86.57 87.68 89.69 89.95
89.43 82.77 317.03 102.52 377.31 78.81 391.55 374.34 368.32 381.50 76.64 75.79 82.61 82.63 124.10 133.16 0.00 137.43 128.23 92.84 80.36 94.11 0.00 84.05 75.27 92.10 80.36 374.08 281.21 322.58 83.18 379.57 117.70 126.06 369.32 312.82 317.43 377.22 137.71 0.00 380.94 378.96 187.70 140.31 77.32 76.03 253.46 78.38 88.50 81.64 379.20 160.52 0.00 95.20 376.75 138.74 91.26 0.00 129.43 83.60 89.02
180.59 378.66 375.61 87.74 0.00 83.18 79.04 183.48 88.36 379.08 375.40 85.49 199.02 170.94 97.38 95.20 97.38 161.17 126.38 181.22 126.38 309.67 100.65 85.23 173.06 88.88 185.43 214.90 94.97 77.81 81.64 78.59 90.46 394.93 277.41 377.04 379.38 79.04 383.97 86.57 0.00 383.30 243.76 385.20 199.19 177.90 228.43 381.57 156.98 0.00 0.00 375.95 106.63 84.80 80.44 375.56 86.26 89.24 76.51 380.23 78.41
94.11 97.38 0.00 184.59 109.52 379.97 373.52 377.37 391.07 382.02 90.46 94.08 97.76 102.52 85.49 377.30 95.90 88.95 81.64 93.08 377.12 0.00 222.76 377.70 87.74 266.41 254.86 375.17 358.70 376.19 238.44 86.34 115.88 170.98 345.85 95.41 78.99 120.08 325.61 79.91 78.59 376.68 327.07 116.19 86.79 84.79 78.06 77.22 365.19 379.64 76.59 123.36 377.79 0.00 377.34 172.01 122.50 90.17 84.56 85.98 84.80
228.79 97.50 84.71 91.10 84.05 87.74 379.80 342.39 87.74 93.65 77.17 125.88 357.80 378.39 379.73 0.00 271.25 302.37 376.20 218.43 323.44 390.68 356.83 376.76 146.03 126.38 364.18 0.00 205.26 93.08 295.92 79.21 327.37 77.34 83.09 89.69 77.47 133.75 314.71 380.90 78.59 380.26 77.61 0.00 377.70 124.78 383.43 76.78 148.02 155.99 331.30 76.68 356.41 76.78 97.16 0.00 341.42 117.34 79.43 94.96 89.46
360.38 204.42 380.93 256.27 0.00 243.76 204.42 200.57 375.28 0.00 324.54 372.83 0.00 146.03 112.39 99.88 377.30 215.85 108.00 281.95 377.99 77.47 78.06 376.11 82.71 375.98 81.02 361.33 0.00 83.09 94.96 87.83 75.82 83.54 87.09 177.82 84.71 78.99 297.08 129.78 78.23 90.17 122.26 382.31 138.59 76.68 87.88 87.54-9999.00-9999.00-9999.00-9999.00-9999.00-9999.00-9999.00-9999.00-9999.00-9999.00-9999.00-9999.00-9999.00-9999.00-9999.00-9999.00-9999.00-9999.00-9999.00-9999.00-9999.00-9999.00-9999.00-9999.00 -9999.00-9999.00-9999.00-9999.00-9999.00-9999.00-9999.00-9999.00-9999.00-9999.00-9999.00-9999.00-9999.00-9999.00-9999.00-9999.00-9999.00-9999.00-9999.00-9999.00-9999.00 88.72 84.99 82.00 95.20 158.82 377.33 376.23 381.95 386.69 382.31 412.05 99.70
85.34 77.03 79.79 81.64 339.75 337.52 377.41 377.41 378.04 338.27 333.81 0.00 360.55 376.08 378.33 358.50 122.61 107.58 0.00 376.16 377.30 170.02 184.23 167.78 102.05 89.41 80.07 82.38 89.31 358.70 279.46 376.18 375.63 377.77 155.57 217.11 313.61 254.86 375.89 372.87 308.43 337.51 0.00 327.27 0.00 377.17 327.27 375.64 378.11 0.00 375.68 285.26 324.54 376.98 375.34 376.35 300.23 86.66 272.66 93.13 79.17
354.35 138.47 132.69 76.64 75.82 83.51 86.35 84.21 76.72 84.97 79.83 120.07 138.39 254.90 149.74 142.40 349.11 80.17 92.19 375.37 93.37 380.47 115.41 86.26-9999.00-9999.00-9999.00-9999.00-9999.00-9999.00-9999.00-9999.00-9999.00-9999.00-9999.00-9999.00-9999.00-9999.00-9999.00-9999.00-9999.00-9999.00-9999.00-9999.00-9999.00 -9999.00-9999.00-9999.00-9999.00-9999.00-9999.00-9999.00-9999.00-9999.00-9999.00-9999.00-9999.00-9999.00-9999.00-9999.00-9999.00-9999.00-9999.00-9999.00-9999.00-9999.00-9999.00-9999.00-9999.00-9999.00-9999.00-9999.00-9999.00-9999.00-9999.00-9999.00-9999.00-9999.00 92.08 229.83 377.59 184.59 381.81 380.00 376.11 376.36 375.42 207.98 375.28 296.24 0.00 325.34 0.00 375.02 373.75 95.11 91.62 113.65 99.32 89.31 93.61 107.25 132.20 91.62 381.93 376.03 146.54 88.06 350.79 88.67 375.89 352.21 89.80 121.25
376.01 381.86 376.18 379.06 78.60 80.87 379.54 381.83 400.33 379.60 75.87 85.05 102.08 94.31 76.99 84.90 386.97 88.67 209.33 82.11 378.08 246.25 413.92 90.69 0.00 0.00 382.99 94.15 155.24-9999.00-9999.00-9999.00-9999.00-9999.00-9999.00-9999.00-9999.00-9999.00-9999.00-9999.00-9999.00-9999.00-9999.00-9999.00-9999.00-9999.00-9999.00-9999.00-9999.00-9999.00-9999.00-9999.00 -9999.00-9999.00-9999.00-9999.00-9999.00-9999.00-9999.00-9999.00-9999.00-9999.00-9999.00-9999.00-9999.00-9999.00-9999.00-9999.00-9999.00-9999.00-9999.00-9999.00-9999.00-9999.00-9999.00-9999.00-9999.00-9999.00-9999.00-9999.00-9999.00-9999.00-9999.00-9999.00-9999.00-9999.00-9999.00-9999.00-9999.00 283.89 368.09 375.00 375.39 374.07 350.48 375.27 375.27 375.14 0.00 296.24 333.28 288.62 0.00 359.70 296.24 376.59 375.00 296.24 296.24 296.24 376.76 376.84 296.24 375.09 0.00 350.16 100.23 100.23 109.09 381.47
0.00 296.24 296.24 296.24 378.27 0.00 359.65 375.00 296.24 0.00 0.00 0.00 0.00 375.00 296.24 375.00 296.24 320.22 0.00 0.00 375.77 378.02 177.60 375.51 275.25 375.32 366.83 134.21 375.19 319.61 156.29 376.85 159.61 78.43 159.69 75.97 147.74 135.54 85.74 98.14 240.31 369.23 376.31 101.43 376.12 170.81 95.23 84.44 364.14 376.97 85.86 383.30 80.33 176.82 76.72 375.97 82.46 376.65 89.47 377.38 85.67
299.53 0.00 375.00 0.00 375.38 296.24 0.00 296.24 375.52 375.18 296.24 296.24 375.94 375.00 330.12 375.00 0.00 0.00 296.24 296.24 0.00 378.01 375.55 227.13 375.41 296.31 126.16 149.02 375.51 101.04 375.21 375.29 377.36 81.78 79.83 378.71 292.39 140.17 79.38 0.00 84.01 139.35 84.44 163.27 79.83 77.68 413.45 97.55 379.13 84.01 89.98 0.00 385.96 148.17 84.44 97.12 85.86 169.82 100.83 80.52 0.00
