蒙特卡罗+CDRMV3/输出数据/2D水深分布/WaterDepthGIS_0151.ASC
ncols         539            
nrows         744            
xllcorner     602630.84259341
yllcorner     3914823.670891 
cellsize      50             
NODATA_value  -9999.00       
[rows 0 to 26 of 32, columns 244 to 304 of 539]
0.00 80.70 83.40 89.73 77.86 77.31 79.77-9999.00-9999.00-9999.00-9999.00-9999.00-9999.00-9999.00-9999.00-9999.00-9999.00-9999.00-9999.00-9999.00 -9999.00-9999.00-9999.00-9999.00-9999.00-9999.00-9999.00-9999.00-9999.00 95.92 88.81 375.59 341.85 83.60 381.76 434.04 82.27 88.78 343.63 148.32 86.59-9999.00-9999.00-9999.00-9999.00-9999.00-9999.00-9999.00-9999.00-9999.00-9999.00-9999.00-9999.00-9999.00-9999.00-9999.00-9999.00-9999.00-9999.00-9999.00-9999.00-9999.00-9999.00-9999.00-9999.00-9999.00-9999.00-9999.00-9999.00-9999.00-9999.00-9999.00-9999.00-9999.00-9999.00-9999.00-9999.00-9999.00-9999.00-9999.00-9999.00-9999.00-9999.00-9999.00-9999.00-9999.00-9999.00-9999.00-9999.00-9999.00-9999.00-9999.00-9999.00-9999.00-9999.00-9999.00-9999.00-9999.00-9999.00-9999.00-9999.00-9999.00-9999.00-9999.00-9999.00-9999.00-9999.00-9999.00-9999.00-9999.00-9999.00-9999.00-9999.00-9999.00-9999.00-9999.00-9999.00-9999.00-9999.00-9999.00-9999.00-9999.00-9999.00-9999.00-9999.00-9999.00-9999.00-9999.00-9999.00-9999.00-9999.00 76.19 83.53 92.28 77.49 185.87 76.19 75.88 304.63 86.45 76.43 84.81 74.76 113.09 377.40 0.00 169.05 74.75 75.78 77.86 117.33 140.23 84.92-9999.00-9999.00-9999.00-9999.00-9999.00-9999.00-9999.00-9999.00-9999.00-9999.00-9999.00-9999.00 -9999.00-9999.00-9999.00-9999.00-9999.00-9999.00-9999.00-9999.00-9999.00 90.33 376.30 98.66 125.10 376.22 98.66 379.05 0.00 80.06 376.04 217.85 87.38 76.92-9999.00-9999.00-9999.00-9999.00-9999.00-9999.00-9999.00-9999.00-9999.00-9999.00-9999.00-9999.00-9999.00-9999.00-9999.00-9999.00-9999.00-9999.00-9999.00-9999.00-9999.00-9999.00-9999.00-9999.00-9999.00-9999.00-9999.00-9999.00-9999.00-9999.00-9999.00-9999.00-9999.00-9999.00-9999.00-9999.00-9999.00-9999.00-9999.00-9999.00-9999.00-9999.00-9999.00-9999.00-9999.00-9999.00-9999.00-9999.00-9999.00-9999.00-9999.00-9999.00-9999.00-9999.00-9999.00-9999.00-9999.00-9999.00-9999.00-9999.00-9999.00-9999.00-9999.00-9999.00-9999.00-9999.00-9999.00-9999.00-9999.00-9999.00-9999.00-9999.00-9999.00-9999.00-9999.00-9999.00-9999.00-9999.00-9999.00-9999.00-9999.00-9999.00-9999.00-9999.00-9999.00-9999.00-9999.00-9999.00 78.97 171.53 113.97 84.28 110.74
377.19 393.59 312.46 80.70 90.28-9999.00-9999.00-9999.00-9999.00-9999.00-9999.00-9999.00 78.97 84.38 76.99 83.61 82.96 378.84 157.57 378.34 77.67 138.07 377.44 88.98 93.51 375.68 90.00 381.62 75.10 79.22 367.99 76.31 74.83 75.53 74.97 75.53 294.57 0.00 376.19 138.58 75.98 115.37 75.15 359.31 147.60 203.41 78.49 83.92 116.82 376.05 370.94 376.53 0.00 77.67 85.85 0.00 99.15 96.67 82.14 79.77 88.98 367.17 88.82-9999.00-9999.00-9999.00 -9999.00-9999.00-9999.00-9999.00-9999.00-9999.00-9999.00-9999.00-9999.00-9999.00-9999.00-9999.00-9999.00-9999.00 83.56 82.46 123.55 87.46
84.81 185.21 76.99 163.94 84.32 361.97 80.07 192.82 382.40 76.84 382.13 77.31 380.08 170.50 75.39 91.90 85.83 76.31 76.31 382.57 91.55 81.39 0.00 123.56 85.85 86.78 77.67 86.61 75.46 380.49 75.98 147.46 83.27 91.90 84.09 84.59 78.97 74.90 378.35 115.69 76.19 83.40 86.13 117.23 134.12 82.57 74.90 296.07 76.99 76.56 75.61 0.00 363.16 82.54 123.05 117.43 118.37 76.69 172.73 115.20 119.44
0.00 0.00 0.00 0.00 143.33 143.59 75.15 85.69 95.32 76.99 87.69 75.01 377.75 0.00 376.63 0.00 95.09 92.93 189.13 109.75 94.09 377.85 76.99 238.47 342.03 86.97-9999.00-9999.00-9999.00-9999.00-9999.00-9999.00 -9999.00-9999.00-9999.00-9999.00-9999.00-9999.00-9999.00-9999.00-9999.00-9999.00-9999.00-9999.00 95.92 96.39 80.06 87.38 85.55 74.86 115.48 0.00 74.29 75.00 74.57 0.00 74.23 75.34 325.04 84.20 76.59 382.32 377.37 190.07 76.15-9999.00-9999.00-9999.00 80.06 83.14 280.96 87.82 79.45 148.45 388.10 96.17 88.53 139.48 110.74 377.29 377.23
83.56 77.91 85.88 84.20 76.29 83.05 95.92 84.09 94.24 380.46 80.73 317.76 380.58 84.09 379.14 78.89 159.31 75.34 378.71 75.34 319.98 119.63 0.00 378.56 80.07 95.78 155.70 97.18 145.06 119.61 277.88 90.58 75.01 289.38 0.00 76.43 93.51 122.16 0.00 379.60 114.01 78.06 76.31 376.22 78.73 82.14 114.57 377.46 379.01 92.93 0.00 75.20 89.73 85.69 143.37 124.88 75.10 118.17 0.00 373.94 268.07
87.60 84.08 82.69 373.65 300.93 79.16 81.47 159.22 81.86 0.00 369.84 135.30 76.56 88.75 131.00 74.79 375.85 372.34 75.20 76.43 379.35 0.00 75.10 74.70 367.09 0.00 113.06 86.40 86.29 148.88 85.69 74.93 377.70 118.42 76.69 209.27 128.27 0.00 114.11 78.06 75.39 114.60 0.00 75.69 86.61 88.98 302.87 76.56 87.89 77.31 80.07 136.64 210.92 385.07 204.95 160.99 81.39 87.89 84.48 82.54 84.81
78.63 84.31 79.45 84.82 137.63 317.75 85.10 80.39 0.00 112.82 132.41 77.91 79.45 383.39 77.70 89.87 75.78 118.42 381.72 144.57 129.20 75.32 189.35 0.00 0.00 119.77 74.75 75.10 74.90 146.53 378.59 75.53 74.93 113.10 363.55 376.18 81.75 0.00 74.84 87.31 75.32 0.00 262.14 75.05 76.43 375.54 139.05 76.56 81.03 144.80 245.55 378.73 203.29 0.00 385.08 378.69 378.01 383.13 133.42 86.97 77.31
375.80 378.50 75.44 85.25 75.65 0.00 87.46 76.43 381.55 381.93 196.56 75.89 85.88 97.34 79.45 74.73 160.30 77.31 118.59 85.83 89.22 82.54 114.33 0.00 381.47 75.69 87.13 136.35 86.61 84.28 83.53 75.53 113.41 154.13 193.02 0.00 75.10 80.37 0.00 179.75 113.86 76.69 78.73 88.17 90.28 88.10 134.05 74.93 117.43 187.92 375.37 0.00 74.97 117.62 84.28 84.69 83.92 86.40 176.45 85.98 82.52
82.07 82.27 78.06 379.10 379.56 0.00 376.89 371.29 379.47 375.44 75.46 82.54 332.38 75.01 261.59 76.56 186.01 77.49 0.00 350.79 76.08 167.67 85.04 378.18 75.46 88.75 76.99 140.55 334.63 377.47 76.31 118.57 84.69 77.49 118.87 0.00 75.61 79.22 184.97 74.97 90.88 375.99 120.36 77.15 260.74 96.17 0.00 113.79 75.15 87.31 75.20 121.06 0.00 127.19 89.22 74.90 77.31 248.61 0.00 88.82 85.42
87.50 118.97 75.61 128.86 185.95 92.28 77.49 119.21 0.00 127.90 116.81 86.13 87.13 172.00 129.20 0.00 311.78 118.18 79.22 218.82 83.47 84.59 75.05 212.37 377.49 379.90 161.01 78.06 140.94 0.00 0.00 0.00 339.06 250.44 76.19 157.27 75.26 133.43 376.57 0.00 390.77 386.79 138.14 82.26 223.17 116.91 75.15 84.01 83.84 122.87 364.04 224.66 76.56 350.08 358.88 375.33 76.99-9999.00-9999.00-9999.00-9999.00-9999.00-9999.00-9999.00-9999.00 -9999.00-9999.00-9999.00-9999.00-9999.00-9999.00-9999.00-9999.00-9999.00-9999.00 86.05 89.30 74.19
375.95 378.56 385.28 106.40 90.58 86.40 383.10 0.00 104.06 0.00 375.29 207.75 380.85 175.96 0.00 0.00 308.28 78.97 78.49 0.00 124.41 75.32 83.76 94.41 77.49 91.21 85.42 78.73 88.31-9999.00-9999.00-9999.00-9999.00-9999.00-9999.00-9999.00-9999.00-9999.00 -9999.00-9999.00-9999.00-9999.00-9999.00-9999.00-9999.00-9999.00-9999.00-9999.00 74.44 152.50 0.00 304.68 74.27 184.91 79.16 75.77 363.75 0.00 132.25 75.25 74.67 149.26 184.97 0.00 372.85 233.29 154.16 129.69 81.86 77.49 380.86 125.84 79.45 93.55 99.96 81.09 74.86 375.71 76.15
0.00 74.27 82.58 79.45 0.00 75.89 85.88 78.14 75.34 75.08 152.47 0.00 0.00 74.86 251.98 76.59 90.81 80.39 385.09 375.60 378.40 75.89 74.93 77.91 380.14 74.31 83.29 75.54 0.00 113.73 77.70 89.30 82.22 186.88 87.38 85.25 377.35 75.00 377.95 74.33 147.37 212.69 80.39 0.00 74.79 87.18 85.55 75.77 142.33 88.53 185.69 75.61 126.04 407.01 76.43 0.00 379.32 181.57 122.43 85.32 76.82
75.16 111.80 0.00 122.89 75.00 86.97 92.68 74.29 77.91 249.22 378.62 75.16 300.96 0.00 83.85 345.82 88.98 378.16 88.74 87.63 374.43 184.39 0.00 77.49 84.48 75.39 381.77 83.39 288.03 79.22 82.96 377.26 76.31 74.81 0.00 120.13 268.50 0.00 362.66 80.70 81.39 80.37 373.30 81.03 83.22 76.08 382.99 82.54 88.98 98.14 108.39 383.78 103.33 99.84 93.99 386.74 236.30 376.21 377.68 369.99 0.00
77.31 359.74 81.39 390.08 86.40 116.34 76.84 77.31 351.32 377.53 0.00 375.56 160.75 0.00 0.00 0.00 79.11 94.81 90.29 0.00 357.46 95.09 0.00 377.93 379.66 75.98 90.58 135.49 78.97 328.08 84.81-9999.00-9999.00-9999.00-9999.00-9999.00-9999.00-9999.00-9999.00-9999.00-9999.00-9999.00-9999.00-9999.00-9999.00 -9999.00-9999.00-9999.00-9999.00-9999.00-9999.00-9999.00-9999.00-9999.00-9999.00-9999.00 82.69 176.75 90.48 79.16 85.67 376.80 75.89 379.81 74.21 146.33 371.52 0.00 149.96 166.08 114.03 83.05 83.56 83.05 75.08 78.63 135.71 0.00 0.00 78.63 75.00 199.15 83.66 74.37 0.00
74.37 163.20 76.15 82.07 77.70 0.00 163.40 104.93 126.74 285.78 75.16 74.37 161.59 75.65 79.16 74.25 0.00 207.26 74.27 86.05 170.52 83.97 89.04 76.15 181.62 83.47 296.39 128.88 376.46 75.34 234.14 88.82 0.00 419.12 390.63 393.20 385.51 383.89 106.25 377.24 362.46 79.77 87.13 77.49 78.49 93.89 86.97 412.86 397.71 379.12 353.16 84.81 376.76 75.32 83.39 74.79 76.08 83.53 83.22 75.10 75.15
129.93 377.40 376.29 119.31 81.03 92.28-9999.00-9999.00-9999.00-9999.00-9999.00-9999.00-9999.00-9999.00-9999.00-9999.00-9999.00-9999.00-9999.00-9999.00-9999.00-9999.00-9999.00-9999.00 -9999.00-9999.00-9999.00-9999.00-9999.00-9999.00-9999.00-9999.00-9999.00-9999.00-9999.00-9999.00-9999.00-9999.00-9999.00-9999.00-9999.00 83.60 383.40 376.22 352.99 77.29 74.79 75.77 77.91 0.00 204.73 80.39 84.20 78.38 83.21 181.79 245.70 74.79 377.49 356.12 0.00 0.00 0.00 124.74 77.70 82.76 77.70 80.39 0.00 151.45 74.93 144.47 119.17 74.57 83.97 78.63 132.39 266.38 376.30 377.86 0.00 359.86 118.78 161.38 84.59 81.09 76.59 187.28 353.72 377.51 375.60 0.00 0.00 377.15 370.63
135.51 376.47 0.00 128.91 87.56 104.72 294.11 86.40 384.34 379.66 380.60 75.88 74.81 82.38 83.00 82.52 82.83 82.65 91.90-9999.00-9999.00-9999.00-9999.00-9999.00-9999.00-9999.00-9999.00-9999.00-9999.00-9999.00-9999.00-9999.00-9999.00-9999.00-9999.00-9999.00-9999.00-9999.00 -9999.00-9999.00-9999.00-9999.00-9999.00-9999.00-9999.00-9999.00-9999.00-9999.00-9999.00-9999.00-9999.00-9999.00-9999.00-9999.00-9999.00-9999.00 87.46 82.69 90.81 92.68 82.27 75.44 0.00 141.93 79.45 79.45 93.55 82.58 140.86 166.59 144.55 76.01 77.10 122.60 81.90 74.20 0.00 96.48 214.50 171.37 120.04 80.73 89.39 76.59 126.73 382.70 379.89 78.63 87.60 88.78 74.27 91.51 83.56 119.84 371.34 375.65 0.00
227.97 0.00 379.90 115.58 75.32 83.53 84.09 307.91 134.20 113.03 75.46 86.13 85.04 78.97-9999.00-9999.00-9999.00-9999.00-9999.00-9999.00-9999.00-9999.00-9999.00-9999.00-9999.00-9999.00-9999.00-9999.00-9999.00-9999.00-9999.00-9999.00-9999.00-9999.00-9999.00 -9999.00-9999.00-9999.00-9999.00-9999.00-9999.00-9999.00-9999.00-9999.00-9999.00-9999.00-9999.00-9999.00-9999.00-9999.00-9999.00-9999.00-9999.00-9999.00 83.14 132.45 380.44 414.18 325.61 147.38 91.15 343.10 91.88 348.12 112.13 82.14 76.15 111.83 363.64 379.36 0.00 229.72 75.44 81.94 86.40 77.49 118.70 0.00 123.64 75.65 75.25 199.59 128.39 210.76 146.67 93.11 378.40 75.65 77.29 373.53 141.05 96.48 375.94 126.27 0.00 348.04 76.01 75.61 86.78 103.50
380.61 379.67 361.76 74.90 185.61 80.07-9999.00-9999.00-9999.00-9999.00-9999.00-9999.00-9999.00-9999.00-9999.00-9999.00-9999.00-9999.00-9999.00-9999.00-9999.00-9999.00-9999.00 -9999.00-9999.00-9999.00-9999.00-9999.00-9999.00-9999.00-9999.00-9999.00-9999.00-9999.00-9999.00-9999.00-9999.00-9999.00-9999.00-9999.00-9999.00-9999.00-9999.00-9999.00-9999.00-9999.00-9999.00-9999.00 84.59 274.57 77.29 275.59 78.63 80.73 382.36 124.10 136.84 157.95 75.08 126.96 0.00 0.00 0.00 0.00 0.00 335.35 86.84 74.93 88.12 378.79 0.00 0.00 376.38 297.45 358.32 358.09 270.66 308.15 378.78 302.79 94.24 339.46 115.38 80.76 96.44 86.06 80.73 82.69 376.79 118.38 77.49 188.59 376.26 399.48 82.27 351.06 80.39 80.03 0.00 376.84 172.01 382.38
0.00 0.00 378.08 123.50 141.73 159.88 94.95 310.64 379.98 85.67 378.32 86.24 98.66 97.34 92.68 95.36 0.00 0.00 132.48 0.00 289.45 375.41 90.17 84.72 128.10 94.89 377.27 384.02 94.24 161.84 88.78 81.09 338.73 104.93 77.49 79.45 174.53 146.63 376.57 0.00 172.01 376.97 306.09 217.33 284.98 183.28 348.28 375.99 378.45 199.33 82.96 80.07 354.87 75.46 77.86 84.81 378.46 361.26 75.15 83.68 161.66
98.81 302.28 377.39 380.03 385.30 112.09 271.90 335.13 89.55 106.56 129.55 93.15 346.48 0.00 172.01 375.58 376.14 375.26 78.38 94.24 226.64 88.81 93.11 254.15 89.55 80.39 128.83 325.61 378.08 135.71 0.00 376.39 242.88 375.91 355.80 238.35 358.21 387.54 238.41 384.64 106.56 111.46 87.46 0.00 99.15 77.86 90.88 87.50 85.32 168.61 77.31 93.99 329.15 351.13 76.08 84.92 376.91 83.27 76.08 0.00 0.00
245.84 350.29 99.91 172.49 97.56 376.43 375.44 265.78 208.16 0.00 381.97 79.16 77.70 90.33 378.48 227.75 358.63 149.63 168.16 101.55 380.67 376.16 221.64 203.06 0.00 375.42 217.33 375.15 316.93 0.00 0.00 265.81 0.00 391.22 376.88 214.80 113.73 129.55 76.43 83.85 229.58 80.37 102.30 246.40 382.60 82.96 239.18 0.00 375.85 150.03 81.39 169.53 128.01 375.15 115.82 74.70 137.93 377.63 75.78 88.53 90.00
75.69 144.25 380.68 0.00 80.37 88.31 160.08 82.80 83.61 81.75 117.29 113.81 383.66 360.85 376.96 284.73 256.83 77.15 250.00 126.16 251.42 87.50 116.26 75.05 359.59 78.49-9999.00-9999.00-9999.00-9999.00-9999.00-9999.00-9999.00-9999.00-9999.00-9999.00-9999.00-9999.00-9999.00-9999.00-9999.00-9999.00-9999.00-9999.00-9999.00-9999.00-9999.00-9999.00 -9999.00-9999.00-9999.00-9999.00-9999.00-9999.00-9999.00-9999.00-9999.00-9999.00-9999.00-9999.00-9999.00-9999.00-9999.00-9999.00-9999.00-9999.00-9999.00-9999.00-9999.00-9999.00-9999.00-9999.00-9999.00-9999.00-9999.00-9999.00-9999.00 84.59 83.14 166.26 377.30 372.84 75.89 378.14 379.25 172.01 351.02 375.86 383.30 0.00 327.04 378.11 375.55 117.15 197.43 323.93 0.00 217.33 308.41 116.84 376.02 96.80 91.47 86.82 93.02 94.95 88.53 87.51 89.83 96.80 83.14
375.37 295.95 352.61 252.22 336.17 375.01 0.00 226.34 0.00 322.55 315.86 376.73 315.86 0.00 376.92 365.27 252.22 337.12 375.37 190.76 377.86 382.02 378.29 119.30 131.32 91.29 381.72 96.55 375.43 129.95 87.40 164.84 119.52 75.17 77.19 76.51 83.85 82.57 84.28 77.67 74.93 113.37 113.09 74.87 162.92 85.55 310.96 84.66 91.21 375.17 375.27 101.39-9999.00-9999.00-9999.00-9999.00-9999.00-9999.00-9999.00-9999.00-9999.00-9999.00-9999.00-9999.00-9999.00-9999.00-9999.00-9999.00-9999.00-9999.00-9999.00-9999.00-9999.00 -9999.00-9999.00-9999.00-9999.00-9999.00-9999.00-9999.00-9999.00-9999.00-9999.00-9999.00-9999.00-9999.00-9999.00-9999.00-9999.00-9999.00-9999.00-9999.00-9999.00-9999.00-9999.00-9999.00-9999.00-9999.00-9999.00-9999.00-9999.00-9999.00-9999.00-9999.00 135.71 89.55 90.33 239.66 375.91 380.86 248.98 369.51
383.13 257.24 299.25 386.60 398.37 375.16 105.89 267.46 394.91 316.47 112.27 102.41 377.04 380.41 97.76 378.11 381.74 83.94 141.17 125.28 375.37 99.16 375.24 118.76 375.45 0.00 375.62 375.46 379.13 81.53 103.49 194.73 375.96 375.45 107.92 105.71 124.24 90.49 91.67 382.36 402.84 119.09 86.53 78.25 121.11 378.60 75.47 376.27 151.61 103.49 95.10 85.97 386.04 379.16 317.96 76.90 81.16 255.96 378.54 82.64 86.53
84.68 77.19 86.26 101.07 88.37 378.39 83.06 365.12 82.25 123.74 241.79 97.76 79.93 91.78 317.36 359.91 123.64 87.29 134.77 83.63 78.93 369.30 77.88 84.56-9999.00-9999.00-9999.00-9999.00-9999.00-9999.00-9999.00-9999.00-9999.00-9999.00-9999.00-9999.00-9999.00-9999.00-9999.00-9999.00-9999.00-9999.00-9999.00-9999.00 -9999.00-9999.00-9999.00-9999.00-9999.00-9999.00-9999.00-9999.00-9999.00-9999.00-9999.00-9999.00-9999.00-9999.00-9999.00-9999.00-9999.00-9999.00-9999.00-9999.00-9999.00-9999.00-9999.00-9999.00-9999.00-9999.00-9999.00-9999.00-9999.00-9999.00-9999.00-9999.00-9999.00-9999.00-9999.00-9999.00-9999.00-9999.00-9999.00-9999.00-9999.00-9999.00-9999.00-9999.00-9999.00-9999.00 375.28 375.12 0.00 295.95 375.91 317.14 307.50 375.11 252.22 0.00 375.00 295.96 375.41 295.95 375.00 375.00 377.12 375.00 0.00 252.22 295.95 377.12 295.95 376.19 377.77 377.30 377.30 379.61 257.24 299.25 377.75 0.00 0.00 375.21 375.21 375.58
81.15 110.97 94.45 96.10 98.22 376.23 310.70 82.33 85.81 146.12 85.97 96.54 0.00 80.52 197.19 85.97 92.13 378.99 80.22 155.14 75.26 88.08 136.86 383.90 91.29 381.65 354.93 388.33 209.41 94.20 379.72 97.43 126.44 79.71 377.44 228.90 81.49-9999.00-9999.00-9999.00-9999.00-9999.00-9999.00-9999.00-9999.00-9999.00-9999.00-9999.00-9999.00-9999.00-9999.00-9999.00-9999.00-9999.00-9999.00 -9999.00-9999.00-9999.00-9999.00-9999.00-9999.00-9999.00-9999.00-9999.00-9999.00-9999.00-9999.00-9999.00-9999.00-9999.00-9999.00-9999.00-9999.00-9999.00-9999.00-9999.00-9999.00-9999.00-9999.00-9999.00-9999.00-9999.00-9999.00-9999.00-9999.00-9999.00-9999.00-9999.00-9999.00-9999.00-9999.00-9999.00-9999.00-9999.00-9999.00-9999.00-9999.00-9999.00-9999.00-9999.00-9999.00-9999.00-9999.00-9999.00-9999.00-9999.00-9999.00 375.32 252.22 0.00 377.04 295.95 320.09 325.08 277.03 231.04 0.00 380.93 295.95 0.00 375.86 295.95 0.00 0.00 295.95 295.96 375.31 295.95 375.52 375.20
