蒙特卡罗+CDRMV3/输出数据/2D水深分布/WaterDepthGIS_0148.ASC
ncols         539            
nrows         744            
xllcorner     602630.84259341
yllcorner     3914823.670891 
cellsize      50             
NODATA_value  -9999.00       
[rows 0 to 26 of 32, columns 305 to 365 of 539]
90.95 82.48 84.91 84.07 76.56 137.33 76.89 76.07 139.53 81.51 0.00 79.91 84.31 197.49 124.91 250.81 173.04 77.45-9999.00-9999.00-9999.00-9999.00-9999.00-9999.00-9999.00-9999.00-9999.00-9999.00-9999.00-9999.00 -9999.00-9999.00-9999.00-9999.00-9999.00-9999.00-9999.00-9999.00-9999.00-9999.00-9999.00-9999.00 90.15 77.48 293.79 88.83 147.94 0.00 81.44 365.06 92.95 178.05 105.44-9999.00-9999.00-9999.00-9999.00-9999.00-9999.00-9999.00-9999.00-9999.00-9999.00-9999.00-9999.00-9999.00-9999.00-9999.00-9999.00-9999.00-9999.00-9999.00-9999.00-9999.00-9999.00-9999.00-9999.00-9999.00-9999.00-9999.00-9999.00-9999.00-9999.00-9999.00-9999.00-9999.00-9999.00-9999.00-9999.00-9999.00-9999.00-9999.00-9999.00-9999.00-9999.00-9999.00-9999.00-9999.00-9999.00-9999.00-9999.00-9999.00-9999.00-9999.00-9999.00-9999.00-9999.00-9999.00-9999.00-9999.00-9999.00-9999.00-9999.00-9999.00-9999.00-9999.00-9999.00-9999.00-9999.00-9999.00-9999.00-9999.00-9999.00-9999.00-9999.00-9999.00-9999.00-9999.00-9999.00-9999.00-9999.00-9999.00-9999.00-9999.00-9999.00-9999.00-9999.00-9999.00-9999.00-9999.00 131.02 324.62 188.50 157.92 86.02 84.40 380.91 141.99 240.51 376.55 271.06 132.32 78.38 87.27 78.38 0.00 377.56 175.90 87.11 165.52 378.69 76.45 84.36 79.27-9999.00-9999.00-9999.00-9999.00-9999.00-9999.00-9999.00-9999.00-9999.00-9999.00-9999.00 -9999.00-9999.00-9999.00-9999.00-9999.00-9999.00-9999.00-9999.00-9999.00-9999.00-9999.00-9999.00-9999.00 94.14 120.87 86.47 136.91 128.21 0.00
364.88 344.85 0.00 115.73 187.99 75.93 90.69-9999.00-9999.00-9999.00-9999.00-9999.00-9999.00-9999.00-9999.00-9999.00-9999.00-9999.00-9999.00-9999.00-9999.00-9999.00-9999.00-9999.00-9999.00-9999.00-9999.00-9999.00-9999.00-9999.00-9999.00-9999.00-9999.00-9999.00-9999.00-9999.00-9999.00-9999.00-9999.00-9999.00-9999.00-9999.00-9999.00-9999.00-9999.00-9999.00-9999.00 104.18 380.38 86.24 292.33 107.41-9999.00-9999.00 83.98 80.40 87.55 80.66 79.69 376.03 425.95 81.21 97.63 77.45 211.10 80.66 88.19 78.38 87.11-9999.00-9999.00-9999.00 78.38 171.64 76.62 148.30 77.15 80.15 76.18 382.92 85.75 0.00 0.00 0.00 81.21 77.06 376.07 378.36 147.58 77.81 77.69 91.75 370.99 380.25 141.48 134.35 76.45 76.56 82.14 0.00 80.15 85.72 161.64 79.91 376.38 203.51
150.76 76.45 76.07 84.91 79.27 0.00 127.40 76.56 76.75 378.31 0.00 88.97 96.56 0.00 371.43 88.97 93.81 99.27 83.98 155.60 80.15 84.83 183.23-9999.00-9999.00-9999.00-9999.00-9999.00-9999.00 -9999.00-9999.00-9999.00-9999.00-9999.00-9999.00-9999.00-9999.00-9999.00-9999.00-9999.00 76.98 134.59 86.92 76.87 379.53 379.15 0.00 305.08 116.11 154.09 76.57 84.01 80.82 380.86 130.86 378.54 78.64 378.18 94.57 80.54 173.96-9999.00-9999.00-9999.00-9999.00-9999.00-9999.00-9999.00 88.54 80.40 92.05 82.14 91.75 80.15 83.20-9999.00-9999.00-9999.00-9999.00-9999.00-9999.00 81.51 197.65 98.45 89.73 335.82 376.02 87.27 88.02 215.99
84.83 376.37 79.47 122.70 377.26 87.27 386.18 117.18 87.11 371.41 78.23 166.28 378.70 81.51 0.00 80.66 86.47 100.71 383.91 91.46 85.81 137.40 88.91 377.68 86.35 82.48 0.00 161.85 76.68 95.51 139.12 330.82 77.45 0.00 91.75 87.86 181.09 76.06 93.06 84.97 76.75 375.04 292.20 78.89 275.10 76.68 79.07 78.71 91.46 173.03 79.07 242.61 77.25 121.01 136.60 86.59 78.08 119.90 243.49 90.95 0.00
242.70 77.35 86.24 358.63 334.73 76.28 78.23 77.06 376.57 83.98 79.27 84.97 76.05 381.76 95.04 76.45 368.60 231.73 387.66 87.81 95.91 400.09 76.89 87.70 378.91 78.08 333.17 77.69 76.97 380.05 83.58 85.44 86.59 76.05 155.36 276.18 376.66 376.85 83.98 388.16 381.33 0.00 83.58 92.37 364.52 78.54 156.89 219.00 378.54 334.92 135.25-9999.00-9999.00-9999.00-9999.00-9999.00-9999.00-9999.00-9999.00-9999.00-9999.00 -9999.00-9999.00-9999.00-9999.00-9999.00-9999.00-9999.00-9999.00 375.88 95.92 78.27 90.98 376.20 377.41 80.26 84.51 97.30
376.18 0.00 116.30 85.29 78.54 382.43 96.56 268.93 172.15 85.62 121.29 92.37 201.36 86.98 85.62 84.97 76.27 144.79 193.53 380.17 379.79 381.11 380.47 0.00 0.00 0.00 0.00 97.57 368.59 118.13 0.00 94.46 289.99 85.75 95.48 116.41 344.53 84.40 368.09 82.48-9999.00-9999.00-9999.00-9999.00-9999.00-9999.00-9999.00-9999.00-9999.00 -9999.00-9999.00 86.06 80.00 83.64 94.57 288.49 371.66 78.45 85.56 84.51 380.07 116.31 82.85 129.67 353.14 83.95 83.41 75.68 120.21 0.00 80.82
118.03 76.14 238.82 0.00 372.98 203.46 145.75 76.89 82.83 377.26 76.82 84.55 76.09 164.79 258.41 86.71 85.12 137.64 85.12 136.97 77.94 124.45 76.40 140.86 76.12 141.92 0.00 111.99 159.02 379.43 375.19 367.71 110.38 366.36 104.18 377.97 77.57 98.04 77.06 88.46 379.59 396.18 78.08 95.91-9999.00-9999.00-9999.00-9999.00-9999.00-9999.00 -9999.00-9999.00-9999.00-9999.00-9999.00 88.83 153.37 283.80 388.58 378.61 78.10 140.82 376.29 291.35 85.80 80.82 82.85 379.77 77.10 0.00 76.76
77.69 0.00 122.22 168.60 76.45 86.24 76.21 380.09 119.59 79.07 134.80 76.21 115.29 385.97 96.56 193.53 76.97 85.12 77.15 115.82 377.80 80.40 0.00 0.00 249.03 87.81 378.07 376.88 259.04 120.16 95.15 120.27 103.04 100.74 97.17 87.04 379.28 378.41 349.11 172.17 82.14-9999.00-9999.00-9999.00-9999.00-9999.00-9999.00-9999.00 -9999.00-9999.00-9999.00-9999.00-9999.00-9999.00-9999.00 83.24 127.83 167.71 0.00 118.96 83.44 75.49 152.84 75.54 332.83 0.00 155.53 375.92 197.59 157.84 78.45 189.38 375.29 88.83
138.04 83.58 76.07 140.18 330.94 86.24 0.00 98.52 379.21 377.77 372.23 327.88 196.26 191.55 86.65 362.98 90.66 87.86 76.62 163.82 238.88 81.82-9999.00-9999.00-9999.00-9999.00-9999.00-9999.00-9999.00-9999.00-9999.00 -9999.00-9999.00-9999.00-9999.00-9999.00-9999.00-9999.00-9999.00-9999.00 77.10 141.98 0.00 90.15 83.56 78.64 0.00 117.10 75.53 85.80 85.68 78.10 76.87 395.95 134.84 90.19 76.40 113.71 376.42 124.58 77.10 0.00 117.58 76.76 375.93 160.81 76.17 137.10 76.87 124.75 114.80 0.00 0.00 168.16 76.24 381.50 411.04 387.52
0.00 87.60 349.83 376.00 76.76 77.93 331.77 381.42 119.71 83.24 79.50 131.98 278.73 121.72 0.00 273.78 237.44 75.49 75.83 134.28 80.54 85.68 333.35 116.85 93.58 88.20 87.76 95.46 80.82 208.90 150.18 376.58 87.60 101.41 90.19 98.21 95.46 87.76 78.84 215.86 210.47 376.25 318.34 75.83 0.00 380.55 382.49 380.55 76.05 90.91 85.36 90.91 76.14 133.64 376.73 79.47 0.00 158.05 77.57 78.38 86.24
121.38 382.62 78.10 87.95 139.75 81.44 223.30 377.23 90.69 136.66 79.05 313.23 131.02 75.57 134.97 93.58 0.00 222.57 120.29 77.94 93.46 81.51 85.36 133.25 86.84 77.06 116.48 241.20 0.00 77.81 87.86 89.51 104.05 84.40 379.76 92.05 90.95 87.40 91.75 95.51 375.95 85.81 76.09 174.52 85.05 78.89 139.92 302.94 79.69 191.35 0.00 303.98 231.97 143.83 79.27 142.11 84.78 164.64 83.20 118.38 378.17
133.85 83.58 0.00 89.31 86.84 267.74 81.21 343.59 85.29 88.72 84.36 78.71 78.71 410.36 86.24 77.81 123.58 0.00 341.81 115.59 76.75 84.50 76.14 78.38 188.15 322.40 86.84 85.27 137.26 123.48 379.96 81.51 378.13 234.83 90.24 379.13 378.62 328.42 219.00 201.42 0.00 387.50 383.71 382.87 359.34 367.24 112.15 376.04 380.07 380.83 375.34 375.46 88.30 92.04 97.07 86.35 272.48 124.68 76.82 167.15 87.86
375.80 378.24 231.22 132.92 376.77 141.70 376.18 376.10 379.81 282.08 91.71 365.29 169.20 215.88 379.53 377.13 170.50 141.52 77.06-9999.00-9999.00-9999.00-9999.00-9999.00-9999.00-9999.00-9999.00-9999.00-9999.00-9999.00-9999.00-9999.00 -9999.00-9999.00-9999.00-9999.00-9999.00-9999.00-9999.00-9999.00-9999.00 86.19 84.02 342.47 77.48 380.39 377.39 80.00 379.46 75.53 145.04 79.05 0.00 378.77 0.00 275.60 130.76 78.10 90.21 137.70 169.07 0.00 170.92 76.76 85.93 194.65 383.62 171.87 143.08 77.78 75.48 0.00 376.49 176.96 116.31 82.85 76.66 379.61 377.44 87.58 75.49 382.08
80.82 83.32 84.21 100.41 96.60 84.73 0.00 125.45 82.85 91.58 140.54 82.11 76.17 136.63 175.90 307.40 0.00 84.51 76.76 134.63 0.00 75.79 83.52 75.68 84.21 86.12 80.70 89.19 75.55 76.45 141.42 84.27 77.15 86.24 88.91 90.95 0.00 0.00 0.00 297.20 86.46 83.64 376.03 375.90 143.59 358.59 376.69 89.44 87.55 128.32 378.67 175.71 76.14 80.40 200.87 377.33 359.89 87.81 78.08 375.61 89.73
384.87 156.80 86.84 79.27 204.61 375.50 87.27 375.96 0.00 0.00 233.36 376.44 87.48 108.18 79.21 86.90 133.14 131.07 77.57 91.75 85.27 363.76 86.47 376.47 82.83 78.89 379.38 124.82 88.54-9999.00-9999.00-9999.00-9999.00-9999.00-9999.00-9999.00-9999.00-9999.00-9999.00-9999.00-9999.00-9999.00-9999.00 -9999.00-9999.00-9999.00-9999.00-9999.00-9999.00-9999.00-9999.00-9999.00-9999.00-9999.00-9999.00-9999.00-9999.00-9999.00 93.58 90.19 362.65 104.16 95.92 91.74 305.58 376.73 379.28 0.00 122.49 76.11 75.52 113.77 363.15 84.75 77.93 114.55 188.22 0.00 138.73 84.97 83.44 75.62 165.59 0.00 213.13 75.71 87.76 75.88 0.00
208.66 87.60 84.84 116.46 78.54 296.96 98.85 94.62 96.56 95.91 77.57 383.28 83.58 376.72 278.01 78.89 83.58 78.89 357.25 283.70 122.66 77.94 119.58 377.30 90.91 382.75 368.00 136.66 146.79 81.51 90.66 84.31 76.06 77.69 186.03 389.62 84.40 77.25 76.09 162.09 0.00 0.00 387.30 85.75 83.95 94.61 379.98 160.30 114.80 76.36 76.68 116.13 76.75 372.98 134.50 79.27-9999.00-9999.00-9999.00-9999.00-9999.00-9999.00-9999.00-9999.00-9999.00-9999.00-9999.00-9999.00-9999.00-9999.00-9999.00-9999.00-9999.00-9999.00 -9999.00-9999.00-9999.00-9999.00-9999.00-9999.00-9999.00-9999.00-9999.00-9999.00-9999.00-9999.00-9999.00-9999.00-9999.00-9999.00-9999.00 85.96 86.48 98.88 119.42
377.63 103.08 86.50 0.00 0.00 0.00 105.17 329.24 93.73 170.29 81.02 379.19 376.53 376.32 78.45 121.61 94.57 75.65 323.20 378.98 95.91 201.02 391.93 84.83 92.54 376.60 83.58 86.24 0.00 94.46 381.56 328.94 316.68 141.60 78.71 85.81 86.24 168.67 85.53 245.78 376.23 343.99 124.93 77.25 92.70 159.23 77.15 76.28 133.18 80.15 0.00 85.75 181.43 279.34 102.96 382.55 78.71 85.53 96.35 384.42 379.04
81.44 129.79 377.04 82.85 379.04 378.88 0.00 380.42 89.49 365.84 376.12 85.46 389.24 0.00 83.24 81.44 88.97 147.18 371.89 93.46 389.87 383.68 391.49 385.09 379.87 119.10 84.60 86.59 82.14 381.72 78.89 364.38 76.75 83.88 89.73 258.04 79.69 77.81 133.21 326.37 377.28 110.98 88.97 84.66 77.06 118.13 0.00 0.00 368.57 304.22 350.31 230.37 129.46 76.56 84.16 126.67 88.19 76.09 116.22 92.05-9999.00-9999.00-9999.00-9999.00-9999.00-9999.00-9999.00-9999.00-9999.00-9999.00-9999.00-9999.00-9999.00-9999.00-9999.00-9999.00-9999.00-9999.00-9999.00-9999.00 -9999.00-9999.00-9999.00-9999.00-9999.00-9999.00-9999.00-9999.00-9999.00-9999.00-9999.00-9999.00-9999.00-9999.00-9999.00-9999.00-9999.00-9999.00-9999.00-9999.00
205.10 383.11 378.23 140.10 186.26 375.49 127.84 201.78 0.00 0.00 0.00 378.09 84.40 0.00 87.27 384.88 79.27 376.24 131.54 76.25 131.82 77.35 131.84 379.52 376.72 81.82 380.77 382.38 0.00 371.97 84.83 332.11 87.27 118.53 0.00 77.69 84.40 88.91 89.51 90.24 131.81 0.00 383.24 78.23 88.54 379.65 253.80 133.21 77.81-9999.00-9999.00-9999.00-9999.00-9999.00-9999.00-9999.00-9999.00-9999.00-9999.00-9999.00-9999.00-9999.00-9999.00-9999.00-9999.00-9999.00 -9999.00-9999.00-9999.00-9999.00-9999.00-9999.00-9999.00-9999.00-9999.00-9999.00-9999.00-9999.00-9999.00-9999.00-9999.00-9999.00-9999.00-9999.00-9999.00-9999.00-9999.00-9999.00-9999.00-9999.00-9999.00 93.33 76.40 202.71 363.64 81.77 423.81 125.30 80.26 77.35 133.58 92.23
85.29 77.57 115.84 367.44 142.29 77.81 76.25 132.90 377.29 0.00 375.28 133.97 84.02 88.91 85.81 85.27 92.05 0.00 119.94 77.57 86.71 376.63 214.44 77.57 78.71 194.16 366.79-9999.00-9999.00-9999.00-9999.00-9999.00-9999.00-9999.00-9999.00-9999.00-9999.00-9999.00-9999.00-9999.00-9999.00-9999.00-9999.00-9999.00-9999.00-9999.00 -9999.00-9999.00-9999.00-9999.00-9999.00-9999.00-9999.00-9999.00-9999.00-9999.00-9999.00-9999.00-9999.00-9999.00-9999.00-9999.00-9999.00-9999.00-9999.00-9999.00-9999.00-9999.00 90.15 90.19 169.59 378.10 96.38 78.10 96.38 86.47 86.92 128.09 78.27 0.00 0.00 0.00 313.56 0.00 161.46 114.66 97.37 131.74 91.27 93.33 162.10 93.58 187.48 92.58 257.76 97.75 92.58 84.07 81.44 394.03 377.11
381.13 378.16 363.99 304.65 90.39 369.39 126.00 77.35 86.24 0.00 77.94 88.36 131.03 89.31 123.95 88.02-9999.00-9999.00-9999.00-9999.00-9999.00-9999.00-9999.00-9999.00-9999.00-9999.00-9999.00-9999.00-9999.00-9999.00-9999.00-9999.00-9999.00-9999.00-9999.00-9999.00-9999.00-9999.00 -9999.00-9999.00-9999.00-9999.00-9999.00-9999.00-9999.00-9999.00-9999.00-9999.00-9999.00-9999.00-9999.00-9999.00-9999.00-9999.00-9999.00 80.26 184.64 85.45 78.64 91.90 84.97 77.22 182.92 134.41 139.30 382.47 0.00 0.00 133.24 75.99 76.87 375.38 79.05 139.24 368.56 377.00 0.00 363.11 100.35 364.94 375.81 114.66 381.06 164.23 91.74 97.83 354.32 378.88 363.52 139.75 88.20 83.24 82.11 108.95 103.08 121.21 376.55 0.00 382.94
386.44 0.00 76.10 82.14 143.05 89.51-9999.00-9999.00-9999.00-9999.00-9999.00-9999.00-9999.00-9999.00-9999.00-9999.00-9999.00-9999.00-9999.00-9999.00-9999.00-9999.00-9999.00-9999.00-9999.00-9999.00-9999.00-9999.00-9999.00-9999.00 -9999.00-9999.00-9999.00-9999.00-9999.00-9999.00-9999.00-9999.00-9999.00-9999.00-9999.00-9999.00-9999.00-9999.00-9999.00-9999.00-9999.00-9999.00-9999.00 87.95 90.19 92.62 382.24 181.84 95.68 92.95 79.74 79.74 132.41 365.47 82.85 384.95 76.48 78.27 80.54 119.38 380.11 0.00 0.00 274.99 375.16 396.00 368.42 375.43 265.63 376.62 217.69 120.35 379.24 376.17 356.66 381.96 85.46 96.38 80.54 84.51 96.77 375.16 375.68 376.34 376.65 149.50 145.75 0.00 376.55 370.63 375.84 367.16 189.05 375.82 378.29 387.65 189.05
311.73 404.08 102.14 209.97 145.75 377.66 375.57 266.69 327.39 377.37 0.00 0.00 381.77 375.30 327.41 376.36 377.79 0.00 320.23 380.37 202.02 387.19 274.99 146.98 375.36 206.26 98.84 144.89 92.95 77.93 78.45 87.39 84.50 138.17 77.19 379.48 0.00 104.05 382.98 380.62 381.48 76.89 84.40 85.12 78.08 77.06 116.58 379.39 369.69 76.16 131.89 132.58 178.21 77.45 143.12 89.31 83.58 357.90 122.22 86.47-9999.00-9999.00-9999.00-9999.00-9999.00-9999.00-9999.00-9999.00-9999.00-9999.00-9999.00-9999.00-9999.00-9999.00-9999.00-9999.00-9999.00-9999.00-9999.00-9999.00-9999.00-9999.00 -9999.00-9999.00-9999.00-9999.00-9999.00-9999.00-9999.00-9999.00-9999.00-9999.00-9999.00-9999.00-9999.00-9999.00-9999.00-9999.00-9999.00-9999.00-9999.00-9999.00-9999.00-9999.00-9999.00-9999.00-9999.00-9999.00-9999.00-9999.00-9999.00-9999.00-9999.00
375.38 375.58 239.63 375.17 239.63 0.00 325.47 375.17 376.18 0.00 267.18 101.28 253.78 111.78 125.91 160.31 376.19 121.87 84.50 366.28 363.51 101.28 80.81 89.94 89.16 100.90 127.05 103.06 123.82 138.56 379.48 376.23 376.56 165.75 296.38 283.20 376.15 376.15 376.15 0.00 0.00 0.00 330.23 376.64 316.71 0.00 363.80 272.54 377.11 360.89 192.37 227.58 375.67 144.26 375.32 381.72 375.12 89.80 372.41 380.67 98.52
379.85 383.81 82.71-9999.00-9999.00-9999.00-9999.00-9999.00-9999.00-9999.00-9999.00-9999.00-9999.00-9999.00-9999.00-9999.00-9999.00-9999.00-9999.00-9999.00-9999.00-9999.00-9999.00-9999.00-9999.00-9999.00 -9999.00-9999.00-9999.00-9999.00-9999.00-9999.00-9999.00-9999.00-9999.00-9999.00-9999.00-9999.00-9999.00-9999.00-9999.00-9999.00-9999.00-9999.00-9999.00-9999.00-9999.00-9999.00-9999.00-9999.00-9999.00-9999.00-9999.00-9999.00-9999.00-9999.00-9999.00-9999.00-9999.00-9999.00-9999.00-9999.00 142.39 377.09 375.19 375.83 377.44 375.95 375.98 377.63 377.64 377.95 296.38 296.38 0.00 0.00 316.71 375.00 384.17 375.92 299.67 299.67 375.00 377.43 299.68 376.32 299.68 0.00 356.65 93.77 93.93 87.71 90.96 97.47 101.27 82.91 196.39 222.96 120.01 84.08 387.94 84.08 109.45 113.84 87.40 94.98 375.69 121.72 96.64 0.00 384.80 289.11 376.04 86.58 383.75 181.94 0.00 376.62 376.38
375.21 232.25 0.00 382.56 375.22 232.93 375.37 375.33 322.76 165.75 372.29 313.12 371.17 131.59 92.78 87.24 88.18 86.23 77.46 85.92 104.16 100.76 86.35 376.13 89.80 380.12 84.93 91.70 102.60 89.30 78.28 128.10 99.17 378.39 81.08 77.78 80.08 379.91 77.46 121.16 100.61 373.58 105.00-9999.00-9999.00-9999.00-9999.00-9999.00-9999.00-9999.00-9999.00-9999.00-9999.00-9999.00-9999.00-9999.00-9999.00-9999.00-9999.00-9999.00-9999.00-9999.00-9999.00 -9999.00-9999.00-9999.00-9999.00-9999.00-9999.00-9999.00-9999.00-9999.00-9999.00-9999.00-9999.00-9999.00-9999.00-9999.00-9999.00-9999.00-9999.00-9999.00-9999.00-9999.00-9999.00-9999.00-9999.00-9999.00-9999.00-9999.00-9999.00-9999.00-9999.00-9999.00-9999.00-9999.00-9999.00-9999.00-9999.00-9999.00-9999.00-9999.00-9999.00-9999.00-9999.00-9999.00-9999.00-9999.00-9999.00-9999.00 375.62 296.38 0.00 375.27 272.54 375.34 316.71 379.96 0.00 375.01 296.38 375.52 352.93 272.54 375.01 375.00 378.98
296.38 296.38 0.00 296.38 0.00 0.00 296.38 375.13 377.97 375.43 375.25 250.09 324.86 200.28 376.49 375.52 193.69 138.56 208.59 189.19 100.36 398.34 366.02 331.02 86.71 84.93 0.00 84.50 93.28 80.32 98.07 130.96 382.05 84.93 198.27 214.29 89.16 375.42 388.83 384.39 192.72 91.19 91.19 96.90 98.07 381.55 82.24 353.10 409.14 375.18 140.98 90.85-9999.00-9999.00-9999.00-9999.00-9999.00-9999.00-9999.00-9999.00-9999.00-9999.00-9999.00-9999.00-9999.00-9999.00-9999.00-9999.00-9999.00-9999.00 -9999.00-9999.00-9999.00-9999.00-9999.00-9999.00-9999.00-9999.00-9999.00-9999.00-9999.00-9999.00-9999.00-9999.00-9999.00-9999.00-9999.00-9999.00-9999.00-9999.00-9999.00-9999.00-9999.00-9999.00-9999.00-9999.00-9999.00-9999.00-9999.00-9999.00-9999.00-9999.00-9999.00-9999.00-9999.00-9999.00-9999.00-9999.00-9999.00-9999.00-9999.00-9999.00-9999.00-9999.00-9999.00-9999.00-9999.00-9999.00-9999.00-9999.00-9999.00-9999.00-9999.00 375.59 0.00 296.38 375.72 227.52 368.39 277.73 316.71
