蒙特卡罗+CDRMV3/输出数据/2D水深分布/WaterDepthGIS_0166.ASC
ncols         539            
nrows         744            
xllcorner     602630.84259341
yllcorner     3914823.670891 
cellsize      50             
NODATA_value  -9999.00       
[rows 0 to 26 of 32, columns 244 to 304 of 539]
0.00 76.58 79.15 85.61 73.98 73.48 75.73-9999.00-9999.00-9999.00-9999.00-9999.00-9999.00-9999.00-9999.00-9999.00-9999.00-9999.00-9999.00-9999.00 -9999.00-9999.00-9999.00-9999.00-9999.00-9999.00-9999.00-9999.00-9999.00 90.48 83.76 374.25 318.22 78.50 381.07 429.31 77.18 83.73 317.38 135.26 81.52-9999.00-9999.00-9999.00-9999.00-9999.00-9999.00-9999.00-9999.00-9999.00-9999.00-9999.00-9999.00-9999.00-9999.00-9999.00-9999.00-9999.00-9999.00-9999.00-9999.00-9999.00-9999.00-9999.00-9999.00-9999.00-9999.00-9999.00-9999.00-9999.00-9999.00-9999.00-9999.00-9999.00-9999.00-9999.00-9999.00-9999.00-9999.00-9999.00-9999.00-9999.00-9999.00-9999.00-9999.00-9999.00-9999.00-9999.00-9999.00-9999.00-9999.00-9999.00-9999.00-9999.00-9999.00-9999.00-9999.00-9999.00-9999.00-9999.00-9999.00-9999.00-9999.00-9999.00-9999.00-9999.00-9999.00-9999.00-9999.00-9999.00-9999.00-9999.00-9999.00-9999.00-9999.00-9999.00-9999.00-9999.00-9999.00-9999.00-9999.00-9999.00-9999.00-9999.00-9999.00-9999.00-9999.00-9999.00-9999.00-9999.00-9999.00 72.43 79.28 87.89 73.64 171.65 72.43 72.14 288.81 82.23 72.66 80.55 71.07 107.80 376.07 0.00 157.87 71.06 72.05 73.98 112.06 135.00 80.66-9999.00-9999.00-9999.00-9999.00-9999.00-9999.00-9999.00-9999.00-9999.00-9999.00-9999.00-9999.00 -9999.00-9999.00-9999.00-9999.00-9999.00-9999.00-9999.00-9999.00-9999.00 85.22 375.92 93.70 115.04 374.11 93.70 378.85 0.00 75.06 376.00 205.10 82.33 72.14-9999.00-9999.00-9999.00-9999.00-9999.00-9999.00-9999.00-9999.00-9999.00-9999.00-9999.00-9999.00-9999.00-9999.00-9999.00-9999.00-9999.00-9999.00-9999.00-9999.00-9999.00-9999.00-9999.00-9999.00-9999.00-9999.00-9999.00-9999.00-9999.00-9999.00-9999.00-9999.00-9999.00-9999.00-9999.00-9999.00-9999.00-9999.00-9999.00-9999.00-9999.00-9999.00-9999.00-9999.00-9999.00-9999.00-9999.00-9999.00-9999.00-9999.00-9999.00-9999.00-9999.00-9999.00-9999.00-9999.00-9999.00-9999.00-9999.00-9999.00-9999.00-9999.00-9999.00-9999.00-9999.00-9999.00-9999.00-9999.00-9999.00-9999.00-9999.00-9999.00-9999.00-9999.00-9999.00-9999.00-9999.00-9999.00-9999.00-9999.00-9999.00-9999.00-9999.00-9999.00-9999.00-9999.00-9999.00-9999.00 75.00 164.21 109.74 80.02 102.07
376.68 391.90 297.74 76.58 86.13-9999.00-9999.00-9999.00-9999.00-9999.00-9999.00-9999.00 75.00 80.12 73.18 79.35 78.72 378.28 155.98 378.27 73.80 130.84 376.76 84.87 88.95 363.69 85.87 380.11 71.39 75.23 356.68 72.54 71.13 71.81 71.27 71.81 253.40 0.00 374.91 130.07 72.23 110.13 71.44 338.80 141.21 182.20 74.56 79.66 111.86 375.50 363.03 376.53 0.00 73.80 81.61 0.00 95.39 92.25 77.93 75.73 84.87 349.99 84.71-9999.00-9999.00-9999.00 -9999.00-9999.00-9999.00-9999.00-9999.00-9999.00-9999.00-9999.00-9999.00-9999.00-9999.00-9999.00-9999.00-9999.00 78.46 77.37 116.55 82.41
80.55 160.01 73.18 144.99 80.06 352.07 76.00 174.42 381.11 73.04 381.86 73.48 380.00 161.06 71.67 87.57 81.60 72.54 72.54 381.63 87.26 77.22 0.00 118.31 81.61 82.58 73.80 82.41 71.74 379.70 72.23 137.44 79.03 87.57 79.83 80.33 75.00 71.20 377.72 111.18 72.43 79.15 81.91 111.96 124.51 78.35 71.20 260.43 73.18 72.78 71.89 0.00 358.69 78.32 117.14 112.15 113.01 72.91 167.44 109.96 113.97
0.00 0.00 0.00 0.00 140.08 135.10 71.44 81.45 90.68 73.18 83.54 71.31 377.31 0.00 376.47 0.00 90.44 88.44 168.15 103.04 89.94 377.42 73.18 214.92 327.13 82.78-9999.00-9999.00-9999.00-9999.00-9999.00-9999.00 -9999.00-9999.00-9999.00-9999.00-9999.00-9999.00-9999.00-9999.00-9999.00-9999.00-9999.00-9999.00 90.48 91.02 75.06 82.33 80.46 70.20 109.27 0.00 69.66 70.33 69.93 0.00 69.60 70.66 290.18 79.09 71.83 381.64 377.05 175.63 71.41-9999.00-9999.00-9999.00 75.06 78.03 264.21 82.77 74.49 137.60 387.07 91.62 84.41 133.66 102.07 376.78 376.95
78.46 73.05 80.79 79.09 71.54 77.95 90.48 78.98 88.76 380.10 75.70 304.74 379.37 78.98 378.75 73.96 146.61 70.66 378.15 70.66 302.23 108.19 0.00 378.13 76.00 91.18 141.89 92.91 129.20 113.04 248.01 86.40 71.31 271.31 0.00 72.66 88.95 116.83 0.00 379.14 108.95 74.16 72.54 375.46 74.77 77.93 109.59 377.25 378.81 88.44 0.00 71.49 85.61 81.45 139.77 118.36 71.39 113.19 0.00 353.13 271.28
82.55 78.97 77.60 369.77 275.53 74.22 76.40 148.57 76.78 0.00 349.63 124.14 72.78 84.64 122.54 71.10 371.81 362.39 71.49 72.66 378.88 0.00 71.39 71.01 360.81 0.00 108.35 82.18 82.07 130.16 81.45 71.23 376.94 113.05 72.91 171.37 121.66 0.00 109.05 74.16 71.67 109.37 0.00 71.96 82.41 84.87 278.20 72.78 83.75 73.48 76.00 130.96 184.34 384.20 164.10 150.43 77.22 83.75 80.22 78.32 80.55
73.72 79.21 74.49 79.72 128.75 304.30 80.00 75.37 0.00 106.99 122.87 73.05 74.49 382.29 72.85 84.79 72.05 113.05 381.14 142.34 121.14 71.61 160.62 0.00 0.00 114.26 71.06 71.39 71.20 133.98 378.03 71.81 71.23 107.82 351.58 376.05 77.57 0.00 71.14 83.14 71.61 0.00 239.35 71.35 72.66 369.39 130.50 72.78 76.90 136.25 199.16 377.82 179.49 0.00 384.43 378.21 377.49 382.33 127.55 82.78 73.48
369.39 377.95 70.75 80.15 70.95 0.00 82.41 71.68 381.07 381.45 181.13 71.17 80.79 92.15 74.49 70.08 149.29 73.48 113.44 81.60 85.11 78.32 109.38 0.00 381.04 71.96 82.95 129.72 82.41 80.02 79.28 71.81 108.17 145.87 157.43 0.00 71.39 76.28 0.00 165.35 108.70 72.91 74.77 84.04 86.13 83.96 126.56 71.23 112.15 163.72 354.66 0.00 71.27 112.61 80.02 80.43 79.66 82.18 152.08 81.75 78.30
76.98 77.18 74.16 378.62 379.14 0.00 376.89 367.72 379.46 375.49 71.74 78.32 320.41 71.31 242.42 72.78 161.83 73.64 0.00 343.37 72.33 161.18 80.79 377.45 71.74 84.64 73.18 132.64 313.17 377.01 72.54 113.45 80.43 73.64 113.45 0.00 71.89 75.23 174.82 71.27 86.68 371.70 114.81 73.32 228.67 91.62 0.00 108.52 71.44 83.14 71.49 115.41 0.00 120.50 85.11 71.20 73.48 236.87 0.00 84.71 81.17
83.34 113.63 71.89 116.62 185.09 87.89 73.64 113.77 0.00 122.50 112.49 81.91 82.95 137.58 122.97 0.00 280.00 113.18 75.23 190.52 79.21 80.33 71.35 181.82 376.46 379.13 143.88 74.16 135.06 0.00 0.00 0.00 305.86 218.49 72.43 142.72 71.55 125.64 376.06 0.00 389.88 386.11 132.64 78.05 187.00 111.65 71.44 79.75 79.58 116.94 341.20 194.80 72.78 317.43 344.89 375.53 73.18-9999.00-9999.00-9999.00-9999.00-9999.00-9999.00-9999.00-9999.00 -9999.00-9999.00-9999.00-9999.00-9999.00-9999.00-9999.00-9999.00-9999.00-9999.00 80.97 84.24 69.57
358.64 378.07 384.28 99.61 86.40 82.18 382.25 0.00 98.03 0.00 375.60 198.01 380.52 163.41 0.00 0.00 292.78 75.00 74.56 0.00 118.21 71.61 79.50 89.77 73.64 86.96 81.17 74.77 84.18-9999.00-9999.00-9999.00-9999.00-9999.00-9999.00-9999.00-9999.00-9999.00 -9999.00-9999.00-9999.00-9999.00-9999.00-9999.00-9999.00-9999.00-9999.00-9999.00 69.80 142.79 0.00 284.34 69.64 173.50 74.22 71.06 352.71 0.00 122.25 70.57 70.02 139.01 174.77 0.00 369.74 205.61 136.75 121.54 76.78 72.66 380.14 118.00 74.49 88.12 94.96 76.04 70.20 375.59 71.41
0.00 69.64 77.48 74.49 0.00 71.17 80.79 73.27 70.66 70.41 138.74 0.00 0.00 70.20 221.67 71.83 85.66 75.37 384.15 374.69 378.16 71.17 70.26 73.05 379.82 69.68 78.19 70.85 0.00 107.66 72.85 84.24 77.13 169.35 82.33 80.15 377.04 70.33 377.16 69.69 136.01 190.73 75.37 0.00 70.14 82.12 80.46 71.06 138.68 83.48 180.84 71.89 119.35 406.64 72.66 0.00 378.69 154.19 116.85 81.07 72.96
70.49 105.63 0.00 115.97 70.33 81.91 87.34 69.66 73.05 206.55 378.30 70.49 281.02 0.00 79.59 316.52 84.87 377.65 84.64 85.67 366.91 163.18 0.00 73.64 80.22 71.67 381.11 79.14 263.00 75.23 78.72 376.74 72.54 71.12 0.00 108.61 246.45 0.00 356.85 76.58 77.22 76.28 368.28 76.90 78.97 72.33 382.32 78.32 84.87 94.19 100.70 383.22 98.07 96.03 89.38 385.76 229.23 376.21 377.67 370.27 0.00
73.48 350.91 77.22 388.72 82.18 111.16 73.04 73.48 343.79 377.52 0.00 375.49 143.23 0.00 0.00 0.00 75.06 90.51 86.63 0.00 320.96 90.44 0.00 377.83 379.56 72.23 86.40 126.83 75.00 307.98 80.55-9999.00-9999.00-9999.00-9999.00-9999.00-9999.00-9999.00-9999.00-9999.00-9999.00-9999.00-9999.00-9999.00-9999.00 -9999.00-9999.00-9999.00-9999.00-9999.00-9999.00-9999.00-9999.00-9999.00-9999.00-9999.00 77.60 161.86 85.36 74.22 80.58 375.84 71.17 378.43 69.58 135.16 361.83 0.00 141.05 156.47 108.08 77.95 78.46 77.95 70.41 73.72 122.54 0.00 0.00 73.72 70.33 170.43 78.55 69.74 0.00
69.74 150.05 71.41 76.98 72.85 0.00 158.34 98.10 119.76 252.79 70.49 69.74 148.63 70.95 74.22 69.62 0.00 179.58 69.64 80.97 150.58 78.86 83.98 71.41 173.66 78.36 281.73 121.90 376.35 70.66 191.73 84.71 0.00 415.69 389.34 391.70 384.59 383.23 99.40 377.12 349.94 75.73 82.95 73.64 74.56 89.78 82.78 413.03 397.93 379.23 331.57 80.55 376.30 71.61 79.14 71.10 72.33 79.28 78.97 71.39 71.44
121.76 377.18 376.13 113.97 76.90 87.89-9999.00-9999.00-9999.00-9999.00-9999.00-9999.00-9999.00-9999.00-9999.00-9999.00-9999.00-9999.00-9999.00-9999.00-9999.00-9999.00-9999.00-9999.00 -9999.00-9999.00-9999.00-9999.00-9999.00-9999.00-9999.00-9999.00-9999.00-9999.00-9999.00-9999.00-9999.00-9999.00-9999.00-9999.00-9999.00 78.50 382.41 375.64 324.38 72.48 70.14 71.06 73.05 0.00 194.63 75.37 79.09 73.49 78.10 150.60 236.75 70.14 376.95 339.05 0.00 0.00 0.00 117.27 72.85 77.66 72.85 75.37 0.00 148.78 70.26 134.02 113.07 69.93 78.86 73.72 124.12 231.76 373.12 377.15 0.00 350.25 112.69 151.35 79.49 76.04 71.83 162.05 330.02 377.28 371.11 0.00 0.00 377.10 349.65
127.40 375.90 0.00 123.52 83.40 98.76 275.20 82.18 383.64 379.16 380.10 72.14 71.12 78.16 78.76 78.30 78.59 78.43 87.57-9999.00-9999.00-9999.00-9999.00-9999.00-9999.00-9999.00-9999.00-9999.00-9999.00-9999.00-9999.00-9999.00-9999.00-9999.00-9999.00-9999.00-9999.00-9999.00 -9999.00-9999.00-9999.00-9999.00-9999.00-9999.00-9999.00-9999.00-9999.00-9999.00-9999.00-9999.00-9999.00-9999.00-9999.00-9999.00-9999.00-9999.00 82.41 77.60 85.66 87.34 77.18 70.75 0.00 136.66 74.49 74.49 88.12 77.48 130.63 156.57 134.10 71.29 72.30 116.79 76.82 69.58 0.00 91.11 204.55 150.40 113.68 75.70 83.46 71.83 120.19 382.11 379.55 73.72 82.55 83.73 69.64 86.30 78.46 113.97 356.85 375.64 0.00
202.14 0.00 378.84 110.36 71.61 79.28 79.83 269.59 126.43 107.78 71.74 81.91 80.79 75.00-9999.00-9999.00-9999.00-9999.00-9999.00-9999.00-9999.00-9999.00-9999.00-9999.00-9999.00-9999.00-9999.00-9999.00-9999.00-9999.00-9999.00-9999.00-9999.00-9999.00-9999.00 -9999.00-9999.00-9999.00-9999.00-9999.00-9999.00-9999.00-9999.00-9999.00-9999.00-9999.00-9999.00-9999.00-9999.00-9999.00-9999.00-9999.00-9999.00-9999.00 78.03 125.19 380.15 412.19 301.64 134.16 85.97 306.79 86.63 334.73 106.05 77.05 71.41 105.72 341.69 379.08 0.00 202.54 70.75 76.86 81.33 72.66 112.33 0.00 116.56 70.95 70.57 182.27 119.77 184.03 140.69 87.72 378.30 70.95 72.48 360.61 135.53 91.11 366.87 113.81 0.00 339.14 71.29 70.96 81.71 94.92
380.39 379.48 337.30 71.20 172.34 76.00-9999.00-9999.00-9999.00-9999.00-9999.00-9999.00-9999.00-9999.00-9999.00-9999.00-9999.00-9999.00-9999.00-9999.00-9999.00-9999.00-9999.00 -9999.00-9999.00-9999.00-9999.00-9999.00-9999.00-9999.00-9999.00-9999.00-9999.00-9999.00-9999.00-9999.00-9999.00-9999.00-9999.00-9999.00-9999.00-9999.00-9999.00-9999.00-9999.00-9999.00-9999.00-9999.00 79.49 244.63 72.48 261.85 73.72 75.70 381.58 116.80 126.51 147.17 70.41 119.88 0.00 0.00 0.00 0.00 0.00 316.89 81.77 70.26 83.07 378.38 0.00 0.00 374.98 282.86 351.19 352.17 266.95 306.61 378.71 287.72 88.76 323.22 104.15 75.82 91.42 81.13 75.70 77.60 376.19 107.20 72.66 170.90 371.51 396.18 77.18 333.87 75.37 75.12 0.00 376.83 160.19 381.84
0.00 0.00 377.16 117.31 128.69 154.62 89.46 295.08 379.48 80.58 377.89 81.16 93.70 92.15 87.34 89.89 0.00 0.00 118.38 0.00 285.97 375.25 83.91 78.44 119.55 88.13 377.24 382.70 88.76 142.95 83.73 76.04 327.58 98.10 72.66 74.49 149.59 131.22 375.72 0.00 160.19 376.97 303.46 209.92 279.86 172.93 338.39 375.88 377.60 179.07 78.72 76.00 340.75 71.74 73.98 80.55 378.39 348.47 71.44 79.42 151.53
93.86 279.41 377.30 379.86 384.94 102.55 252.02 323.87 84.48 99.04 118.43 87.76 335.98 0.00 160.19 375.48 375.49 375.18 73.49 88.76 200.57 83.76 87.72 230.91 84.48 75.37 120.34 300.95 378.08 122.54 0.00 376.38 237.18 375.89 354.61 232.72 356.57 386.77 232.79 384.05 97.41 103.06 82.41 0.00 95.39 73.98 86.68 83.34 81.07 147.16 73.48 89.38 305.79 312.59 72.33 80.66 375.56 79.03 72.33 0.00 0.00
221.07 342.02 94.92 160.71 92.41 376.28 375.41 262.08 199.96 0.00 381.61 74.22 72.85 85.22 378.30 201.94 341.80 140.61 150.89 96.13 380.44 376.17 214.10 193.89 0.00 375.43 209.92 375.26 313.68 0.00 0.00 262.11 0.00 389.88 376.73 192.00 102.41 118.43 71.68 79.59 197.55 76.28 97.56 201.56 380.89 78.72 216.55 0.00 367.26 136.35 77.22 162.13 122.68 360.83 113.16 71.01 129.22 377.16 72.05 84.41 85.87
71.96 142.97 380.68 0.00 76.28 84.18 157.64 79.24 79.35 77.57 112.02 108.59 383.35 331.18 375.60 249.48 229.31 73.32 257.39 119.37 213.08 83.34 111.13 71.35 340.99 74.56-9999.00-9999.00-9999.00-9999.00-9999.00-9999.00-9999.00-9999.00-9999.00-9999.00-9999.00-9999.00-9999.00-9999.00-9999.00-9999.00-9999.00-9999.00-9999.00-9999.00-9999.00-9999.00 -9999.00-9999.00-9999.00-9999.00-9999.00-9999.00-9999.00-9999.00-9999.00-9999.00-9999.00-9999.00-9999.00-9999.00-9999.00-9999.00-9999.00-9999.00-9999.00-9999.00-9999.00-9999.00-9999.00-9999.00-9999.00-9999.00-9999.00-9999.00-9999.00 79.49 78.03 148.93 376.88 364.76 71.17 377.99 379.06 160.19 351.65 375.85 383.26 0.00 325.97 377.35 375.53 108.72 180.46 318.02 0.00 209.92 307.30 106.04 367.84 89.70 86.30 81.89 86.75 89.46 83.48 81.43 83.57 89.70 78.03
375.33 293.78 350.76 247.96 336.03 375.01 0.00 220.37 0.00 319.56 311.46 376.54 311.46 0.00 376.83 364.43 247.96 335.24 375.35 181.82 377.69 381.67 377.85 107.83 118.52 85.07 381.04 86.17 375.37 115.89 78.76 151.58 111.71 69.45 71.38 70.73 77.68 78.35 80.02 73.80 71.23 108.61 107.84 71.17 151.60 81.31 271.17 83.18 86.96 375.16 375.28 96.92-9999.00-9999.00-9999.00-9999.00-9999.00-9999.00-9999.00-9999.00-9999.00-9999.00-9999.00-9999.00-9999.00-9999.00-9999.00-9999.00-9999.00-9999.00-9999.00-9999.00-9999.00 -9999.00-9999.00-9999.00-9999.00-9999.00-9999.00-9999.00-9999.00-9999.00-9999.00-9999.00-9999.00-9999.00-9999.00-9999.00-9999.00-9999.00-9999.00-9999.00-9999.00-9999.00-9999.00-9999.00-9999.00-9999.00-9999.00-9999.00-9999.00-9999.00-9999.00-9999.00 122.54 84.48 85.22 212.39 375.91 380.56 235.87 368.72
381.44 252.89 297.10 385.09 397.69 375.05 98.18 249.12 393.97 281.91 97.47 90.22 376.29 379.66 91.03 377.51 381.11 77.77 123.63 111.79 375.29 87.92 375.13 104.09 375.39 0.00 375.50 375.36 378.22 75.61 96.56 185.50 375.85 375.41 99.45 97.99 110.76 84.46 85.55 381.42 399.79 111.68 80.32 72.37 113.25 378.15 69.73 375.97 135.10 96.56 88.43 79.76 385.52 378.84 311.73 71.10 75.11 224.58 378.42 76.52 80.32
78.49 71.38 80.05 94.56 82.18 378.15 76.91 350.49 76.14 111.59 221.36 91.03 73.95 85.52 279.37 339.85 116.17 81.08 125.11 77.46 73.63 355.38 72.61 79.20-9999.00-9999.00-9999.00-9999.00-9999.00-9999.00-9999.00-9999.00-9999.00-9999.00-9999.00-9999.00-9999.00-9999.00-9999.00-9999.00-9999.00-9999.00-9999.00-9999.00 -9999.00-9999.00-9999.00-9999.00-9999.00-9999.00-9999.00-9999.00-9999.00-9999.00-9999.00-9999.00-9999.00-9999.00-9999.00-9999.00-9999.00-9999.00-9999.00-9999.00-9999.00-9999.00-9999.00-9999.00-9999.00-9999.00-9999.00-9999.00-9999.00-9999.00-9999.00-9999.00-9999.00-9999.00-9999.00-9999.00-9999.00-9999.00-9999.00-9999.00-9999.00-9999.00-9999.00-9999.00-9999.00-9999.00 375.28 375.12 0.00 293.78 375.91 313.97 302.93 375.11 247.96 0.00 375.00 293.79 375.41 293.78 375.00 375.00 377.02 375.00 0.00 247.96 293.78 376.94 293.78 376.06 377.43 376.97 376.97 378.96 252.89 297.10 377.74 0.00 0.00 375.21 375.21 375.57
75.25 101.55 88.03 89.35 87.29 376.14 299.14 76.38 79.60 135.39 79.76 89.78 0.00 74.50 170.10 79.76 85.83 378.81 74.22 130.17 69.53 81.89 132.10 383.31 85.07 380.99 334.33 387.60 185.31 87.63 378.98 91.84 122.80 74.39 377.19 205.80 76.16-9999.00-9999.00-9999.00-9999.00-9999.00-9999.00-9999.00-9999.00-9999.00-9999.00-9999.00-9999.00-9999.00-9999.00-9999.00-9999.00-9999.00-9999.00 -9999.00-9999.00-9999.00-9999.00-9999.00-9999.00-9999.00-9999.00-9999.00-9999.00-9999.00-9999.00-9999.00-9999.00-9999.00-9999.00-9999.00-9999.00-9999.00-9999.00-9999.00-9999.00-9999.00-9999.00-9999.00-9999.00-9999.00-9999.00-9999.00-9999.00-9999.00-9999.00-9999.00-9999.00-9999.00-9999.00-9999.00-9999.00-9999.00-9999.00-9999.00-9999.00-9999.00-9999.00-9999.00-9999.00-9999.00-9999.00-9999.00-9999.00-9999.00-9999.00 375.31 247.96 0.00 377.03 293.78 319.13 323.17 273.52 224.92 0.00 380.86 293.78 0.00 375.86 293.78 0.00 0.00 293.78 293.79 375.31 293.78 375.52 375.20
