蒙特卡罗+CDRMV3/输出数据/2D水深分布/WaterDepthGIS_0163.ASC
ncols         539            
nrows         744            
xllcorner     602630.84259341
yllcorner     3914823.670891 
cellsize      50             
NODATA_value  -9999.00       
[rows 0 to 26 of 32, columns 427 to 487 of 539]
74.59 72.71 151.91 0.00 75.91 379.49 73.25 80.24 81.05 77.45 375.61 88.81-9999.00-9999.00 95.42 91.04-9999.00-9999.00-9999.00-9999.00-9999.00 -9999.00-9999.00-9999.00-9999.00-9999.00-9999.00-9999.00-9999.00-9999.00-9999.00-9999.00-9999.00-9999.00-9999.00-9999.00 73.52 130.73 358.83 75.85 118.31 0.00 143.66 79.15 101.74-9999.00-9999.00-9999.00-9999.00-9999.00-9999.00-9999.00-9999.00-9999.00-9999.00-9999.00-9999.00-9999.00-9999.00-9999.00-9999.00-9999.00-9999.00-9999.00-9999.00-9999.00-9999.00-9999.00-9999.00-9999.00-9999.00-9999.00-9999.00-9999.00-9999.00-9999.00-9999.00-9999.00-9999.00-9999.00-9999.00-9999.00-9999.00-9999.00-9999.00-9999.00-9999.00-9999.00-9999.00-9999.00-9999.00-9999.00-9999.00-9999.00-9999.00-9999.00-9999.00-9999.00-9999.00-9999.00 84.55 75.29 344.39 73.89-9999.00-9999.00-9999.00-9999.00-9999.00-9999.00-9999.00-9999.00-9999.00-9999.00-9999.00 77.16-9999.00-9999.00-9999.00-9999.00-9999.00-9999.00-9999.00-9999.00-9999.00-9999.00-9999.00-9999.00-9999.00 88.46 73.25 357.96 72.78 379.95 83.29 208.14 122.62 74.29 79.92 139.78 268.79 83.63 202.54 180.43 81.14 75.29 79.84 82.13 83.41 0.00 86.58 370.80 135.92 73.16 72.37 73.65 377.66 78.40 85.90 377.63 180.10
72.50 0.00 0.00 149.96 162.39 76.88 0.00 236.46 382.81 222.26 72.37 94.10 189.20 78.40 375.68 73.44 73.44 219.17 377.91 393.63 378.76 0.00 73.54 72.12 312.04 83.98 74.02 376.45 294.11 375.27 72.66 73.77 84.17 82.30 80.80 0.00 83.41 0.00 221.77 79.52 377.92 273.74 73.44 82.54 95.42-9999.00-9999.00-9999.00-9999.00 -9999.00-9999.00-9999.00-9999.00-9999.00-9999.00-9999.00-9999.00-9999.00-9999.00-9999.00-9999.00-9999.00 84.84 84.12 71.16 108.22 377.00 0.00 141.59 71.05 80.99 101.74 113.96 140.27 77.50 86.48-9999.00-9999.00-9999.00-9999.00-9999.00-9999.00-9999.00-9999.00-9999.00-9999.00-9999.00-9999.00-9999.00-9999.00-9999.00-9999.00-9999.00-9999.00-9999.00-9999.00-9999.00-9999.00-9999.00-9999.00-9999.00-9999.00-9999.00-9999.00-9999.00-9999.00-9999.00-9999.00-9999.00-9999.00-9999.00 76.88
73.77 72.25 137.60 79.13 0.00 77.75 355.52 0.00 386.27 381.67 382.45 370.01 388.20 118.97 76.14 377.29 76.37-9999.00-9999.00-9999.00-9999.00-9999.00-9999.00 -9999.00-9999.00-9999.00-9999.00-9999.00-9999.00-9999.00-9999.00-9999.00-9999.00-9999.00 75.03 108.93 189.95 378.75 79.88 78.20 76.46 0.00 247.20 108.61 72.58 77.94 377.86 80.99 381.15 244.81 169.98 86.48 75.85 228.89 79.22 121.55-9999.00-9999.00-9999.00-9999.00-9999.00 83.89 73.18 137.03 89.10 179.38 86.58 378.94 189.45-9999.00-9999.00-9999.00-9999.00-9999.00 82.84 249.15 368.10 85.90 78.07 405.68 73.54 87.05 77.16 376.26 79.92 79.13 165.46
327.81 76.37 346.44 83.41 375.85 203.05 75.69 72.22 331.94 75.49 140.22 0.00 178.18 74.76 84.55 80.18 168.46 0.00 0.00 374.76 277.03 256.56 87.28 75.29 138.88 376.83 262.90 383.27 74.44 92.93 0.00 128.26 72.41 86.07 73.34 376.21 75.69 0.00 286.04 128.93 72.14 80.02 89.45 74.15 87.32 82.30 114.60 343.51 375.36 402.81 380.47 73.65 100.09 72.41 214.16 305.47 379.81 380.77 83.41 202.99 0.00
133.44 376.00 0.00 72.92 128.07 173.07 75.69 73.54 123.04 381.84 73.89 83.63 114.85 82.01 81.77 171.29 114.04 74.02 109.91 380.73 85.39 81.55 78.76 144.09 385.70 130.98 74.15 115.79 376.86 166.50 378.91 72.66 135.27 78.76 160.18 245.47 95.18 82.40 80.49 110.89 89.10 82.54 72.41 79.43 75.49 412.22 0.00 80.80 217.79 121.35 91.73 88.00 378.27 92.93 118.24 97.14 363.08 76.88-9999.00-9999.00-9999.00-9999.00-9999.00-9999.00-9999.00-9999.00-9999.00 -9999.00-9999.00-9999.00-9999.00-9999.00 178.78 73.18
80.07 134.96 115.05 81.28 385.75 229.71 73.25 88.77 89.81 72.12 82.40 80.35 126.89 240.07 0.00 72.99 83.80 84.55 77.75 319.96 74.59 72.37 79.46 73.07 84.96 77.16 81.14 158.85 72.99 218.93 378.95 376.05 73.77 72.71 76.62 378.18 73.44 74.29 284.28 0.00 339.33 375.08 218.96 97.57 0.00 384.28 384.96 381.26 380.96 223.14 75.10 78.76 94.64-9999.00-9999.00-9999.00-9999.00-9999.00-9999.00-9999.00-9999.00-9999.00 -9999.00-9999.00 71.78 374.96 375.59 73.02 376.27 334.10 161.52
74.15 157.79 190.73 366.19 381.39 0.00 120.59 90.61 377.60 378.32 191.39 84.61 225.84 375.75 88.16 103.89 0.00 77.16 129.49 74.02 83.80 78.76 76.62 377.16 73.16 75.49 110.06 377.40 72.31 72.22 173.49 80.07 75.10 79.80 82.13 79.80 82.68 128.66 0.00 102.93 0.00 0.00 0.00 388.11 245.49 246.60 118.07 110.11 118.63 179.83 93.76 91.16 141.20 127.33 75.91 375.90 73.89-9999.00-9999.00-9999.00-9999.00-9999.00-9999.00 -9999.00-9999.00-9999.00-9999.00-9999.00 84.35 79.58 71.43
0.00 74.76 203.57 112.61 149.22 73.89 73.77 82.30 127.53 73.89 109.76 0.00 354.11 110.09 75.91 78.76 130.60 380.56 73.65 234.46 87.59 75.10 121.73 76.37 387.19 80.35 153.44 72.37 72.34 129.39 76.37 372.81 0.00 113.12 386.64 382.41 382.64 384.39 381.03 382.83 386.59 379.61 235.47 234.73 88.36 93.51 74.15 74.15 376.04 77.45 90.61-9999.00-9999.00-9999.00-9999.00-9999.00-9999.00-9999.00 -9999.00-9999.00-9999.00-9999.00-9999.00-9999.00-9999.00-9999.00 70.83 108.72 0.00 258.17 128.62 71.60 71.12 384.62 0.00
114.73 83.98 76.14 0.00 377.92 225.71 113.53 82.30 80.30 80.02 75.29 119.40 0.00 382.14 377.78 363.02 151.24 118.70 72.41 82.26 80.36 80.80 375.62 119.81 73.77 72.12 87.87 96.68-9999.00-9999.00-9999.00-9999.00-9999.00-9999.00-9999.00-9999.00-9999.00 -9999.00-9999.00-9999.00-9999.00-9999.00-9999.00-9999.00-9999.00-9999.00 70.83 111.62 0.00 76.15 75.03 0.00 75.03 181.84 108.42 70.68 81.75 119.74 71.05 377.08 80.10 82.27 77.73 77.79 71.36 391.99 0.00 375.81 70.90 78.99 138.00 155.67 78.29 73.02 85.09 79.06 267.00 195.14
350.72 79.92-9999.00-9999.00-9999.00-9999.00-9999.00-9999.00-9999.00-9999.00 -9999.00-9999.00-9999.00-9999.00-9999.00-9999.00-9999.00-9999.00-9999.00-9999.00 71.98 123.12 128.28 0.00 152.05 71.51 75.56 84.12 71.68 144.99 379.47 80.71 84.35 79.78 77.88 129.09 0.00 134.54 349.55 72.72 120.78 73.90 74.78 77.14 395.65 146.10 74.32 78.71 75.03 73.71 168.77 265.18 82.84 316.35 89.72 173.16 84.35 87.76 81.70 94.44 125.33 247.18 80.85 77.90 71.43 375.16 378.80 0.00 71.29 89.10 376.25 335.79 73.25 144.82 101.08 79.35 79.80 74.29
75.29 144.01 81.92 71.00 378.46 0.00 72.58 357.66 180.58 87.13 74.11 375.29 345.90 79.22 178.81 79.06 72.58 297.99 375.76 74.32 0.00 378.35 209.72 158.06 115.01 86.58 81.66 73.77 197.41 72.78 125.11 73.07 231.80 0.00 291.11 143.19 74.29 79.13 129.95 384.77 246.97 375.39 112.29 77.16 91.98 74.02 353.54 378.29 288.15 81.05 78.76 72.20 112.39 376.60 81.77 0.00 372.57 269.41 120.93 73.25 72.60
150.85 368.23 134.58 74.04 85.39 73.07 374.69 0.00 72.60 74.29 376.08 291.77 130.54 81.28 82.98 115.90 72.28 72.12 394.71 74.02 82.82 73.07 0.00 149.68 113.85 72.15 81.34 114.42 81.89 77.45 380.78 78.76 72.12 190.23 303.47 409.72 76.37 379.43 96.68 339.84 377.69 379.05 377.94 376.53 380.66 0.00 378.67 377.46 304.32 383.88 377.09 316.65 76.74 81.80 135.24 129.90 73.44 375.65 390.72 196.75 73.44
378.45 0.00 375.89 380.97 374.09 378.51 97.64 189.88 79.22 98.48 174.24 105.83 351.54 94.10 381.04 383.16 361.54 116.86 72.28 86.31-9999.00-9999.00-9999.00-9999.00-9999.00-9999.00-9999.00-9999.00-9999.00-9999.00-9999.00-9999.00-9999.00-9999.00 -9999.00-9999.00-9999.00-9999.00-9999.00-9999.00-9999.00-9999.00-9999.00 73.02 177.83 80.10 82.09 336.13 372.13 94.15 377.37 92.66 81.58 83.24 85.59 0.00 77.50 83.42 376.82 72.45 80.85 70.79 135.92 95.51 0.00 80.71 81.28 379.93 80.58 79.49 88.88 74.78 107.63 0.00 75.03 124.23 70.83 71.16 78.06 73.02 0.00 75.29 402.37
128.80 71.10 74.55 118.26 73.35 0.00 376.72 376.46 275.94 115.21 73.35 78.54 78.38 71.10 244.39 0.00 81.70 72.09 0.00 151.58 70.59 70.57 77.79 79.88 71.47 354.59 77.50 171.21 112.01 89.10 155.57 376.49 83.63 134.75 376.54 0.00 379.47 219.54 82.45 93.35 97.89 379.00 89.67 377.90 89.71 105.35 388.47 365.75 124.04 82.63 94.58 81.24 81.89 72.66 378.97 100.34 89.81 83.46 79.92 86.55 73.07
82.54 88.46 94.19 0.00 97.57 0.00 377.46 177.47 375.99 376.06 362.20 180.85 109.32 72.85 87.87 83.63 75.91 378.12 77.75 210.08 81.24 161.19 133.13 90.20-9999.00-9999.00-9999.00-9999.00-9999.00-9999.00-9999.00-9999.00-9999.00-9999.00-9999.00-9999.00-9999.00-9999.00 -9999.00-9999.00-9999.00-9999.00-9999.00-9999.00-9999.00-9999.00-9999.00-9999.00-9999.00-9999.00-9999.00-9999.00-9999.00-9999.00-9999.00 94.82 368.59 380.13 378.73 70.95 131.45 226.57 375.69 0.00 72.45 79.49 74.78 377.07 80.36 71.78 110.45 173.55 0.00 100.95 297.76 71.51 70.83 125.17 0.00 113.56 71.98 82.27 109.77 0.00 73.35 80.33 376.46 83.89 167.88 74.32 71.29
382.55 375.97 131.57 79.13 81.89 116.56 84.75 77.75 0.00 0.00 0.00 0.00 381.10 381.10 177.84 80.80 82.98 87.32 85.61 73.89 127.92 370.11 406.47 382.52 143.10 79.76 72.60 72.71 0.00 100.34 266.44 135.22 380.07 375.33 80.35 85.10 79.84 79.92 80.79 76.37 80.64 84.17 113.71 177.94 77.45-9999.00-9999.00-9999.00-9999.00-9999.00-9999.00-9999.00-9999.00-9999.00-9999.00-9999.00-9999.00-9999.00-9999.00-9999.00-9999.00-9999.00-9999.00 -9999.00-9999.00-9999.00-9999.00-9999.00-9999.00-9999.00-9999.00-9999.00-9999.00-9999.00-9999.00-9999.00-9999.00-9999.00-9999.00-9999.00 350.87 96.05 81.70 86.78 75.85 377.20 378.20 0.00 129.64 317.75 139.44 71.29 78.71 309.64 119.09
182.52 88.11 73.18 117.03 386.87 78.76 0.00 96.54 113.12 328.87 381.37 243.67 0.00 77.45 86.80 72.85 80.49 96.20 364.62 114.80 73.44 73.89 72.66 87.05 80.80 116.98 143.90 75.29 72.50 114.15 281.74 376.25 72.37 82.98 74.29 121.65 0.00 177.88 238.15 384.04 73.77 178.84 112.99 79.92 74.93 359.20 236.83 82.54 126.64 127.02 84.75-9999.00-9999.00-9999.00-9999.00-9999.00-9999.00-9999.00-9999.00-9999.00-9999.00-9999.00-9999.00-9999.00-9999.00-9999.00-9999.00-9999.00-9999.00-9999.00-9999.00 -9999.00-9999.00-9999.00-9999.00-9999.00-9999.00-9999.00-9999.00-9999.00-9999.00-9999.00-9999.00-9999.00-9999.00-9999.00-9999.00-9999.00-9999.00-9999.00 206.47 121.68 79.15 158.25 320.57 389.02 91.09 96.59 170.80
354.60 111.11 92.30 112.06 89.71 115.37 199.87 80.80 200.11 72.92 83.63 82.30 402.32 72.20 80.36 73.54 122.18 74.44 85.90 212.84 312.96 74.29 84.75 73.65 109.55 378.93 73.07 72.60 341.00 0.00 214.32 86.58 0.00 306.07 239.74 272.81 72.31 122.89 214.64 110.14 73.34 110.39 210.91 74.93 78.76-9999.00-9999.00-9999.00-9999.00-9999.00-9999.00-9999.00-9999.00-9999.00-9999.00-9999.00-9999.00-9999.00-9999.00-9999.00-9999.00-9999.00-9999.00-9999.00 -9999.00-9999.00-9999.00-9999.00-9999.00-9999.00-9999.00-9999.00-9999.00-9999.00-9999.00-9999.00-9999.00-9999.00-9999.00-9999.00-9999.00-9999.00-9999.00-9999.00 98.74 208.08 76.15 89.72 81.70 83.89 74.78 81.43 79.31 70.95 385.37 122.03 78.48 78.06 80.99
132.53 73.25 100.34 161.73 377.44 157.15 73.89 73.16 109.23 0.00 376.20 347.50 139.03 75.69 95.69 226.47 185.40 0.00 110.62 124.25 157.27 112.63 73.25 72.85 375.76 380.38 72.20 73.65 156.70 75.69-9999.00-9999.00-9999.00-9999.00-9999.00-9999.00-9999.00-9999.00-9999.00-9999.00-9999.00-9999.00-9999.00-9999.00-9999.00-9999.00-9999.00-9999.00 -9999.00-9999.00-9999.00-9999.00-9999.00-9999.00-9999.00-9999.00-9999.00-9999.00-9999.00-9999.00-9999.00-9999.00-9999.00-9999.00-9999.00-9999.00-9999.00-9999.00-9999.00-9999.00-9999.00-9999.00-9999.00 87.98 196.32 376.96 70.57 382.43 117.14 81.92 85.90 126.22 73.71 140.06 83.03 79.15 327.53 72.20 0.00 173.67 73.90 178.42 220.09 163.08 82.29 377.79 247.91 83.53 78.71 76.79 383.52 382.01 377.37
0.00 376.54 377.97 338.23 119.20 72.25 131.99 77.16 121.44 121.16-9999.00-9999.00-9999.00-9999.00-9999.00-9999.00-9999.00-9999.00-9999.00-9999.00-9999.00-9999.00-9999.00-9999.00-9999.00-9999.00-9999.00-9999.00-9999.00 -9999.00-9999.00-9999.00-9999.00-9999.00-9999.00-9999.00-9999.00-9999.00-9999.00-9999.00-9999.00-9999.00-9999.00-9999.00-9999.00-9999.00-9999.00-9999.00-9999.00-9999.00 75.56 77.50 332.21 92.32 76.46 77.50 90.18 73.02 76.46 151.35 166.05 0.00 153.98 76.79 73.35 0.00 364.77 104.34 360.56 118.09 73.18 89.72 92.77 76.15 85.35 87.13 86.18 81.70 100.44 84.84 179.85 156.07 386.25 104.34 105.29 82.29 0.00 323.75 0.00 0.00 0.00 0.00 0.00 379.64 377.59 375.91 83.53 124.48 90.66 82.29
94.10-9999.00-9999.00-9999.00-9999.00-9999.00-9999.00-9999.00-9999.00-9999.00-9999.00-9999.00-9999.00-9999.00-9999.00-9999.00-9999.00-9999.00-9999.00-9999.00-9999.00-9999.00-9999.00 -9999.00-9999.00-9999.00-9999.00-9999.00-9999.00-9999.00-9999.00-9999.00-9999.00-9999.00-9999.00-9999.00-9999.00-9999.00-9999.00-9999.00 319.58 73.71 73.18 256.62 84.87 99.38 81.59 95.51 83.24 71.22 0.00 72.72 73.02 72.45 79.78 72.32 82.29 170.78 376.83 162.72 377.32 0.00 183.37 213.97 375.10 375.84 376.51 299.05 82.29 327.48 76.15 82.89 109.35 92.32 141.70 76.46 248.00 243.35 360.18 109.35 385.69 386.16 0.00 376.62 103.27 279.63 81.15 96.59 191.72 76.15 376.95 261.62 220.43 88.88 75.85 86.18 99.38 94.82 87.13
87.98 301.93 376.10 104.34 376.42 287.28 0.00 387.31 247.28 376.67 376.25 377.76 244.53 375.96 166.35 379.85 378.99 384.83 377.22 243.72 186.04 84.19 84.87 375.37 196.14 215.80 380.14 283.17 88.91 99.58 376.03 0.00 0.00 0.00 0.00 0.00 0.00 307.07 385.94 267.86 376.77 377.18 0.00 0.00 215.67 195.91 376.04 375.27 0.00 358.33 375.03 234.03 0.00 133.94 375.52 77.67 159.86 386.10 381.93 375.42 72.32
139.30 134.67 79.03 70.82 249.01 337.05 382.86 0.00 80.80 185.02 84.69 96.14 382.72 127.17 72.45 80.96 79.63 72.12 109.38 238.39 375.57 72.34 82.13 92.49 252.82 79.13 91.98 92.49 76.14 88.46 87.32-9999.00-9999.00-9999.00-9999.00-9999.00-9999.00-9999.00-9999.00-9999.00-9999.00-9999.00-9999.00-9999.00-9999.00-9999.00-9999.00-9999.00-9999.00-9999.00-9999.00-9999.00-9999.00 -9999.00-9999.00-9999.00-9999.00-9999.00-9999.00-9999.00-9999.00-9999.00-9999.00-9999.00-9999.00-9999.00-9999.00-9999.00-9999.00-9999.00-9999.00-9999.00-9999.00-9999.00-9999.00-9999.00-9999.00-9999.00-9999.00-9999.00-9999.00-9999.00-9999.00-9999.00 75.29 376.65 376.37 99.38 125.22 196.14 196.14 205.65 234.03 323.75 372.58 374.42 0.00 326.48 378.47 349.61 92.80 93.10 92.80 0.00 211.58 389.17 375.43 370.25 128.14 77.14 131.46 206.19 75.03
121.29 375.18 375.56 319.32 83.36 98.62 388.19 412.08 415.11 293.86 254.00 0.00 248.82 376.18 0.00 154.50 221.63 375.19 375.35 385.86 326.68 375.14 142.39 375.47 106.59 331.46 375.69 107.09 134.76 74.73 381.43 375.31 80.43 74.20 82.81 382.32 334.94 306.75 71.02 360.14 80.34 149.05 254.39 376.95 86.96 358.25 87.05 363.78 121.92 91.98 377.30 91.98 378.65 89.45 309.27-9999.00-9999.00-9999.00-9999.00-9999.00-9999.00-9999.00-9999.00-9999.00-9999.00-9999.00-9999.00-9999.00-9999.00-9999.00-9999.00-9999.00-9999.00-9999.00-9999.00-9999.00 -9999.00-9999.00-9999.00-9999.00-9999.00-9999.00-9999.00-9999.00-9999.00-9999.00-9999.00-9999.00-9999.00-9999.00-9999.00-9999.00-9999.00-9999.00-9999.00-9999.00-9999.00-9999.00-9999.00-9999.00-9999.00-9999.00-9999.00-9999.00-9999.00-9999.00-9999.00-9999.00-9999.00 84.06 210.78 377.54 178.00 376.35
104.19 132.45 151.07 84.92 125.09 106.08 133.81 291.83 80.90 71.65 81.84 82.40 83.31 77.03 375.13 0.00 375.52 377.63 100.89 79.76 378.26 0.00 378.36 375.12 337.27 190.66 116.20 375.64 364.45 175.61 122.90 72.00 74.50 72.41 71.35 78.06 230.97 74.04 93.33 0.00 0.00 105.17 250.07 152.36 76.87 77.61 0.00 0.00 0.00 78.88 80.88 86.19 87.99 139.34-9999.00-9999.00-9999.00-9999.00-9999.00-9999.00-9999.00-9999.00-9999.00-9999.00-9999.00-9999.00-9999.00-9999.00-9999.00-9999.00-9999.00-9999.00-9999.00-9999.00-9999.00-9999.00-9999.00 -9999.00-9999.00-9999.00-9999.00-9999.00-9999.00-9999.00-9999.00-9999.00-9999.00-9999.00-9999.00-9999.00-9999.00-9999.00-9999.00-9999.00-9999.00-9999.00-9999.00-9999.00-9999.00-9999.00-9999.00-9999.00-9999.00-9999.00-9999.00-9999.00-9999.00-9999.00-9999.00-9999.00-9999.00-9999.00-9999.00-9999.00-9999.00-9999.00 221.63 269.11 269.11 200.93 375.25 375.28
81.48 93.39-9999.00-9999.00-9999.00-9999.00-9999.00-9999.00-9999.00-9999.00-9999.00-9999.00-9999.00-9999.00-9999.00-9999.00-9999.00-9999.00-9999.00-9999.00 -9999.00-9999.00-9999.00-9999.00-9999.00-9999.00-9999.00-9999.00-9999.00-9999.00-9999.00-9999.00-9999.00-9999.00-9999.00-9999.00-9999.00-9999.00-9999.00-9999.00-9999.00-9999.00-9999.00-9999.00-9999.00-9999.00-9999.00-9999.00-9999.00-9999.00-9999.00-9999.00-9999.00-9999.00-9999.00-9999.00-9999.00-9999.00-9999.00-9999.00-9999.00-9999.00-9999.00-9999.00-9999.00-9999.00-9999.00-9999.00 375.47 375.00 0.00 294.23 375.11 375.64 328.50 0.00 375.00 269.11 351.08 378.88 323.68 375.36 294.22 377.59 0.00 294.22 375.00 294.22 0.00 294.22 375.00 294.22 0.00 294.22 375.04 375.00 294.22 328.51 375.51 312.35 359.62 0.00 328.50 376.42 274.20 375.63 375.27 0.00 0.00 0.00 0.00 375.23 100.89 127.63 379.41 376.30 343.13 332.98 76.19 376.88 377.77 115.61 82.60 75.57 355.74 382.49
378.68 78.14 82.26 94.70 95.49-9999.00-9999.00-9999.00-9999.00-9999.00-9999.00-9999.00-9999.00-9999.00-9999.00-9999.00-9999.00-9999.00-9999.00-9999.00-9999.00-9999.00-9999.00 -9999.00-9999.00-9999.00-9999.00-9999.00-9999.00-9999.00-9999.00-9999.00-9999.00-9999.00-9999.00-9999.00-9999.00-9999.00-9999.00-9999.00-9999.00-9999.00-9999.00-9999.00-9999.00-9999.00-9999.00-9999.00-9999.00-9999.00-9999.00-9999.00-9999.00-9999.00-9999.00-9999.00-9999.00-9999.00-9999.00-9999.00-9999.00-9999.00-9999.00-9999.00-9999.00-9999.00-9999.00-9999.00-9999.00-9999.00-9999.00-9999.00-9999.00-9999.00-9999.00-9999.00-9999.00 0.00 351.10 320.17 376.02 375.18 323.55 376.01 333.91 294.22 0.00 0.00 375.38 0.00 294.22 375.34 294.23 375.00 294.23 375.71 294.23 375.31 323.55 375.00 0.00 375.04 375.00 0.00 294.23 375.97 221.57 375.51 183.40 375.41 236.11 84.79 123.25 375.53 84.06 73.05 70.35 80.19 73.42 376.13 375.71 129.84 71.45 0.00 292.42 72.13 72.88 80.88 357.64 77.61 86.96 381.17
