蒙特卡罗+CDRMV3/输出数据/2D水深分布/WaterDepthGIS_0136.ASC
ncols         539            
nrows         744            
xllcorner     602630.84259341
yllcorner     3914823.670891 
cellsize      50             
NODATA_value  -9999.00       
[rows 0 to 26 of 32, columns 244 to 304 of 539]
0.00 88.82 91.43 98.03 85.95 85.37 87.91-9999.00-9999.00-9999.00-9999.00-9999.00-9999.00-9999.00-9999.00-9999.00-9999.00-9999.00-9999.00-9999.00 -9999.00-9999.00-9999.00-9999.00-9999.00-9999.00-9999.00-9999.00-9999.00 103.29 96.65 377.34 369.36 91.26 383.49 461.29 89.95 96.61 363.51 163.24 94.27-9999.00-9999.00-9999.00-9999.00-9999.00-9999.00-9999.00-9999.00-9999.00-9999.00-9999.00-9999.00-9999.00-9999.00-9999.00-9999.00-9999.00-9999.00-9999.00-9999.00-9999.00-9999.00-9999.00-9999.00-9999.00-9999.00-9999.00-9999.00-9999.00-9999.00-9999.00-9999.00-9999.00-9999.00-9999.00-9999.00-9999.00-9999.00-9999.00-9999.00-9999.00-9999.00-9999.00-9999.00-9999.00-9999.00-9999.00-9999.00-9999.00-9999.00-9999.00-9999.00-9999.00-9999.00-9999.00-9999.00-9999.00-9999.00-9999.00-9999.00-9999.00-9999.00-9999.00-9999.00-9999.00-9999.00-9999.00-9999.00-9999.00-9999.00-9999.00-9999.00-9999.00-9999.00-9999.00-9999.00-9999.00-9999.00-9999.00-9999.00-9999.00-9999.00-9999.00-9999.00-9999.00-9999.00-9999.00-9999.00-9999.00-9999.00 84.17 91.56 100.62 85.56 219.63 84.17 83.83 322.79 94.44 84.43 92.80 82.61 122.64 378.08 0.00 178.42 82.60 83.73 85.95 127.15 151.48 92.91-9999.00-9999.00-9999.00-9999.00-9999.00-9999.00-9999.00-9999.00-9999.00-9999.00-9999.00-9999.00 -9999.00-9999.00-9999.00-9999.00-9999.00-9999.00-9999.00-9999.00-9999.00 98.29 376.99 106.56 143.69 377.24 106.56 379.38 0.00 87.79 376.34 224.49 95.11 84.62-9999.00-9999.00-9999.00-9999.00-9999.00-9999.00-9999.00-9999.00-9999.00-9999.00-9999.00-9999.00-9999.00-9999.00-9999.00-9999.00-9999.00-9999.00-9999.00-9999.00-9999.00-9999.00-9999.00-9999.00-9999.00-9999.00-9999.00-9999.00-9999.00-9999.00-9999.00-9999.00-9999.00-9999.00-9999.00-9999.00-9999.00-9999.00-9999.00-9999.00-9999.00-9999.00-9999.00-9999.00-9999.00-9999.00-9999.00-9999.00-9999.00-9999.00-9999.00-9999.00-9999.00-9999.00-9999.00-9999.00-9999.00-9999.00-9999.00-9999.00-9999.00-9999.00-9999.00-9999.00-9999.00-9999.00-9999.00-9999.00-9999.00-9999.00-9999.00-9999.00-9999.00-9999.00-9999.00-9999.00-9999.00-9999.00-9999.00-9999.00-9999.00-9999.00-9999.00-9999.00-9999.00-9999.00-9999.00-9999.00 87.10 185.06 123.34 92.28 126.59
377.53 394.95 336.46 88.82 98.64-9999.00-9999.00-9999.00-9999.00-9999.00-9999.00-9999.00 87.10 92.38 85.03 91.63 91.01 379.51 170.47 378.67 85.75 146.64 377.82 97.19 101.63 377.20 98.33 382.84 82.97 87.36 375.68 84.30 82.68 83.45 82.83 83.45 332.31 0.00 376.10 150.93 83.94 125.14 83.03 373.42 174.87 241.04 86.61 91.93 125.82 376.87 375.95 377.15 0.00 85.75 93.83 0.00 107.81 104.11 90.22 87.91 97.19 376.02 97.01-9999.00-9999.00-9999.00 -9999.00-9999.00-9999.00-9999.00-9999.00-9999.00-9999.00-9999.00-9999.00-9999.00-9999.00-9999.00-9999.00-9999.00 91.22 90.14 132.87 95.19
92.80 206.99 85.03 197.41 92.32 372.83 88.20 231.50 383.41 84.87 383.49 85.37 381.80 181.11 83.29 100.28 93.81 84.30 84.30 383.68 99.94 89.49 0.00 140.10 93.83 94.78 85.75 94.60 83.37 381.49 83.94 159.02 91.31 100.28 92.10 92.58 87.10 82.75 379.35 129.57 84.17 91.43 94.11 127.16 143.20 90.64 82.75 329.55 85.03 84.57 83.54 0.00 376.51 90.61 134.89 127.45 128.55 84.71 194.21 124.95 129.89
0.00 0.00 0.00 0.00 152.61 168.11 83.03 93.67 102.98 85.03 95.75 82.88 378.56 0.00 376.75 0.00 102.80 101.17 223.73 122.65 108.26 378.37 85.03 266.25 356.93 94.98-9999.00-9999.00-9999.00-9999.00-9999.00-9999.00 -9999.00-9999.00-9999.00-9999.00-9999.00-9999.00-9999.00-9999.00-9999.00-9999.00-9999.00-9999.00 103.29 103.73 87.79 95.11 93.21 82.43 124.67 0.00 81.82 82.59 82.13 0.00 81.76 82.95 344.46 91.85 84.27 383.96 378.28 202.49 83.80-9999.00-9999.00-9999.00 87.79 90.80 299.27 95.58 87.18 160.14 390.69 103.65 96.68 156.92 126.59 377.49 377.28
91.22 85.63 93.54 91.85 83.95 90.71 103.29 91.74 101.90 380.88 88.45 331.18 382.85 91.74 380.47 86.62 173.45 82.95 379.68 82.95 337.79 135.06 0.00 380.70 88.20 103.33 172.58 104.64 171.07 137.78 308.30 98.96 82.88 310.01 0.00 84.43 101.63 145.19 0.00 379.83 123.45 86.16 84.30 377.07 86.85 90.22 123.50 377.62 379.34 101.17 0.00 83.09 98.03 93.67 161.87 135.07 82.98 127.23 0.00 376.99 290.06
95.34 91.73 90.36 376.00 324.93 86.89 89.16 172.91 89.55 0.00 375.07 143.44 84.57 96.93 140.35 82.64 376.78 376.36 83.09 84.43 380.24 0.00 82.97 82.54 375.49 0.00 121.34 94.39 94.27 171.60 93.67 82.79 378.12 128.58 84.71 248.35 137.67 0.00 123.56 86.16 83.29 124.28 0.00 83.63 94.60 97.19 326.88 84.57 95.97 85.37 88.20 152.44 227.58 385.50 257.41 172.59 89.49 95.97 92.48 90.61 92.80
86.36 91.96 87.18 92.47 148.78 335.24 92.76 88.11 0.00 120.99 140.99 85.63 87.18 386.34 85.41 97.80 83.73 128.58 382.94 165.46 139.72 83.22 217.15 0.00 0.00 130.31 82.60 82.97 82.75 172.44 379.58 83.45 82.79 122.65 372.77 376.50 89.85 0.00 82.69 95.34 83.22 0.00 286.89 82.92 84.43 376.67 151.02 84.57 89.15 159.00 300.53 379.02 229.05 0.00 386.15 379.43 378.59 384.03 150.15 94.98 85.37
376.45 380.55 83.05 92.90 83.28 0.00 95.19 84.11 382.59 382.46 204.65 83.53 93.54 104.74 87.18 82.30 173.14 85.37 128.02 93.81 97.46 90.61 123.19 0.00 383.27 83.63 95.15 155.16 94.60 92.28 91.56 83.45 122.97 174.07 240.39 0.00 82.97 88.50 0.00 199.11 123.41 84.71 86.85 96.28 98.64 96.20 142.94 82.79 127.45 233.23 376.71 0.00 82.83 126.77 92.28 92.69 91.93 94.39 213.37 93.96 90.59
89.75 89.95 86.16 379.63 380.06 0.00 377.61 376.33 380.43 375.62 83.37 90.61 345.63 82.88 274.53 84.57 218.87 85.56 0.00 361.28 84.05 189.39 93.03 378.92 83.37 96.93 85.03 147.32 357.77 378.27 84.30 127.93 92.69 85.56 129.02 0.00 83.54 87.36 215.91 82.83 99.28 376.52 131.01 85.20 293.81 103.65 0.00 123.39 83.03 95.34 83.09 132.09 0.00 145.80 97.46 82.75 85.37 271.14 0.00 97.01 93.40
95.55 128.82 83.54 149.39 189.24 100.62 85.56 129.48 0.00 142.66 130.39 94.11 95.15 221.72 146.45 0.00 342.27 127.30 87.36 259.28 91.50 92.58 82.92 258.71 378.04 380.67 194.18 86.16 149.78 0.00 0.00 0.00 364.82 276.93 84.17 189.71 83.15 145.88 376.98 0.00 392.25 387.67 154.16 89.97 265.16 126.84 83.03 92.02 91.85 134.05 374.02 263.96 84.57 373.08 375.56 376.72 85.03-9999.00-9999.00-9999.00-9999.00-9999.00-9999.00-9999.00-9999.00 -9999.00-9999.00-9999.00-9999.00-9999.00-9999.00-9999.00-9999.00-9999.00-9999.00 93.72 97.19 81.72
376.74 379.28 386.71 120.64 98.96 94.39 385.53 0.00 117.15 0.00 375.71 219.79 381.10 191.07 0.00 0.00 327.24 87.10 86.61 0.00 136.63 83.22 91.78 102.30 85.56 99.61 93.40 86.85 96.43-9999.00-9999.00-9999.00-9999.00-9999.00-9999.00-9999.00-9999.00-9999.00 -9999.00-9999.00-9999.00-9999.00-9999.00-9999.00-9999.00-9999.00-9999.00-9999.00 81.99 166.45 0.00 324.84 81.80 215.16 86.89 83.40 374.55 0.00 141.91 82.85 82.24 161.69 231.72 0.00 375.27 247.38 186.84 138.49 89.55 85.20 382.27 135.66 87.18 101.34 108.77 88.80 82.43 376.60 83.80
0.00 81.80 90.25 87.18 0.00 83.53 93.54 85.86 82.95 82.67 182.83 0.00 0.00 82.43 286.60 84.27 98.79 88.11 389.40 376.88 378.91 83.53 82.51 85.63 380.40 81.85 90.95 83.16 0.00 122.70 85.41 97.19 89.90 195.22 95.11 92.90 379.24 82.59 378.47 81.86 158.95 264.23 88.11 0.00 82.36 94.89 93.21 83.40 155.35 96.34 203.29 83.54 138.39 412.88 84.43 0.00 379.82 218.49 131.80 93.30 84.59
82.76 120.76 0.00 133.83 82.59 94.68 100.59 81.82 85.63 287.53 378.82 82.76 308.74 0.00 91.87 372.82 97.19 378.33 96.69 103.00 376.49 211.52 0.00 85.56 92.48 83.29 382.34 91.43 305.50 87.36 91.01 378.31 84.30 82.66 0.00 137.66 292.55 0.00 370.99 88.82 89.49 88.50 376.58 89.15 91.26 84.05 383.96 90.61 97.19 105.96 123.47 386.96 115.82 109.23 102.00 388.71 245.54 376.28 378.38 370.85 0.00
85.37 370.79 89.49 393.93 94.39 126.01 84.87 85.37 361.61 379.25 0.00 375.62 186.89 0.00 0.00 0.00 86.91 109.07 103.69 0.00 371.92 102.80 0.00 378.30 379.97 83.94 98.96 143.57 87.10 348.32 92.80-9999.00-9999.00-9999.00-9999.00-9999.00-9999.00-9999.00-9999.00-9999.00-9999.00-9999.00-9999.00-9999.00-9999.00 -9999.00-9999.00-9999.00-9999.00-9999.00-9999.00-9999.00-9999.00-9999.00-9999.00-9999.00 90.36 206.50 98.45 86.89 93.33 378.66 83.53 382.76 81.74 157.92 374.99 0.00 179.26 177.97 122.40 90.71 91.22 90.71 82.67 86.36 151.35 0.00 0.00 86.36 82.59 222.66 91.32 81.91 0.00
81.91 169.12 83.80 89.75 85.41 0.00 168.26 116.98 143.62 303.67 82.76 81.91 169.33 83.28 86.89 81.78 0.00 232.14 81.80 93.72 185.36 91.62 96.89 83.80 207.23 91.13 326.02 139.34 377.53 82.95 269.64 97.01 0.00 439.79 396.44 400.07 389.22 385.98 120.42 377.76 374.89 87.91 95.15 85.56 86.61 108.03 94.98 427.37 403.64 379.88 372.92 92.80 377.47 83.22 91.43 82.64 84.05 91.56 91.26 82.97 83.03
141.87 378.40 377.16 129.21 89.15 100.62-9999.00-9999.00-9999.00-9999.00-9999.00-9999.00-9999.00-9999.00-9999.00-9999.00-9999.00-9999.00-9999.00-9999.00-9999.00-9999.00-9999.00-9999.00 -9999.00-9999.00-9999.00-9999.00-9999.00-9999.00-9999.00-9999.00-9999.00-9999.00-9999.00-9999.00-9999.00-9999.00-9999.00-9999.00-9999.00 91.26 386.55 378.38 376.82 85.00 82.36 83.40 85.63 0.00 213.46 88.11 91.85 86.11 90.87 225.79 279.72 82.36 378.23 369.39 0.00 0.00 0.00 135.31 85.41 90.43 85.41 88.11 0.00 166.41 82.51 161.69 128.23 82.13 91.62 86.36 143.44 307.78 376.71 378.25 0.00 369.26 127.87 179.81 92.24 88.80 84.27 212.84 368.68 378.49 377.92 0.00 0.00 378.15 376.55
146.12 376.94 0.00 142.68 95.61 118.09 314.87 94.39 385.63 380.31 381.16 83.83 82.66 90.45 91.05 90.59 90.88 90.72 100.28-9999.00-9999.00-9999.00-9999.00-9999.00-9999.00-9999.00-9999.00-9999.00-9999.00-9999.00-9999.00-9999.00-9999.00-9999.00-9999.00-9999.00-9999.00-9999.00 -9999.00-9999.00-9999.00-9999.00-9999.00-9999.00-9999.00-9999.00-9999.00-9999.00-9999.00-9999.00-9999.00-9999.00-9999.00-9999.00-9999.00-9999.00 95.19 90.36 98.79 100.59 89.95 83.05 0.00 157.17 87.18 87.18 101.34 90.25 160.89 177.82 155.85 83.66 84.80 134.78 89.59 81.73 0.00 103.81 214.34 203.83 129.72 88.45 101.13 84.27 138.23 385.47 381.04 86.36 95.34 96.61 81.80 99.50 91.22 129.27 377.51 377.81 0.00
253.20 0.00 380.53 125.36 83.22 91.56 92.10 342.36 144.96 122.55 83.37 94.11 93.03 87.10-9999.00-9999.00-9999.00-9999.00-9999.00-9999.00-9999.00-9999.00-9999.00-9999.00-9999.00-9999.00-9999.00-9999.00-9999.00-9999.00-9999.00-9999.00-9999.00-9999.00-9999.00 -9999.00-9999.00-9999.00-9999.00-9999.00-9999.00-9999.00-9999.00-9999.00-9999.00-9999.00-9999.00-9999.00-9999.00-9999.00-9999.00-9999.00-9999.00-9999.00 90.80 142.64 382.46 431.58 360.26 162.42 99.14 367.31 99.86 361.58 121.07 89.82 83.80 120.77 368.56 379.66 0.00 253.61 83.05 89.63 94.08 85.20 128.28 0.00 134.70 83.28 82.85 231.42 139.01 245.32 171.24 100.96 379.05 83.28 85.00 375.46 150.67 103.81 376.94 142.02 0.00 358.61 83.66 82.98 94.47 117.59
381.69 380.62 374.03 82.75 221.42 88.20-9999.00-9999.00-9999.00-9999.00-9999.00-9999.00-9999.00-9999.00-9999.00-9999.00-9999.00-9999.00-9999.00-9999.00-9999.00-9999.00-9999.00 -9999.00-9999.00-9999.00-9999.00-9999.00-9999.00-9999.00-9999.00-9999.00-9999.00-9999.00-9999.00-9999.00-9999.00-9999.00-9999.00-9999.00-9999.00-9999.00-9999.00-9999.00-9999.00-9999.00-9999.00-9999.00 92.24 303.67 85.00 294.40 86.36 88.45 388.74 134.35 143.83 168.61 82.67 142.00 0.00 0.00 0.00 0.00 0.00 352.92 94.53 82.51 95.90 380.45 0.00 0.00 376.93 313.07 364.97 365.10 275.22 310.58 379.43 316.62 101.90 353.51 131.32 88.14 103.55 93.49 88.45 90.36 377.51 133.70 85.20 221.37 377.24 407.95 89.95 365.67 88.11 87.42 0.00 377.54 185.04 389.57
0.00 0.00 379.62 143.05 163.38 168.74 102.48 325.47 380.44 93.33 378.67 93.91 106.56 104.74 100.59 102.82 0.00 0.00 154.16 0.00 294.66 375.48 105.31 96.73 144.00 108.36 377.53 387.23 101.90 183.32 96.61 88.80 350.33 116.98 85.20 87.18 210.44 169.54 377.09 0.00 185.04 377.25 309.65 225.55 290.99 194.63 359.94 376.14 379.46 247.08 91.01 88.20 368.70 83.37 85.95 92.80 378.74 372.46 83.03 91.70 179.18
106.80 324.91 377.71 380.94 389.26 126.47 292.98 347.18 97.45 119.33 150.66 100.99 355.94 0.00 185.04 375.74 376.91 375.38 86.11 101.90 251.82 96.65 100.96 280.88 97.45 88.11 137.76 346.10 378.71 151.35 0.00 377.27 249.40 377.02 357.48 244.71 366.28 392.37 244.77 387.42 119.81 123.85 95.19 0.00 107.81 85.95 99.28 95.55 93.30 203.01 85.37 102.00 350.78 375.06 84.05 92.91 377.41 91.31 84.05 0.00 0.00
267.25 359.77 108.69 185.48 105.00 377.79 375.47 270.26 217.22 0.00 386.09 86.89 85.41 98.29 378.74 256.37 374.77 170.83 188.83 111.58 382.90 377.91 230.06 213.23 0.00 376.28 225.55 376.03 321.07 0.00 0.00 270.28 0.00 396.34 377.26 241.96 130.23 150.66 84.11 91.87 268.16 88.50 114.03 294.81 382.83 91.01 266.40 0.00 376.78 177.61 89.49 183.21 140.78 375.34 129.27 82.54 145.32 377.76 83.73 96.68 98.33
83.63 163.73 380.94 0.00 88.50 96.43 165.46 94.46 91.63 89.85 127.16 123.41 384.12 372.57 377.16 341.85 274.89 85.20 257.51 138.29 302.56 95.55 125.39 82.92 374.60 86.61-9999.00-9999.00-9999.00-9999.00-9999.00-9999.00-9999.00-9999.00-9999.00-9999.00-9999.00-9999.00-9999.00-9999.00-9999.00-9999.00-9999.00-9999.00-9999.00-9999.00-9999.00-9999.00 -9999.00-9999.00-9999.00-9999.00-9999.00-9999.00-9999.00-9999.00-9999.00-9999.00-9999.00-9999.00-9999.00-9999.00-9999.00-9999.00-9999.00-9999.00-9999.00-9999.00-9999.00-9999.00-9999.00-9999.00-9999.00-9999.00-9999.00-9999.00-9999.00 92.24 90.80 188.05 377.88 376.40 83.53 381.05 384.30 185.04 350.58 375.86 389.26 0.00 330.57 379.24 375.56 133.12 217.17 352.40 0.00 225.55 309.78 131.60 377.42 114.04 99.09 94.29 109.24 102.48 96.34 102.17 104.87 114.04 90.80
375.40 298.07 354.40 256.38 336.36 375.32 0.00 232.18 0.00 325.41 320.04 377.08 320.04 0.00 377.73 366.09 256.38 338.99 375.44 199.73 378.56 383.26 378.93 133.46 145.68 99.76 383.16 114.43 375.51 149.88 100.37 191.51 129.78 83.05 85.19 84.47 91.92 90.64 92.28 85.75 82.79 121.75 122.63 82.72 180.75 93.53 348.42 99.59 99.61 375.36 375.51 120.31-9999.00-9999.00-9999.00-9999.00-9999.00-9999.00-9999.00-9999.00-9999.00-9999.00-9999.00-9999.00-9999.00-9999.00-9999.00-9999.00-9999.00-9999.00-9999.00-9999.00-9999.00 -9999.00-9999.00-9999.00-9999.00-9999.00-9999.00-9999.00-9999.00-9999.00-9999.00-9999.00-9999.00-9999.00-9999.00-9999.00-9999.00-9999.00-9999.00-9999.00-9999.00-9999.00-9999.00-9999.00-9999.00-9999.00-9999.00-9999.00-9999.00-9999.00-9999.00-9999.00 151.35 97.45 98.29 265.20 367.19 381.47 264.79 374.93
385.01 261.50 301.45 393.21 405.96 375.25 117.23 283.87 396.99 340.38 130.36 121.09 377.75 381.23 105.87 378.69 382.87 92.01 162.62 143.27 375.47 117.41 375.41 135.09 375.49 0.00 375.75 375.56 380.13 89.28 113.68 203.99 376.04 375.50 119.89 116.95 141.68 98.59 99.85 385.18 414.64 128.76 94.59 86.29 131.42 379.46 83.36 376.56 170.02 113.68 103.49 94.02 387.34 380.18 329.51 84.88 89.26 290.44 379.83 90.73 94.59
92.74 85.19 94.31 109.97 96.51 378.89 91.14 376.18 90.34 138.11 259.51 105.87 88.02 100.29 347.16 375.02 136.63 95.36 146.80 91.71 85.73 375.73 84.67 91.51-9999.00-9999.00-9999.00-9999.00-9999.00-9999.00-9999.00-9999.00-9999.00-9999.00-9999.00-9999.00-9999.00-9999.00-9999.00-9999.00-9999.00-9999.00-9999.00-9999.00 -9999.00-9999.00-9999.00-9999.00-9999.00-9999.00-9999.00-9999.00-9999.00-9999.00-9999.00-9999.00-9999.00-9999.00-9999.00-9999.00-9999.00-9999.00-9999.00-9999.00-9999.00-9999.00-9999.00-9999.00-9999.00-9999.00-9999.00-9999.00-9999.00-9999.00-9999.00-9999.00-9999.00-9999.00-9999.00-9999.00-9999.00-9999.00-9999.00-9999.00-9999.00-9999.00-9999.00-9999.00-9999.00-9999.00 375.29 375.13 0.00 298.07 375.93 320.73 312.23 375.47 256.38 0.00 375.07 298.08 375.50 298.07 375.05 375.03 378.79 375.08 0.00 256.38 298.07 378.66 298.07 376.78 379.01 378.46 378.46 381.92 261.50 301.45 379.28 0.00 0.00 375.23 375.21 375.58
88.91 123.68 102.46 104.36 116.35 376.51 321.87 90.07 93.86 164.43 94.02 104.74 0.00 88.61 224.87 94.02 100.66 379.01 88.31 180.64 83.14 96.20 145.69 386.19 99.76 383.86 368.70 389.08 232.15 102.68 382.97 105.88 134.17 86.51 378.18 248.60 88.32-9999.00-9999.00-9999.00-9999.00-9999.00-9999.00-9999.00-9999.00-9999.00-9999.00-9999.00-9999.00-9999.00-9999.00-9999.00-9999.00-9999.00-9999.00 -9999.00-9999.00-9999.00-9999.00-9999.00-9999.00-9999.00-9999.00-9999.00-9999.00-9999.00-9999.00-9999.00-9999.00-9999.00-9999.00-9999.00-9999.00-9999.00-9999.00-9999.00-9999.00-9999.00-9999.00-9999.00-9999.00-9999.00-9999.00-9999.00-9999.00-9999.00-9999.00-9999.00-9999.00-9999.00-9999.00-9999.00-9999.00-9999.00-9999.00-9999.00-9999.00-9999.00-9999.00-9999.00-9999.00-9999.00-9999.00-9999.00-9999.00-9999.00-9999.00 375.32 256.38 0.00 378.39 298.07 321.05 328.00 280.49 237.04 0.00 387.83 298.07 0.00 377.08 298.07 0.00 0.00 298.07 298.08 375.31 298.07 376.85 375.20
