蒙特卡罗+CDRMV3/输出数据/2D水深分布/WaterDepthGIS_0140.ASC
ncols         539            
nrows         744            
xllcorner     602630.84259341
yllcorner     3914823.670891 
cellsize      50             
NODATA_value  -9999.00       
[rows 0 to 26 of 32, columns 305 to 365 of 539]
95.31 86.76 89.13 88.32 80.69 143.78 81.04 80.18 143.92 85.79 0.00 84.18 88.55 212.15 131.03 284.23 180.31 81.63-9999.00-9999.00-9999.00-9999.00-9999.00-9999.00-9999.00-9999.00-9999.00-9999.00-9999.00-9999.00 -9999.00-9999.00-9999.00-9999.00-9999.00-9999.00-9999.00-9999.00-9999.00-9999.00-9999.00-9999.00 94.28 81.51 312.84 92.88 159.02 0.00 85.51 370.46 97.19 197.90 111.39-9999.00-9999.00-9999.00-9999.00-9999.00-9999.00-9999.00-9999.00-9999.00-9999.00-9999.00-9999.00-9999.00-9999.00-9999.00-9999.00-9999.00-9999.00-9999.00-9999.00-9999.00-9999.00-9999.00-9999.00-9999.00-9999.00-9999.00-9999.00-9999.00-9999.00-9999.00-9999.00-9999.00-9999.00-9999.00-9999.00-9999.00-9999.00-9999.00-9999.00-9999.00-9999.00-9999.00-9999.00-9999.00-9999.00-9999.00-9999.00-9999.00-9999.00-9999.00-9999.00-9999.00-9999.00-9999.00-9999.00-9999.00-9999.00-9999.00-9999.00-9999.00-9999.00-9999.00-9999.00-9999.00-9999.00-9999.00-9999.00-9999.00-9999.00-9999.00-9999.00-9999.00-9999.00-9999.00-9999.00-9999.00-9999.00-9999.00-9999.00-9999.00-9999.00-9999.00-9999.00-9999.00-9999.00-9999.00 136.46 346.37 207.08 167.01 90.22 88.64 381.49 153.78 262.18 377.41 293.44 138.94 82.60 91.45 82.60 0.00 377.98 185.93 91.30 184.83 379.31 80.58 88.59 83.52-9999.00-9999.00-9999.00-9999.00-9999.00-9999.00-9999.00-9999.00-9999.00-9999.00-9999.00 -9999.00-9999.00-9999.00-9999.00-9999.00-9999.00-9999.00-9999.00-9999.00-9999.00-9999.00-9999.00-9999.00 98.35 125.81 90.49 145.15 133.00 0.00
369.08 354.25 0.00 120.03 203.33 79.90 94.84-9999.00-9999.00-9999.00-9999.00-9999.00-9999.00-9999.00-9999.00-9999.00-9999.00-9999.00-9999.00-9999.00-9999.00-9999.00-9999.00-9999.00-9999.00-9999.00-9999.00-9999.00-9999.00-9999.00-9999.00-9999.00-9999.00-9999.00-9999.00-9999.00-9999.00-9999.00-9999.00-9999.00-9999.00-9999.00-9999.00-9999.00-9999.00-9999.00-9999.00 110.30 380.86 90.43 304.22 114.56-9999.00-9999.00 88.23 84.68 91.73 84.94 83.95 376.39 429.39 85.50 101.56 81.63 232.60 84.94 92.38 82.60 91.30-9999.00-9999.00-9999.00 82.60 173.80 80.75 154.78 81.31 84.43 80.29 383.59 89.96 0.00 0.00 0.00 85.50 81.22 376.88 378.90 159.08 82.01 81.88 96.17 374.10 380.88 144.49 140.79 80.58 80.69 86.42 0.00 84.43 89.92 175.53 84.18 376.46 214.99
157.05 80.58 80.18 89.13 83.52 0.00 134.17 80.69 80.89 378.77 0.00 93.19 100.65 0.00 375.39 93.19 98.25 103.26 88.23 172.19 84.43 89.06 197.90-9999.00-9999.00-9999.00-9999.00-9999.00-9999.00 -9999.00-9999.00-9999.00-9999.00-9999.00-9999.00-9999.00-9999.00-9999.00-9999.00-9999.00 80.99 139.79 90.94 80.87 380.06 379.68 0.00 321.93 120.58 160.37 80.56 88.05 84.90 381.08 135.82 378.94 82.70 378.22 98.75 84.61 175.92-9999.00-9999.00-9999.00-9999.00-9999.00-9999.00-9999.00 92.59 84.68 96.49 86.42 96.17 84.43 87.47-9999.00-9999.00-9999.00-9999.00-9999.00-9999.00 85.79 209.04 102.33 93.99 348.89 376.66 91.45 92.21 229.85
89.06 376.38 83.73 128.45 377.42 91.45 386.81 123.57 91.30 375.61 82.44 184.12 379.05 85.79 0.00 84.94 90.66 105.27 383.98 95.86 90.02 146.53 93.13 378.09 90.54 86.76 0.00 165.78 80.82 99.77 151.13 344.67 81.63 0.00 96.17 92.05 193.37 80.17 97.53 89.20 80.89 375.70 313.04 83.13 299.12 80.82 83.32 82.95 95.86 184.70 83.32 260.25 81.41 126.42 141.06 90.78 82.29 125.22 263.47 95.31 0.00
254.95 81.52 90.43 366.62 352.56 80.40 82.44 81.22 376.98 88.23 83.52 89.20 80.16 382.16 99.37 80.58 374.25 244.68 387.80 92.00 100.11 400.81 81.04 91.89 379.15 82.29 348.40 81.88 81.13 380.28 87.84 89.65 90.78 80.15 162.14 298.27 376.65 376.85 88.23 388.41 381.53 0.00 87.84 96.83 368.96 82.77 172.45 224.95 378.54 346.34 144.83-9999.00-9999.00-9999.00-9999.00-9999.00-9999.00-9999.00-9999.00-9999.00-9999.00 -9999.00-9999.00-9999.00-9999.00-9999.00-9999.00-9999.00-9999.00 376.11 99.96 82.32 95.15 376.48 377.77 84.33 88.54 101.18
377.05 0.00 120.86 89.50 82.77 382.66 100.65 281.98 176.46 89.83 126.79 96.83 213.95 91.16 89.83 89.20 80.39 152.03 209.13 380.59 380.24 381.67 381.01 0.00 0.00 0.00 0.00 101.50 373.25 127.05 0.00 98.86 301.81 89.96 99.74 125.16 350.26 88.64 373.53 86.76-9999.00-9999.00-9999.00-9999.00-9999.00-9999.00-9999.00-9999.00-9999.00 -9999.00-9999.00 90.07 84.07 87.69 98.75 306.73 374.02 82.51 89.59 88.54 380.59 120.86 86.90 134.77 369.93 87.99 87.46 79.63 125.26 0.00 84.90
123.54 80.25 253.60 0.00 376.38 225.69 152.44 81.04 87.10 377.79 80.96 88.78 80.19 168.27 294.76 90.90 89.34 144.19 89.34 141.32 82.15 129.71 80.53 144.35 80.23 144.84 0.00 120.12 168.01 379.70 375.22 372.13 120.78 373.78 110.30 378.75 81.75 107.40 81.22 96.35 380.12 397.47 82.29 100.11-9999.00-9999.00-9999.00-9999.00-9999.00-9999.00 -9999.00-9999.00-9999.00-9999.00-9999.00 92.88 159.93 313.32 389.28 379.18 82.14 150.73 376.41 308.12 89.82 84.90 86.90 380.79 81.11 0.00 80.76
81.88 0.00 127.18 172.53 80.58 90.43 80.33 380.34 124.49 83.32 139.81 80.33 120.36 386.81 100.65 211.35 81.13 89.34 81.31 120.94 377.93 84.68 0.00 0.00 263.84 92.00 378.11 376.92 281.01 128.71 103.90 128.79 112.87 110.38 106.38 94.77 379.87 378.86 360.50 182.92 86.42-9999.00-9999.00-9999.00-9999.00-9999.00-9999.00-9999.00 -9999.00-9999.00-9999.00-9999.00-9999.00-9999.00-9999.00 87.28 132.70 184.87 0.00 123.65 87.49 79.43 159.90 79.49 342.82 0.00 171.36 377.07 227.20 164.29 82.51 195.59 375.67 92.88
143.66 87.84 80.18 146.93 343.25 90.43 0.00 102.41 379.78 377.77 369.43 329.35 218.40 202.04 94.31 370.41 94.99 92.05 80.75 174.26 260.61 86.10-9999.00-9999.00-9999.00-9999.00-9999.00-9999.00-9999.00-9999.00-9999.00 -9999.00-9999.00-9999.00-9999.00-9999.00-9999.00-9999.00-9999.00-9999.00 81.11 145.47 0.00 94.28 87.60 82.70 0.00 121.98 79.48 89.82 89.70 82.14 80.87 397.20 143.40 94.31 80.38 118.44 376.59 130.21 81.11 0.00 122.14 80.76 376.08 165.49 80.15 141.12 80.87 130.62 119.23 0.00 0.00 172.83 80.22 382.00 413.16 388.30
0.00 91.63 360.72 376.44 80.76 81.97 340.66 382.02 124.54 87.28 83.57 137.02 302.26 126.54 0.00 287.90 256.84 79.44 79.80 138.72 84.61 89.70 347.45 121.85 97.81 92.24 91.79 99.55 84.90 227.15 162.27 376.83 91.63 106.00 94.31 102.06 99.55 91.79 82.90 228.95 213.70 376.48 314.49 79.80 0.00 380.76 382.70 380.85 80.15 95.27 89.57 95.27 80.25 140.40 377.33 83.73 0.00 174.56 81.75 82.60 90.43
126.24 383.12 82.14 91.98 148.06 85.51 234.04 377.37 94.84 146.66 83.12 333.09 135.74 79.52 140.51 97.81 0.00 252.20 125.64 82.15 97.93 85.79 89.57 138.49 91.03 81.22 121.64 263.49 0.00 82.01 92.05 93.76 110.12 88.64 380.11 96.49 95.31 91.58 96.17 99.77 376.04 90.02 80.19 182.44 89.27 83.13 145.98 322.97 83.95 198.19 0.00 300.69 255.78 150.31 83.52 148.87 89.00 182.61 87.47 123.22 379.04
138.98 87.84 0.00 93.54 91.03 277.48 85.50 356.10 89.50 92.93 88.59 82.95 82.95 411.42 90.43 82.01 129.56 0.00 350.81 120.69 80.89 88.73 80.25 82.60 202.39 346.39 91.03 89.49 143.86 128.33 380.56 85.79 378.21 250.50 94.54 379.25 378.64 336.12 224.95 208.31 0.00 388.31 384.31 383.45 363.21 369.46 118.97 376.18 380.77 381.54 375.41 375.54 96.18 100.15 106.26 93.96 297.14 129.58 80.96 175.69 92.05
375.82 378.34 245.89 145.26 377.01 155.02 376.26 376.52 380.14 297.42 96.13 372.70 185.99 231.32 379.96 377.49 196.17 144.48 81.22-9999.00-9999.00-9999.00-9999.00-9999.00-9999.00-9999.00-9999.00-9999.00-9999.00-9999.00-9999.00-9999.00 -9999.00-9999.00-9999.00-9999.00-9999.00-9999.00-9999.00-9999.00-9999.00 90.21 89.87 359.93 81.51 380.46 377.72 84.07 380.07 79.36 153.49 83.12 0.00 379.09 0.00 299.15 136.45 82.14 96.27 143.52 181.13 0.00 176.63 80.76 89.95 209.88 384.28 194.36 148.81 81.81 79.43 0.00 377.07 189.07 120.86 86.90 80.66 380.00 378.14 91.61 79.44 382.53
84.90 87.37 88.24 107.29 103.08 90.56 0.00 130.64 86.90 95.78 146.45 86.18 80.15 142.83 183.75 334.24 0.00 88.54 80.76 139.88 0.00 79.75 87.56 79.63 88.24 93.57 84.60 93.26 79.50 80.58 151.99 88.51 81.31 90.43 93.13 95.31 0.00 0.00 0.00 310.51 93.05 87.70 376.11 375.92 152.71 365.91 376.98 93.57 91.73 139.82 379.32 184.27 80.25 84.68 220.73 377.77 367.46 92.00 82.29 376.03 93.99
386.10 167.67 91.03 83.52 218.40 376.64 91.45 376.27 0.00 0.00 238.16 377.09 94.01 118.54 83.31 90.93 139.77 137.59 81.75 96.17 89.49 372.22 90.66 376.78 87.10 83.13 380.43 133.43 92.74-9999.00-9999.00-9999.00-9999.00-9999.00-9999.00-9999.00-9999.00-9999.00-9999.00-9999.00-9999.00-9999.00-9999.00 -9999.00-9999.00-9999.00-9999.00-9999.00-9999.00-9999.00-9999.00-9999.00-9999.00-9999.00-9999.00-9999.00-9999.00-9999.00 97.81 94.31 367.16 109.72 99.96 95.96 330.25 377.13 379.62 0.00 130.69 80.08 79.47 118.18 368.27 88.78 81.97 119.32 197.86 0.00 147.06 89.00 87.49 79.57 183.03 0.00 240.35 79.67 91.79 79.84 0.00
239.42 91.63 88.87 121.35 82.77 308.51 102.77 99.00 100.65 100.11 81.75 384.19 87.84 376.92 284.30 83.13 87.84 83.13 363.11 304.72 127.57 82.15 124.46 377.80 95.27 383.38 375.78 147.31 157.45 85.79 94.99 88.55 80.17 81.88 201.28 390.91 88.64 81.41 80.19 168.41 0.00 0.00 388.16 89.96 88.01 102.09 380.25 167.60 119.83 80.48 80.82 120.52 80.89 376.00 139.59 83.52-9999.00-9999.00-9999.00-9999.00-9999.00-9999.00-9999.00-9999.00-9999.00-9999.00-9999.00-9999.00-9999.00-9999.00-9999.00-9999.00-9999.00-9999.00 -9999.00-9999.00-9999.00-9999.00-9999.00-9999.00-9999.00-9999.00-9999.00-9999.00-9999.00-9999.00-9999.00-9999.00-9999.00-9999.00-9999.00 89.98 90.50 102.76 127.35
377.70 108.29 93.00 0.00 0.00 0.00 111.90 341.52 97.73 177.52 84.92 379.56 376.93 376.70 82.51 126.88 98.75 79.60 337.70 379.22 100.11 218.90 393.31 89.06 97.01 376.73 87.84 90.43 0.00 98.86 381.89 343.73 339.43 144.85 82.95 90.02 90.43 178.65 89.74 260.37 376.53 353.31 131.03 81.41 97.17 175.96 81.31 80.40 139.91 84.43 0.00 89.96 193.38 278.86 108.59 382.95 82.95 89.74 100.47 384.69 379.24
85.51 134.71 377.16 86.90 379.40 379.24 0.00 380.82 93.57 373.51 376.39 89.48 390.51 0.00 87.28 85.51 93.19 156.59 375.68 97.93 390.94 384.23 392.44 385.67 380.25 123.77 88.83 90.78 86.42 382.19 83.13 369.38 80.89 88.13 93.99 263.63 83.95 82.01 139.26 344.15 377.35 118.93 93.19 88.89 81.22 127.05 0.00 0.00 374.02 290.69 360.02 242.39 136.41 80.69 88.41 131.75 92.38 80.20 121.21 96.49-9999.00-9999.00-9999.00-9999.00-9999.00-9999.00-9999.00-9999.00-9999.00-9999.00-9999.00-9999.00-9999.00-9999.00-9999.00-9999.00-9999.00-9999.00-9999.00-9999.00 -9999.00-9999.00-9999.00-9999.00-9999.00-9999.00-9999.00-9999.00-9999.00-9999.00-9999.00-9999.00-9999.00-9999.00-9999.00-9999.00-9999.00-9999.00-9999.00-9999.00
210.52 383.59 378.63 152.55 199.92 375.55 137.94 208.64 0.00 0.00 0.00 378.41 88.64 0.00 91.45 385.65 83.52 376.71 138.52 80.36 141.39 81.52 138.34 380.06 377.07 86.10 381.25 382.89 0.00 375.32 89.06 342.86 91.45 126.90 0.00 81.88 88.64 93.13 93.76 94.54 138.37 0.00 384.12 82.44 92.74 380.50 279.65 139.26 82.01-9999.00-9999.00-9999.00-9999.00-9999.00-9999.00-9999.00-9999.00-9999.00-9999.00-9999.00-9999.00-9999.00-9999.00-9999.00-9999.00-9999.00 -9999.00-9999.00-9999.00-9999.00-9999.00-9999.00-9999.00-9999.00-9999.00-9999.00-9999.00-9999.00-9999.00-9999.00-9999.00-9999.00-9999.00-9999.00-9999.00-9999.00-9999.00-9999.00-9999.00-9999.00-9999.00 97.57 80.38 216.18 372.05 85.84 427.37 131.73 84.33 81.37 137.37 96.47
89.50 81.75 120.96 374.04 145.16 82.01 80.36 139.70 377.24 0.00 375.83 144.14 90.71 93.13 90.02 89.49 96.49 0.00 125.24 81.75 90.90 376.99 241.93 81.75 82.95 216.95 373.47-9999.00-9999.00-9999.00-9999.00-9999.00-9999.00-9999.00-9999.00-9999.00-9999.00-9999.00-9999.00-9999.00-9999.00-9999.00-9999.00-9999.00-9999.00-9999.00 -9999.00-9999.00-9999.00-9999.00-9999.00-9999.00-9999.00-9999.00-9999.00-9999.00-9999.00-9999.00-9999.00-9999.00-9999.00-9999.00-9999.00-9999.00-9999.00-9999.00-9999.00-9999.00 94.28 94.31 185.15 378.54 100.36 82.14 100.36 90.49 90.94 132.82 82.32 0.00 0.00 0.00 322.11 0.00 169.02 122.27 106.20 141.24 95.46 97.57 169.64 97.81 202.80 96.83 275.79 101.61 96.83 88.11 85.51 395.53 377.56
381.17 378.19 371.00 313.16 97.19 372.73 132.47 81.52 90.43 0.00 82.15 92.56 141.55 93.54 133.83 92.21-9999.00-9999.00-9999.00-9999.00-9999.00-9999.00-9999.00-9999.00-9999.00-9999.00-9999.00-9999.00-9999.00-9999.00-9999.00-9999.00-9999.00-9999.00-9999.00-9999.00-9999.00-9999.00 -9999.00-9999.00-9999.00-9999.00-9999.00-9999.00-9999.00-9999.00-9999.00-9999.00-9999.00-9999.00-9999.00-9999.00-9999.00-9999.00-9999.00 84.33 193.78 89.47 82.70 96.12 89.00 81.23 197.39 145.20 148.45 382.89 0.00 0.00 138.65 79.95 80.87 375.91 83.12 142.77 370.97 377.04 0.00 368.70 104.74 370.79 375.81 122.27 381.67 176.83 95.96 101.68 360.32 379.02 367.90 148.06 92.24 87.28 86.18 118.72 108.29 129.34 376.77 0.00 383.56
388.63 0.00 80.21 86.42 154.07 93.76-9999.00-9999.00-9999.00-9999.00-9999.00-9999.00-9999.00-9999.00-9999.00-9999.00-9999.00-9999.00-9999.00-9999.00-9999.00-9999.00-9999.00-9999.00-9999.00-9999.00-9999.00-9999.00-9999.00-9999.00 -9999.00-9999.00-9999.00-9999.00-9999.00-9999.00-9999.00-9999.00-9999.00-9999.00-9999.00-9999.00-9999.00-9999.00-9999.00-9999.00-9999.00-9999.00-9999.00 91.98 94.31 96.86 382.66 200.61 99.75 97.19 83.81 83.81 143.04 374.07 86.90 385.57 80.47 82.32 84.61 124.22 380.22 0.00 0.00 280.49 375.71 397.14 369.74 375.47 271.89 376.72 227.30 128.49 379.44 376.29 361.30 382.44 89.48 100.36 84.61 88.54 100.71 375.20 375.71 376.47 376.70 157.54 157.81 0.00 376.58 375.00 375.93 371.58 195.28 375.84 378.29 388.95 195.28
320.42 407.21 107.18 214.81 157.81 377.92 375.61 269.07 328.49 379.35 0.00 0.00 389.49 376.25 328.55 378.32 379.41 0.00 321.96 380.46 214.67 387.86 280.49 154.77 375.43 222.73 107.86 153.08 97.19 81.97 82.51 91.61 88.75 144.31 81.34 380.03 0.00 110.12 383.56 381.10 381.95 81.04 88.64 89.34 82.29 81.22 121.74 379.46 373.26 80.27 137.53 144.14 179.30 81.63 152.80 93.54 87.84 364.48 128.08 90.66-9999.00-9999.00-9999.00-9999.00-9999.00-9999.00-9999.00-9999.00-9999.00-9999.00-9999.00-9999.00-9999.00-9999.00-9999.00-9999.00-9999.00-9999.00-9999.00-9999.00-9999.00-9999.00 -9999.00-9999.00-9999.00-9999.00-9999.00-9999.00-9999.00-9999.00-9999.00-9999.00-9999.00-9999.00-9999.00-9999.00-9999.00-9999.00-9999.00-9999.00-9999.00-9999.00-9999.00-9999.00-9999.00-9999.00-9999.00-9999.00-9999.00-9999.00-9999.00-9999.00-9999.00
375.39 375.59 243.03 375.17 243.03 0.00 326.64 375.22 376.21 0.00 274.09 110.85 272.18 121.89 134.75 173.68 376.70 130.49 88.75 371.54 368.70 110.85 85.06 94.21 93.40 105.22 134.41 107.91 132.81 149.69 379.98 376.26 376.61 171.85 297.51 286.29 376.15 376.15 376.15 0.00 0.00 0.00 331.13 376.71 318.94 0.00 367.84 274.35 377.19 360.29 197.16 230.69 375.72 151.29 375.73 382.04 375.18 94.07 375.78 381.17 107.85
380.19 384.99 86.30-9999.00-9999.00-9999.00-9999.00-9999.00-9999.00-9999.00-9999.00-9999.00-9999.00-9999.00-9999.00-9999.00-9999.00-9999.00-9999.00-9999.00-9999.00-9999.00-9999.00-9999.00-9999.00-9999.00 -9999.00-9999.00-9999.00-9999.00-9999.00-9999.00-9999.00-9999.00-9999.00-9999.00-9999.00-9999.00-9999.00-9999.00-9999.00-9999.00-9999.00-9999.00-9999.00-9999.00-9999.00-9999.00-9999.00-9999.00-9999.00-9999.00-9999.00-9999.00-9999.00-9999.00-9999.00-9999.00-9999.00-9999.00-9999.00-9999.00 154.65 377.42 375.24 376.15 377.51 375.98 376.02 377.69 377.71 378.03 297.51 297.51 0.00 0.00 318.95 375.01 384.97 375.93 300.80 300.80 375.02 377.52 300.81 376.42 300.81 0.00 361.09 98.11 98.26 91.79 97.40 104.41 108.57 86.99 201.34 227.60 127.44 88.34 388.64 88.34 117.41 121.11 91.63 103.70 376.31 130.36 105.68 0.00 385.54 292.99 376.14 90.64 384.15 187.62 0.00 376.82 376.55
375.21 235.46 0.00 382.58 375.22 242.72 375.37 375.33 328.09 171.85 371.80 313.60 375.32 142.02 97.26 91.47 92.41 90.47 81.62 90.16 109.22 105.09 90.59 376.49 94.07 380.25 89.18 96.09 107.26 93.55 82.48 133.98 103.45 378.47 85.33 81.95 84.32 380.45 81.62 125.98 105.53 375.47 113.77-9999.00-9999.00-9999.00-9999.00-9999.00-9999.00-9999.00-9999.00-9999.00-9999.00-9999.00-9999.00-9999.00-9999.00-9999.00-9999.00-9999.00-9999.00-9999.00-9999.00 -9999.00-9999.00-9999.00-9999.00-9999.00-9999.00-9999.00-9999.00-9999.00-9999.00-9999.00-9999.00-9999.00-9999.00-9999.00-9999.00-9999.00-9999.00-9999.00-9999.00-9999.00-9999.00-9999.00-9999.00-9999.00-9999.00-9999.00-9999.00-9999.00-9999.00-9999.00-9999.00-9999.00-9999.00-9999.00-9999.00-9999.00-9999.00-9999.00-9999.00-9999.00-9999.00-9999.00-9999.00-9999.00-9999.00-9999.00 375.62 297.52 0.00 375.27 274.35 375.36 318.95 381.17 0.00 375.02 297.52 375.52 353.87 274.35 375.02 375.01 379.58
297.52 297.51 0.00 297.52 0.00 0.00 297.51 375.13 377.99 375.43 375.25 258.45 324.87 204.69 376.51 375.57 200.44 149.69 212.60 194.50 109.87 399.21 369.54 348.93 94.38 89.18 0.00 88.75 97.79 84.56 102.41 139.86 382.24 89.18 212.23 223.02 93.40 375.98 389.42 385.09 207.33 95.54 95.54 101.33 102.41 382.24 85.82 360.67 410.48 375.59 150.96 94.62-9999.00-9999.00-9999.00-9999.00-9999.00-9999.00-9999.00-9999.00-9999.00-9999.00-9999.00-9999.00-9999.00-9999.00-9999.00-9999.00-9999.00-9999.00 -9999.00-9999.00-9999.00-9999.00-9999.00-9999.00-9999.00-9999.00-9999.00-9999.00-9999.00-9999.00-9999.00-9999.00-9999.00-9999.00-9999.00-9999.00-9999.00-9999.00-9999.00-9999.00-9999.00-9999.00-9999.00-9999.00-9999.00-9999.00-9999.00-9999.00-9999.00-9999.00-9999.00-9999.00-9999.00-9999.00-9999.00-9999.00-9999.00-9999.00-9999.00-9999.00-9999.00-9999.00-9999.00-9999.00-9999.00-9999.00-9999.00-9999.00-9999.00-9999.00-9999.00 375.59 0.00 297.51 375.75 230.64 373.70 279.57 318.95
