蒙特卡罗+CDRMV3/输出数据/2D水深分布/WaterDepthGIS_0144.ASC
ncols         539            
nrows         744            
xllcorner     602630.84259341
yllcorner     3914823.670891 
cellsize      50             
NODATA_value  -9999.00       
[rows 0 to 26 of 32, columns 366 to 426 of 539]
152.62 206.29 157.44 94.27-9999.00-9999.00-9999.00-9999.00-9999.00-9999.00-9999.00-9999.00-9999.00-9999.00-9999.00-9999.00-9999.00-9999.00-9999.00-9999.00-9999.00-9999.00-9999.00-9999.00-9999.00-9999.00-9999.00-9999.00-9999.00-9999.00-9999.00-9999.00-9999.00-9999.00-9999.00-9999.00-9999.00-9999.00-9999.00-9999.00-9999.00-9999.00-9999.00-9999.00-9999.00-9999.00-9999.00-9999.00-9999.00-9999.00-9999.00-9999.00-9999.00-9999.00-9999.00-9999.00-9999.00-9999.00-9999.00-9999.00-9999.00 100.32 87.78 96.37-9999.00-9999.00-9999.00-9999.00-9999.00-9999.00-9999.00-9999.00-9999.00-9999.00-9999.00-9999.00-9999.00-9999.00-9999.00-9999.00-9999.00-9999.00-9999.00-9999.00-9999.00-9999.00-9999.00-9999.00-9999.00-9999.00 78.58 375.26 92.22 377.53 119.78 86.59 78.36 86.82 78.87 121.01 143.95 377.20 377.72 382.07 385.62 384.55 83.88 0.00 124.47 87.84 378.13 143.79 82.20 78.95 317.56 82.20-9999.00-9999.00-9999.00-9999.00-9999.00-9999.00-9999.00-9999.00-9999.00-9999.00 -9999.00-9999.00-9999.00-9999.00-9999.00-9999.00-9999.00-9999.00-9999.00-9999.00-9999.00-9999.00-9999.00-9999.00 86.02 90.08 87.74 91.37 273.26 0.00 0.00 119.34 88.26-9999.00-9999.00-9999.00-9999.00-9999.00-9999.00-9999.00-9999.00-9999.00-9999.00-9999.00-9999.00-9999.00-9999.00-9999.00-9999.00-9999.00-9999.00-9999.00-9999.00-9999.00-9999.00-9999.00-9999.00-9999.00-9999.00-9999.00-9999.00-9999.00-9999.00-9999.00-9999.00-9999.00-9999.00-9999.00-9999.00-9999.00-9999.00-9999.00-9999.00-9999.00-9999.00-9999.00-9999.00-9999.00-9999.00-9999.00-9999.00-9999.00-9999.00-9999.00-9999.00-9999.00-9999.00-9999.00-9999.00-9999.00 98.58 378.94 82.71-9999.00-9999.00-9999.00-9999.00-9999.00-9999.00-9999.00-9999.00-9999.00-9999.00-9999.00-9999.00-9999.00-9999.00-9999.00-9999.00-9999.00-9999.00-9999.00-9999.00-9999.00-9999.00-9999.00-9999.00-9999.00-9999.00 88.15 228.32 89.12 377.44 260.23 78.27 308.74 79.81 92.47 78.46 120.04 376.70 375.32 383.99 84.54
312.34 161.53 86.94 90.74 84.54 84.54 131.67 0.00 88.76 89.82 0.00 379.09 301.27 369.69 178.95 93.06 135.29 93.56-9999.00-9999.00-9999.00 -9999.00-9999.00-9999.00-9999.00-9999.00-9999.00-9999.00-9999.00-9999.00-9999.00-9999.00-9999.00-9999.00-9999.00 78.38 135.91 331.58 80.59 81.00 0.00 141.26 78.47 91.37 89.01 97.90 108.24-9999.00-9999.00-9999.00-9999.00-9999.00-9999.00-9999.00-9999.00-9999.00-9999.00-9999.00-9999.00-9999.00-9999.00-9999.00-9999.00-9999.00-9999.00-9999.00-9999.00-9999.00-9999.00-9999.00-9999.00-9999.00-9999.00-9999.00-9999.00-9999.00-9999.00-9999.00-9999.00-9999.00-9999.00-9999.00-9999.00-9999.00 91.98 80.73 364.77 95.22 84.20 85.26 375.47-9999.00 89.12 119.78 129.47 81.73 345.81 317.69 0.00 94.69 292.60 88.76 377.16 86.87 82.71 85.26 376.94 81.10-9999.00-9999.00 86.28 86.82 79.44 333.37 304.65 135.79 118.40
94.51 95.59 120.63 351.94 383.49 382.23 312.70 134.50 83.57 83.88 137.28 188.80 81.10 152.09 381.84 0.00 87.78 155.43 96.37 78.52 199.51 78.58 79.81 381.66 80.73 374.39 117.98 91.76 78.52 117.50 376.60 376.87 78.87 88.49 98.78 78.07 294.91 378.29 79.23 79.33 389.18 383.47 0.00 0.00 0.00 128.71 78.95 147.48 78.01 78.20 78.58 88.04 82.20 78.32 78.79 78.27 86.15 80.09 78.65 0.00 144.01
80.39 249.22 379.18 85.64 203.56 79.56 251.30 78.27 121.82 83.27 176.04 356.19 365.38 79.81 86.94 85.26 0.00 0.00 100.39 100.72 89.82 92.10 105.49 93.27 269.28 93.86 82.45-9999.00-9999.00-9999.00-9999.00-9999.00-9999.00-9999.00-9999.00 -9999.00-9999.00-9999.00-9999.00-9999.00-9999.00-9999.00-9999.00-9999.00-9999.00-9999.00-9999.00 94.67 263.80 172.70 77.88 116.65 79.55 78.07 0.00 79.41 118.40 81.22 0.00 96.61 295.06 398.33 78.89 380.33 84.80 82.49 89.34 90.48 102.78 97.47 84.43 191.47 260.70 105.52 95.64 91.37 90.27 138.36 384.21 81.73
86.69 78.67 121.26 0.00 302.89 134.88 78.57 91.87 79.27 87.28 91.87 83.08 83.40 196.37 96.65 379.59 86.69 371.10 89.88 79.14 379.64 167.15 83.08 92.68 93.77 312.05 82.49 346.23 0.00 350.98 84.89 205.40 104.41 110.22 78.79 376.38 375.99 94.18 78.32 137.85 0.00 78.71 88.99 134.21 0.00 126.10 257.86 83.27 79.23 377.38 90.39 80.56 138.38 89.87 86.09 376.75 0.00 78.36 90.03 129.25 116.86
86.29 86.88 339.44 130.70 86.91 77.68 360.08 379.90 78.38 379.46 80.59 77.64 0.00 129.09 366.55 377.77 81.22 77.88 85.90 88.70 78.00 0.00 143.07 79.41 258.13 80.59 79.44 376.47 98.38 80.91 121.92 379.40 386.72 0.00 82.71 88.26 86.00 80.23 0.00 117.02 88.26 79.94 378.43 82.20 79.23 118.17 380.27 380.66 80.23 0.00 93.56 87.15 82.45 134.61 80.39 0.00 137.20 135.23 79.33 78.58 88.04
363.68 90.91 376.95 285.58 155.83 79.01 118.66 87.17 77.68 115.78 0.00 183.35 85.19 89.34 91.87 124.81 89.52 377.40 96.20 88.26 0.00 146.31 77.53 88.55 103.55 97.47 317.72 97.90 90.77 78.95 177.61 376.15 80.39 81.30 138.52 78.11 0.00 144.78 78.41 85.90 118.63 240.07 377.54 129.36 80.73 79.56 132.07 86.54 90.55 0.00 91.33 87.39 92.99 119.65 0.00 90.98 381.29 376.03 347.83 119.89 79.33
87.17 78.22 379.03 87.74 123.70 0.00 78.00 77.40 78.38 211.88 381.04 80.59 134.21 86.53 81.70 0.00 84.80 383.12 77.94 80.39 77.94 86.02 93.28 84.07 90.08 77.88 120.59 374.98 207.49 88.04 138.94 82.98 121.34 0.00 78.05 311.28 282.05 78.95 90.20 94.86 86.49 137.46 80.09 125.90 141.75 0.00 78.36 98.58 0.00 78.11 86.64 78.87 79.33 221.95 78.65 84.20 360.85 79.81 119.91 346.93 365.28
222.01 79.87 90.08 78.30 147.70 234.17 357.16 377.02 377.48 377.86 377.49 0.00 148.60 81.10 180.23 91.98 86.88 382.50 85.64 78.09 117.62 309.27 378.04 337.59 0.00 358.22 120.68 82.45 91.76 323.51 377.44 90.98 86.87 141.40 264.47 382.57 147.64 384.91 79.13 81.30 78.36 0.00 376.04 375.93 122.43 78.41 78.24 232.42 376.64 87.84 79.44 375.91 0.00 147.88 117.50 84.89 86.32 78.58 0.00 124.25 79.68
102.82 94.51 245.63 186.57 176.78 79.13 90.55 84.20 104.48 242.53 86.76 79.81 78.32 377.84 88.76 0.00 377.12 84.89 86.03 379.39 0.00 365.87 93.86 87.23 88.73 122.69 86.09 84.20 135.80 135.18 79.68 375.50 80.73 126.07 341.50 142.06 91.62 0.00 0.00 81.96 249.82 90.93 86.18 80.56 0.00 0.00 380.47 196.37 379.52 375.45 371.58 322.61 291.57 129.43 79.81 377.70 79.13 92.47 79.44 378.52 82.20
126.31 88.61 89.12 92.22 88.86 89.87 84.20 92.29 84.20 134.28 363.52 213.36 240.76 0.00 0.00 115.87 376.88 333.63 381.16 379.01 251.50 0.00 97.61 0.00 86.87 83.57 131.59 118.30 88.26 194.67 371.88 170.27 134.36 91.62-9999.00-9999.00-9999.00-9999.00-9999.00-9999.00-9999.00-9999.00-9999.00 -9999.00-9999.00-9999.00-9999.00-9999.00-9999.00-9999.00-9999.00-9999.00-9999.00 78.07 257.21 0.00 78.67 85.40 82.49 85.74 79.55 0.00 117.32 88.70 79.55 132.57 86.88 79.70 0.00 77.72 318.32 124.82 83.40 83.73 382.92 134.18 83.40 92.97 246.43
108.41-9999.00-9999.00-9999.00-9999.00-9999.00-9999.00-9999.00-9999.00-9999.00-9999.00 -9999.00-9999.00-9999.00-9999.00-9999.00-9999.00-9999.00-9999.00-9999.00 79.01 117.74 397.65 0.00 79.55 79.70 0.00 82.49 87.62 80.59 125.34 122.32 77.82 117.37 368.83 0.00 180.46 89.53 90.69 79.14 248.21 385.31 78.47 83.08 89.70 154.90 380.88 81.46 78.78 116.06 375.90 0.00 166.83 145.61 81.70 78.47 375.72 79.14 78.67 381.73 78.78 378.76 77.44 128.02 77.44 0.00 137.62 77.38 90.27 91.37 86.08 86.91 255.13 313.87 90.48 83.57 148.73 375.42 0.00
360.32 78.22 77.62 115.95 0.00 95.79 148.79 149.09 95.79 137.99 86.15 77.56 385.68 0.00 0.00 378.11 154.85 80.73 372.76 261.97 90.25 80.09 147.89 199.41 339.03 0.00 81.51 79.04 385.20 251.92 375.94 346.11 204.47 377.86 80.39 88.26 87.78 0.00 0.00 0.00 0.00 0.00 0.00 0.00 96.61 276.31 83.57 383.29 189.55 94.18 87.32 379.27 378.60 0.00 87.32 288.71 377.75 377.13 391.41 303.03 376.22
132.78 369.49 382.40 81.51 80.91 81.96 119.25 347.76 383.23 0.00 219.64 376.58 148.16 377.78 269.15 375.71 372.77 190.84 86.95 131.96 216.23 119.69 0.00 85.26 342.77 144.93 81.73 378.48 160.41 82.45-9999.00-9999.00-9999.00-9999.00-9999.00-9999.00-9999.00-9999.00-9999.00-9999.00-9999.00-9999.00-9999.00-9999.00 -9999.00-9999.00-9999.00-9999.00-9999.00-9999.00-9999.00-9999.00-9999.00-9999.00-9999.00 94.63 88.96 93.60 85.59 378.30 84.07 377.78 83.08 85.04 86.61 219.27 380.43 0.00 0.00 0.00 82.78 78.89 127.11 0.00 0.00 0.00 81.46 0.00 92.16 133.62 318.10 86.44 77.44 289.01 0.00
96.61 171.80 83.08 377.36 79.27 87.74 77.46 130.05 290.11 120.19 83.40 0.00 333.47 77.48 93.60 95.79 88.70 91.37 84.80 378.00 77.53 156.02 376.78 195.59 0.00 0.00 0.00 378.48 319.50 379.77 93.82 375.88 384.81 383.68 148.76 89.82 94.86 83.57 88.73 81.10 82.98 377.36 81.10 78.04 78.87 142.02 375.36 93.82 84.20 82.45 162.12 97.61 89.82 139.27 230.82 379.58 130.90 91.98 110.22 90.20 89.12
377.85 378.86 379.12 85.19 0.00 79.41 203.85 77.56 78.78 141.87 371.61 78.89 157.29 221.30 141.96 121.88 80.39 0.00 145.31 79.55 81.95 0.00 0.00 78.89 87.62 352.34 79.87 97.90 88.12 82.49 88.85 86.02 87.28 78.67 378.01 0.00 390.61 331.32 79.41 84.43 204.03 88.85 90.13 212.04 415.43 0.00 85.59 375.96 124.79 138.65 89.52 376.98 78.22 78.57 95.22 88.49 84.54 84.20 94.18 84.89 80.56
376.35 376.85 374.61 215.14 119.52-9999.00-9999.00-9999.00-9999.00-9999.00-9999.00-9999.00-9999.00-9999.00-9999.00-9999.00-9999.00-9999.00-9999.00-9999.00-9999.00-9999.00-9999.00-9999.00-9999.00 -9999.00-9999.00-9999.00-9999.00-9999.00-9999.00-9999.00-9999.00-9999.00-9999.00-9999.00-9999.00-9999.00-9999.00-9999.00-9999.00-9999.00-9999.00-9999.00 101.94 87.89 97.47 87.39 137.65 83.40 384.97 335.79 378.59 82.22 77.72 231.01 369.64 378.42 118.27 121.02 85.16 156.63 380.96 0.00 375.88 119.45 204.52 84.43 78.07 78.78 382.36 407.71 269.88 90.13 88.12 88.96 87.62 154.35 87.17 91.61 86.22 77.77 239.82 101.94 0.00 93.77 0.00 274.22 96.65 376.45 240.70 113.87 141.49 375.13 379.81 88.96 90.08 92.13 92.40
91.87 85.19 322.38 105.52 377.47 81.22 391.91 375.29 371.78 381.57 79.01 78.14 85.03 85.05 127.30 136.56 0.00 140.49 131.36 95.39 82.78 96.65 0.00 86.46 77.60 94.63 82.78 375.68 288.73 333.22 85.59 379.64 120.65 129.69 371.40 324.17 322.01 377.55 142.85 0.00 381.29 379.23 197.50 142.15 79.70 78.38 263.44 80.79 90.91 84.07 379.24 165.23 0.00 97.68 376.83 143.86 93.77 0.00 134.56 86.02 91.44
193.27 378.79 375.62 90.13 0.00 85.59 81.46 185.20 90.77 379.20 375.52 87.89 203.76 180.48 99.71 97.68 99.71 165.86 131.32 185.33 131.32 314.47 103.34 87.53 179.94 91.24 195.78 222.11 97.47 80.21 84.07 81.00 92.93 396.40 284.71 377.30 379.68 81.46 384.37 88.96 0.00 383.47 245.94 385.52 205.78 181.89 230.88 381.82 162.58 0.00 0.00 375.97 110.77 87.32 82.98 375.87 88.76 91.76 78.95 380.58 80.91
96.65 99.71 0.00 193.04 115.42 380.31 375.48 377.58 391.99 382.54 92.93 96.61 100.07 105.52 87.89 377.44 98.33 91.37 84.07 95.64 377.39 0.00 225.58 377.77 90.13 267.91 259.26 375.17 358.70 376.24 246.64 88.65 121.34 176.20 351.23 97.98 81.51 123.24 337.82 82.45 81.10 376.71 341.65 118.87 89.28 87.31 80.56 79.68 368.49 379.69 79.04 126.95 378.03 0.00 377.66 186.13 126.69 92.72 87.08 88.49 87.32
236.49 99.72 87.01 93.60 86.46 90.13 379.89 345.22 90.13 96.20 79.55 129.56 362.12 378.51 379.82 0.00 272.78 304.75 376.20 221.17 324.67 391.07 357.33 376.79 150.85 131.32 366.24 0.00 214.69 95.64 302.78 81.73 332.22 79.81 85.64 92.22 79.94 137.62 324.46 380.95 81.10 380.46 80.09 0.00 377.85 130.50 383.54 79.23 150.70 166.03 341.24 79.13 362.00 79.23 99.55 0.00 350.29 120.40 81.96 97.58 91.98
364.05 207.81 381.01 258.12 0.00 245.94 207.81 203.87 375.32 0.00 325.48 372.96 0.00 150.85 116.76 102.41 377.35 222.86 111.95 288.81 378.17 79.94 80.56 376.35 85.26 376.15 83.57 364.96 0.00 85.64 97.58 90.25 78.18 85.97 89.50 193.08 87.23 81.51 315.08 133.79 80.73 92.72 126.65 382.50 141.61 79.13 90.37 90.03-9999.00-9999.00-9999.00-9999.00-9999.00-9999.00-9999.00-9999.00-9999.00-9999.00-9999.00-9999.00-9999.00-9999.00-9999.00-9999.00-9999.00-9999.00-9999.00-9999.00-9999.00-9999.00-9999.00-9999.00 -9999.00-9999.00-9999.00-9999.00-9999.00-9999.00-9999.00-9999.00-9999.00-9999.00-9999.00-9999.00-9999.00-9999.00-9999.00-9999.00-9999.00-9999.00-9999.00-9999.00-9999.00 91.14 87.39 84.43 97.68 167.09 377.64 376.60 382.42 387.10 382.60 413.30 102.12
87.74 79.41 82.22 84.07 343.57 338.97 377.42 377.54 378.09 339.05 334.17 0.00 361.90 376.11 378.41 362.89 128.16 111.48 0.00 376.16 377.44 178.65 195.87 176.93 107.54 91.79 82.49 84.80 93.67 363.32 288.09 376.20 375.63 377.91 163.07 223.08 316.77 259.26 375.92 373.04 309.12 337.76 0.00 327.90 0.00 377.35 327.90 376.53 378.70 0.00 375.69 286.40 325.48 377.05 375.34 376.41 304.69 89.09 279.09 95.82 81.67
364.22 144.71 136.66 79.09 78.25 86.05 88.87 86.75 79.17 87.50 82.35 123.24 141.75 267.35 153.36 144.07 356.81 82.71 94.86 375.38 98.16 380.96 120.63 88.76-9999.00-9999.00-9999.00-9999.00-9999.00-9999.00-9999.00-9999.00-9999.00-9999.00-9999.00-9999.00-9999.00-9999.00-9999.00-9999.00-9999.00-9999.00-9999.00-9999.00-9999.00 -9999.00-9999.00-9999.00-9999.00-9999.00-9999.00-9999.00-9999.00-9999.00-9999.00-9999.00-9999.00-9999.00-9999.00-9999.00-9999.00-9999.00-9999.00-9999.00-9999.00-9999.00-9999.00-9999.00-9999.00-9999.00-9999.00-9999.00-9999.00-9999.00-9999.00-9999.00-9999.00-9999.00 96.54 238.73 377.66 193.04 381.50 379.95 376.10 376.35 375.42 210.49 375.29 296.95 0.00 326.01 0.00 375.11 375.10 100.18 96.26 119.67 104.86 91.84 98.47 113.25 138.52 96.26 382.23 376.36 150.35 90.58 355.85 91.19 376.09 358.81 93.63 126.28
376.07 382.26 376.25 379.38 81.09 83.39 379.86 382.19 401.49 379.86 78.30 87.59 104.81 97.04 79.44 87.43 387.19 91.19 219.16 84.65 378.00 253.77 414.54 93.26 0.00 0.00 383.60 96.88 159.01-9999.00-9999.00-9999.00-9999.00-9999.00-9999.00-9999.00-9999.00-9999.00-9999.00-9999.00-9999.00-9999.00-9999.00-9999.00-9999.00-9999.00-9999.00-9999.00-9999.00-9999.00-9999.00-9999.00 -9999.00-9999.00-9999.00-9999.00-9999.00-9999.00-9999.00-9999.00-9999.00-9999.00-9999.00-9999.00-9999.00-9999.00-9999.00-9999.00-9999.00-9999.00-9999.00-9999.00-9999.00-9999.00-9999.00-9999.00-9999.00-9999.00-9999.00-9999.00-9999.00-9999.00-9999.00-9999.00-9999.00-9999.00-9999.00-9999.00-9999.00 287.26 368.64 375.00 375.39 374.15 351.60 375.27 375.27 375.14 0.00 296.95 333.72 291.06 0.00 360.22 296.95 376.67 375.01 296.95 296.95 296.95 376.80 376.94 296.95 375.17 0.00 352.97 102.76 102.76 113.20 381.97
0.00 296.95 296.95 296.95 378.41 0.00 360.15 375.00 296.95 0.00 0.00 0.00 0.00 375.00 296.95 375.00 296.95 320.54 0.00 0.00 375.77 378.03 181.03 375.51 279.11 375.32 368.38 138.71 375.18 319.75 163.41 377.32 166.22 80.91 168.26 78.40 152.08 141.33 88.27 100.75 249.82 372.43 376.40 104.09 376.43 178.80 97.95 86.98 367.85 377.03 88.39 383.42 82.85 187.43 79.17 376.33 84.99 376.87 91.74 377.54 88.76
300.23 0.00 375.00 0.00 375.39 296.95 0.00 296.95 375.52 375.18 296.95 296.95 375.95 375.00 330.68 375.00 0.00 0.00 296.95 296.95 0.00 378.06 375.55 229.08 375.41 297.80 130.67 153.25 375.52 103.67 375.25 375.32 377.52 84.31 82.35 378.96 301.34 142.93 81.89 0.00 86.55 142.75 86.98 172.09 82.35 80.14 414.15 100.20 379.65 86.55 92.53 0.00 386.50 153.27 86.98 99.78 88.39 177.00 103.44 82.66 0.00
