蒙特卡罗+CDRMV3/输出数据/2D水深分布/WaterDepthGIS_0159.ASC
ncols         539            
nrows         744            
xllcorner     602630.84259341
yllcorner     3914823.670891 
cellsize      50             
NODATA_value  -9999.00       
[rows 0 to 26 of 32, columns 122 to 182 of 539]
79.05 380.77 132.19 74.36 157.60 84.19-9999.00-9999.00-9999.00-9999.00-9999.00-9999.00-9999.00-9999.00-9999.00-9999.00-9999.00-9999.00-9999.00-9999.00 -9999.00-9999.00-9999.00-9999.00-9999.00-9999.00-9999.00-9999.00-9999.00-9999.00-9999.00-9999.00-9999.00-9999.00-9999.00-9999.00-9999.00-9999.00-9999.00-9999.00-9999.00-9999.00-9999.00-9999.00-9999.00-9999.00-9999.00-9999.00-9999.00-9999.00-9999.00-9999.00-9999.00-9999.00-9999.00-9999.00-9999.00-9999.00-9999.00-9999.00-9999.00-9999.00-9999.00-9999.00-9999.00-9999.00-9999.00-9999.00-9999.00-9999.00-9999.00-9999.00-9999.00-9999.00-9999.00-9999.00-9999.00-9999.00-9999.00-9999.00-9999.00-9999.00-9999.00-9999.00-9999.00-9999.00-9999.00-9999.00-9999.00-9999.00-9999.00-9999.00-9999.00-9999.00-9999.00-9999.00-9999.00-9999.00-9999.00-9999.00-9999.00-9999.00-9999.00-9999.00-9999.00-9999.00-9999.00-9999.00-9999.00-9999.00-9999.00-9999.00-9999.00-9999.00-9999.00-9999.00-9999.00-9999.00-9999.00-9999.00-9999.00-9999.00-9999.00-9999.00-9999.00-9999.00-9999.00-9999.00-9999.00-9999.00-9999.00-9999.00-9999.00-9999.00-9999.00-9999.00 73.54 167.49 74.75 126.53 73.37 370.83 386.51 73.38 182.13 0.00 130.01 74.20 349.93 74.20 75.82-9999.00-9999.00-9999.00-9999.00-9999.00-9999.00-9999.00-9999.00-9999.00-9999.00-9999.00-9999.00-9999.00-9999.00 -9999.00-9999.00-9999.00-9999.00-9999.00-9999.00-9999.00-9999.00-9999.00-9999.00-9999.00-9999.00 87.00 77.83 89.93 90.37 78.51 87.86-9999.00-9999.00-9999.00-9999.00-9999.00-9999.00-9999.00-9999.00-9999.00-9999.00-9999.00-9999.00-9999.00-9999.00-9999.00-9999.00-9999.00-9999.00-9999.00-9999.00-9999.00-9999.00-9999.00-9999.00-9999.00-9999.00-9999.00-9999.00-9999.00-9999.00-9999.00-9999.00-9999.00-9999.00-9999.00-9999.00-9999.00-9999.00-9999.00-9999.00-9999.00-9999.00-9999.00-9999.00-9999.00-9999.00-9999.00-9999.00-9999.00-9999.00-9999.00-9999.00-9999.00-9999.00-9999.00-9999.00-9999.00-9999.00-9999.00-9999.00-9999.00-9999.00-9999.00-9999.00-9999.00-9999.00-9999.00-9999.00-9999.00-9999.00-9999.00-9999.00-9999.00-9999.00-9999.00-9999.00-9999.00-9999.00-9999.00-9999.00-9999.00-9999.00-9999.00-9999.00-9999.00-9999.00-9999.00-9999.00-9999.00-9999.00-9999.00-9999.00-9999.00-9999.00-9999.00-9999.00-9999.00 74.05 111.01 152.11 376.13 74.86 283.38 384.74 79.72 80.70 74.20 0.00 77.40 325.59 75.37 81.10 132.15 82.07-9999.00-9999.00-9999.00-9999.00-9999.00-9999.00-9999.00-9999.00-9999.00-9999.00-9999.00-9999.00-9999.00 -9999.00-9999.00-9999.00-9999.00-9999.00-9999.00-9999.00-9999.00-9999.00-9999.00-9999.00 77.83 140.78 177.95 91.20 177.65 293.21 75.87-9999.00-9999.00-9999.00-9999.00-9999.00-9999.00-9999.00-9999.00-9999.00-9999.00-9999.00-9999.00-9999.00-9999.00-9999.00-9999.00-9999.00-9999.00-9999.00-9999.00-9999.00-9999.00-9999.00-9999.00-9999.00-9999.00-9999.00-9999.00-9999.00-9999.00-9999.00-9999.00-9999.00-9999.00-9999.00-9999.00-9999.00-9999.00-9999.00-9999.00-9999.00-9999.00-9999.00-9999.00-9999.00-9999.00-9999.00-9999.00-9999.00-9999.00-9999.00-9999.00-9999.00-9999.00-9999.00-9999.00-9999.00-9999.00-9999.00-9999.00-9999.00-9999.00-9999.00-9999.00-9999.00-9999.00-9999.00-9999.00-9999.00-9999.00-9999.00-9999.00-9999.00-9999.00-9999.00-9999.00-9999.00-9999.00-9999.00-9999.00-9999.00-9999.00-9999.00-9999.00-9999.00-9999.00-9999.00-9999.00-9999.00-9999.00-9999.00-9999.00-9999.00-9999.00-9999.00-9999.00-9999.00 81.22 81.84 84.97 74.65 378.85 384.70 78.74
113.10 83.13 215.06 74.45 81.53 84.33 81.92 74.75 86.71 85.89 74.05 86.57 127.79 77.90 81.27 0.00 172.60 73.98 76.53 233.86 378.93 383.83 382.09 74.75 73.70 199.22 121.56 84.19-9999.00-9999.00 -9999.00-9999.00-9999.00-9999.00-9999.00-9999.00-9999.00-9999.00-9999.00-9999.00-9999.00-9999.00-9999.00-9999.00-9999.00 72.56 123.72 345.46 73.26 71.99 0.00 86.47 89.18 133.69 82.01-9999.00-9999.00-9999.00-9999.00-9999.00-9999.00-9999.00-9999.00-9999.00-9999.00-9999.00-9999.00-9999.00-9999.00-9999.00-9999.00-9999.00-9999.00-9999.00-9999.00-9999.00-9999.00-9999.00-9999.00-9999.00-9999.00-9999.00-9999.00-9999.00-9999.00-9999.00-9999.00-9999.00-9999.00-9999.00-9999.00-9999.00-9999.00-9999.00-9999.00-9999.00 80.85 96.50-9999.00-9999.00-9999.00-9999.00-9999.00-9999.00 84.03 83.13 117.75 83.37 80.46 380.71 77.17 84.81 325.93 168.07-9999.00-9999.00-9999.00-9999.00-9999.00-9999.00-9999.00-9999.00 74.55 114.77 137.19 384.79 282.71 84.18 368.95 84.81 77.90 377.96
73.48 172.26 132.58 371.24 0.00 133.01 116.85 73.48 72.49 399.63 232.64 86.22 169.36 93.18 91.20 97.34-9999.00-9999.00-9999.00-9999.00-9999.00-9999.00-9999.00-9999.00-9999.00-9999.00-9999.00-9999.00-9999.00-9999.00-9999.00-9999.00-9999.00-9999.00-9999.00-9999.00-9999.00-9999.00-9999.00-9999.00-9999.00-9999.00 77.17 98.82 85.34 96.50 79.38 86.71 87.15 203.40 88.11 378.02 82.41 377.03 84.03 81.64 87.61 87.15 74.98 131.92 377.76 86.71 75.99 0.00 0.00 362.98 77.40 76.73 117.64 380.98 76.73 82.41 78.74 84.33 82.41 74.36 164.18 74.75 81.64 73.61 379.59 116.78 82.60 80.08 74.45 75.37 74.65
130.23 170.07 0.00 0.00 285.91 76.16 77.40 81.71 92.04 81.77 77.17 0.00 147.96 0.00 147.96 378.56 177.58 81.27 88.01 418.75 377.97 376.65 82.16 90.12-9999.00-9999.00-9999.00-9999.00-9999.00-9999.00 -9999.00-9999.00-9999.00-9999.00-9999.00-9999.00-9999.00-9999.00-9999.00-9999.00-9999.00-9999.00 208.55 86.25 77.51 75.43 108.89 167.71 339.38 0.00 143.66 73.26 72.17 0.00 377.93 73.48 71.99 229.21 73.73 378.12 82.54 133.52 81.61-9999.00-9999.00-9999.00-9999.00 89.54 90.76 73.37 168.84 379.01 76.94 381.19 75.99 82.16 193.11 85.95 181.03 80.46 357.89 86.49
123.65 135.87 77.20 91.20 314.46 85.73 80.10 378.44 85.57 379.47 134.69 92.59 85.05 77.20 80.24 73.87 387.51 378.12 88.36 382.37 151.19 86.57 98.82 95.50 83.75 79.05 86.29 77.90 363.54 0.00 88.36 380.79 73.65 0.00 75.66 125.80 80.46 86.71 89.34 104.42 74.20 298.17 133.99 75.11 79.72 0.00 73.75 83.37 82.80 77.90 79.05 84.03 299.59 78.74 0.00 118.22 74.28 147.31 82.90 113.71 301.57
86.57 92.49 77.40 129.54 111.73 76.16 78.45 380.99 73.40 0.00 80.85 82.60 73.34 0.00 73.57 88.36 85.70 375.94 80.85 83.13 376.51 74.45 136.16 82.32 74.36 0.00 112.53 74.36 74.65 157.17 0.00 185.32 122.65 298.25 95.50 188.00 126.25 74.75 82.90 149.37 94.99 380.08 335.57 74.75 86.93 75.37 132.94 396.03 380.18 73.80 381.33 130.65 78.17 74.20 376.65 173.26 86.93 345.90 73.92 221.06 86.49
80.10 91.20 88.36 110.95 377.97 75.66 379.12 378.71 0.00 0.00 74.12 123.39 0.00 110.92 73.92 87.15 80.85 381.96 73.65 74.05 152.23 83.25 74.86 74.65 0.00 112.28 74.55 80.89 121.03 0.00 78.45 257.62 75.82 125.28 84.03 88.90 115.89 238.92 98.34 379.03 385.55 307.04 234.69 89.48 329.58 206.27 74.45 90.46 81.10 73.61 0.00 81.70 85.15 125.62 82.70 82.80 83.89 74.55 196.84 75.99 82.90
291.91 272.65 91.43 331.68 85.50 88.63 79.05 81.70 74.75 122.76 128.71 80.46 0.00 78.74 385.37 375.98 307.75 197.61 75.11 74.86 122.51 81.47 82.41 76.16 0.00 73.86 84.48 123.47 0.00 74.05 73.92 115.71 82.32 81.64 86.49 79.38 73.80 115.49 178.72 94.39 0.00 111.09 73.92 82.90 74.55 84.64 82.23 76.73 256.62 111.31 0.00 84.76 84.81 83.01 81.92 78.17 111.55 380.50 112.08 82.41 76.34
74.46 73.34 84.81 263.67 77.17 83.13 141.06 74.98 113.53 376.10 377.60 82.63 0.00 76.94 384.00 379.50 382.61 75.99 76.16 82.80 90.83 149.69 376.24 76.53 82.16 94.99 82.15 81.70 0.00 331.94 133.77 74.05 82.15 215.86 116.96 76.16 89.79 214.29 367.31 0.00 164.68 74.28 93.20 128.43 385.20 374.81 84.33 90.83 73.38 252.24 87.86 79.05 0.00 112.15 79.72 82.07 82.80 80.91 76.73 378.29 0.00
150.10 0.00 0.00 84.18 87.15 92.49 142.08 88.36 137.32 122.37 0.00 84.76 348.87 131.13 124.82 81.42 82.70 82.23 74.98 143.34 378.62 0.00 0.00 136.25 79.72 0.00 84.19 133.81 132.93 75.51 81.71 122.86 80.46 378.38 0.00 100.08 381.43 380.99 117.29 76.94 84.48 83.62 82.07 76.73 76.53 94.47 89.79 174.38 78.17 140.98 91.61-9999.00-9999.00-9999.00-9999.00-9999.00-9999.00-9999.00-9999.00 -9999.00-9999.00-9999.00-9999.00-9999.00-9999.00-9999.00-9999.00-9999.00-9999.00 79.82 112.77 114.34 0.00 377.66 72.70 76.11 81.85 82.83
0.00 375.53 76.45 0.00 388.30 382.08 313.95 0.00 375.72 369.13 240.63 86.09 85.15 81.70 386.83 75.66 76.73 74.98 74.86 87.61 88.36 352.58 133.99 82.63-9999.00-9999.00-9999.00-9999.00-9999.00-9999.00-9999.00-9999.00 -9999.00-9999.00-9999.00-9999.00-9999.00-9999.00-9999.00-9999.00-9999.00-9999.00 83.32 122.51 111.06 0.00 183.07 83.49 90.86 79.33 72.02 82.54 393.33 72.09 80.46 80.79 72.15 0.00 142.03 72.63 90.33 77.83 125.76 72.37 177.67 380.27 202.43 115.16 76.91 73.05 213.98 382.72 85.73 81.50 387.96 73.60 85.27 83.10
0.00 76.11 86.47 79.27 127.23 120.33 74.83 0.00 276.47 257.62 111.71 82.54 85.97 379.14 87.28 127.64 339.34 76.37 84.03 376.69 80.88 72.37 161.54 0.00 82.53 88.49 82.83 79.63 71.86 81.28 84.62 376.40 79.59 264.02 79.11 80.79 71.84 305.46 0.00 150.57 124.52 71.96 79.41 78.51 295.98 75.99 143.03 375.59 375.43 73.57 144.14 0.00 128.47 74.05 83.62 85.33 74.86 136.31 0.00 117.84 82.16
0.00 118.84 74.65 172.34 89.40 71.87 139.15 320.35 378.81 149.86 84.83 77.40 0.00 379.94 77.90 397.71 75.82 103.02 83.65 126.58 0.00 138.39 76.34 74.75 381.06 80.08 78.74 163.64 88.11 375.89 87.38 73.34 386.47 96.71 75.11 85.34 0.00 376.41 321.63 80.46 78.17 376.41 73.37 83.01 75.37 380.03 76.53 316.55 376.95 384.40 86.57 92.08 163.17 382.33 233.39 376.45 256.99 256.99 0.00 375.46 376.10
84.76 76.16 81.27 266.80 0.00 0.00 257.75 376.71 379.18 257.06 0.00 0.00 0.00 102.35 169.11 213.14 0.00 0.00 0.00 78.34 0.00 0.00 380.99 92.49 76.34 342.65 377.03 112.14 74.36 75.51 86.71-9999.00-9999.00-9999.00-9999.00-9999.00-9999.00-9999.00-9999.00-9999.00-9999.00-9999.00-9999.00-9999.00-9999.00 -9999.00-9999.00-9999.00-9999.00-9999.00-9999.00-9999.00-9999.00-9999.00-9999.00 88.53 165.81 201.19 82.99 152.16 141.28 358.45 82.39 82.99 320.49 374.65 0.00 77.51 71.89 72.21 80.60 81.61 81.50 185.28 75.64 115.81 0.00 296.06 0.00 129.27 111.54 110.41 80.24 72.96
0.00 111.26 72.31 86.69 0.00 144.60 110.28 80.98 79.59 76.37 0.00 72.78 173.37 73.87 85.97 142.75 81.85 79.55 72.63 81.17 72.13 0.00 0.00 113.78 72.13 305.82 121.75 80.31 86.47 75.22 359.83 82.68 123.63 341.45 139.92 114.58 73.92 379.32 0.00 377.28 376.27 369.20 83.13 99.16 85.28 85.54 74.65 76.94 334.63 291.48 82.22 381.43 113.86 75.82 75.37 166.78 82.23 115.92 76.16 367.75 198.05
231.57 203.13 0.00 129.94 72.61 75.26 83.01 384.77 377.30 376.61 73.54 84.18 73.40 114.39 83.13 84.18 75.11-9999.00-9999.00-9999.00-9999.00-9999.00-9999.00-9999.00-9999.00-9999.00-9999.00-9999.00-9999.00-9999.00-9999.00-9999.00-9999.00 -9999.00-9999.00-9999.00-9999.00-9999.00-9999.00-9999.00-9999.00-9999.00-9999.00-9999.00-9999.00-9999.00-9999.00-9999.00-9999.00-9999.00 97.38 84.91 78.51 75.87 82.99 73.73 71.94 116.73 0.00 72.21 83.84 73.60 210.76 71.90 161.36 379.07 72.21 387.33 0.00 112.27 74.65 72.78 0.00 79.27 79.99 72.43 163.95 376.46 0.00 382.81 381.90 377.95 301.79 157.74 74.01 79.22 111.84 164.44 363.01 0.00 78.88 80.88 81.50
90.83 378.99 75.82 131.82 82.80 74.98 74.20 381.54 76.34 81.92 75.23 73.32 111.15 0.00 116.42 85.34 88.11 94.99 217.01 78.66 88.86 76.34 88.11 166.02 115.53 74.36 86.71 280.21 154.49 122.82 86.57-9999.00-9999.00-9999.00-9999.00-9999.00-9999.00-9999.00-9999.00-9999.00-9999.00-9999.00-9999.00-9999.00-9999.00-9999.00-9999.00-9999.00-9999.00-9999.00 -9999.00-9999.00-9999.00-9999.00-9999.00-9999.00-9999.00-9999.00-9999.00-9999.00-9999.00-9999.00-9999.00-9999.00-9999.00-9999.00-9999.00 76.63 254.21 135.62 77.51 168.14 360.14 72.96 0.00 137.25 75.64 83.68 86.73 85.05 83.66 73.87 75.64 82.99 87.57 75.22 108.90 146.01 0.00 92.59 378.98 72.05 84.62 75.43 92.16 84.83
177.63 75.51 115.29 160.93 81.22 81.64 74.28 84.03 81.31 74.55 73.38 114.45 164.98 382.33 405.18 379.94 0.00 0.00 83.13 377.09 376.20 376.56 226.63 137.71 110.81 73.75 77.40 135.92 83.37 88.11-9999.00-9999.00-9999.00-9999.00-9999.00-9999.00-9999.00-9999.00-9999.00-9999.00-9999.00-9999.00-9999.00-9999.00-9999.00-9999.00-9999.00-9999.00-9999.00-9999.00-9999.00 -9999.00-9999.00-9999.00-9999.00-9999.00-9999.00-9999.00-9999.00-9999.00-9999.00-9999.00-9999.00-9999.00-9999.00-9999.00-9999.00-9999.00-9999.00-9999.00 89.40 377.18 138.85 85.57 382.55 81.50 87.57 143.30 88.83 352.13 74.31 78.16 197.45 243.44 120.80 110.96 377.51 0.00 148.73 109.53 84.28 75.22 114.38 0.00 294.36 115.23 72.87 72.13 73.87 111.64
376.76 83.62 74.45 365.00 0.00 0.00 0.00 0.00 78.17 76.16 94.93 0.00 0.00 0.00 80.46 74.36 115.08 376.86 73.35 73.37 121.99 231.10 73.61 84.64-9999.00-9999.00-9999.00-9999.00-9999.00-9999.00-9999.00-9999.00-9999.00-9999.00-9999.00-9999.00-9999.00-9999.00-9999.00-9999.00-9999.00 -9999.00-9999.00-9999.00-9999.00-9999.00-9999.00-9999.00-9999.00-9999.00-9999.00-9999.00-9999.00-9999.00-9999.00-9999.00-9999.00-9999.00-9999.00-9999.00-9999.00-9999.00-9999.00-9999.00-9999.00-9999.00 172.65 259.03 377.82 375.96 379.88 389.67 380.04 0.00 0.00 0.00 0.00 0.00 363.52 75.87 76.91 158.74 86.25 0.00 0.00 0.00 0.00 0.00 326.84 102.94 0.00 0.00 377.41 279.65 374.28 379.47 268.94 376.41 87.72 88.91 82.26 88.44
381.44 112.06 74.75-9999.00-9999.00-9999.00-9999.00-9999.00-9999.00-9999.00-9999.00-9999.00-9999.00-9999.00-9999.00-9999.00-9999.00-9999.00-9999.00-9999.00-9999.00 -9999.00-9999.00-9999.00-9999.00-9999.00-9999.00-9999.00-9999.00-9999.00-9999.00-9999.00-9999.00-9999.00-9999.00-9999.00-9999.00-9999.00-9999.00-9999.00-9999.00-9999.00-9999.00-9999.00-9999.00 101.12 83.49 81.39 74.16 380.27 78.51 81.28 79.45 80.70 120.97 109.98 110.82 89.18 78.51 75.87 78.51 0.00 379.37 348.57 148.09 86.25 92.67 86.97 288.92 378.01 382.00 198.66 82.01 283.38 86.25 366.91 165.94 0.00 263.47 97.66 267.71 179.64 79.68 80.55 76.91 306.25 82.01 383.50 377.96 80.10 86.97 224.99 377.98 380.59 82.01 91.20 77.20 297.64 0.00 0.00 0.00 0.00
0.00 79.68 80.98 73.73 113.40 354.26 0.00 379.51 96.18 144.46 73.52 110.66 85.81 370.21 129.21 86.47 75.87 89.40 319.14 96.18 419.07 319.71 107.84 93.81 75.64 305.36 377.73 0.00 0.00 105.64 87.77 82.01 82.01 87.86 102.35 114.67 375.78 187.40 83.10 106.79 76.37 123.18 309.97 378.65 379.07 240.12 0.00 240.12 375.94 248.61 264.10 371.94 386.32 375.67 226.47 384.01 179.09 87.72 83.10 0.00 373.91
378.00 0.00 377.25 386.08 298.84 377.58 375.62 108.47 159.28 107.70 81.01 358.27 83.10 337.13 212.32 85.07 115.41 404.18 159.41 335.89 98.63 84.28 391.52 407.73 0.00 0.00 357.75 323.96 385.13 100.36 90.76 261.67 82.01 225.68 76.91 76.63 377.48 210.76 345.41 128.73 0.00 379.24 0.00 375.44 375.85 378.02 290.22 375.82 0.00 213.64 377.39 236.62 83.56 109.15 89.75 74.16 76.16 90.12 88.63 93.45 86.93
0.00 376.87 0.00 304.47 375.70 375.85 381.76 327.60 327.66 377.45 0.00 376.67 0.00 375.38 381.23 96.47 106.66 375.99 93.00 316.42 89.40 76.27 349.85 125.66 79.27 74.86 111.86 362.62 258.55 0.00 377.48 228.83 94.51 136.17 82.70 112.37 140.34 385.16 111.43 375.77 319.49 131.22 129.07 75.66 222.43 243.80 312.82 74.05 134.66 377.59 74.65 155.57-9999.00-9999.00-9999.00-9999.00-9999.00-9999.00-9999.00-9999.00-9999.00-9999.00-9999.00-9999.00-9999.00-9999.00-9999.00-9999.00-9999.00-9999.00-9999.00-9999.00-9999.00-9999.00 -9999.00-9999.00-9999.00-9999.00-9999.00-9999.00-9999.00-9999.00-9999.00-9999.00-9999.00-9999.00-9999.00-9999.00-9999.00-9999.00-9999.00-9999.00-9999.00-9999.00-9999.00-9999.00-9999.00-9999.00-9999.00-9999.00-9999.00-9999.00 87.72 127.63 95.30 91.20 86.25 74.65 376.81 84.28
377.07 375.78 117.98 346.94 0.00 163.00 95.45 233.85 308.85 324.73 378.53 380.34 246.38 97.34 86.25 375.48 317.54 250.54 376.91 379.77 381.41 0.00 0.00 0.00 0.00 0.00 376.69 185.78 294.81 111.43 185.78 336.09 0.00 294.80 375.38 0.00 377.96 375.18 294.80 377.25 294.80 0.00 0.00 0.00 0.00 0.00 0.00 0.00 377.06 160.49 92.73 87.76 376.67 390.64 378.88 78.97 88.43 340.63 108.91 72.55 75.31
380.69 81.27 93.20 383.80 85.48-9999.00-9999.00-9999.00-9999.00-9999.00-9999.00-9999.00-9999.00-9999.00-9999.00-9999.00-9999.00-9999.00-9999.00-9999.00-9999.00-9999.00-9999.00-9999.00-9999.00-9999.00 -9999.00-9999.00-9999.00-9999.00-9999.00-9999.00-9999.00-9999.00-9999.00-9999.00-9999.00-9999.00-9999.00-9999.00-9999.00-9999.00-9999.00-9999.00-9999.00-9999.00-9999.00-9999.00-9999.00-9999.00-9999.00-9999.00-9999.00-9999.00-9999.00-9999.00-9999.00-9999.00-9999.00 346.00 377.53 379.14 154.94 385.52 382.73 376.36 377.24 270.03 294.81 294.81 294.81 270.03 270.03 0.00 375.23 375.14 378.37 375.36 377.66 379.29 378.78 378.47 379.00 392.74 82.47 80.00 378.95 384.70 249.96 397.27 388.37 394.52 356.45 89.12 93.98 96.22 82.47 376.38 376.49 375.47 376.35 259.28 90.45 89.47 377.31 87.08 375.86 382.13 0.00 376.00 375.16 293.45 81.30 105.54
294.80 294.80 392.37 294.81 375.13 223.17 0.00 375.90 275.17 378.98 240.11 377.60 378.87 160.49 358.97 319.01 390.71 388.16 380.97 254.93 275.17 381.48 377.83 377.24 0.00 378.88 375.67 375.66 0.00 0.00 0.00 0.00 0.00 375.60 348.18 278.89 360.38 115.80 79.17 141.12 0.00 204.57 110.20 80.01 216.40 72.00 89.24 94.48 87.00 230.81 78.41 382.59 375.51 75.31 78.41 94.48 90.00 142.08 74.36 83.43 89.24
379.96 79.00 84.65 379.89 79.51-9999.00-9999.00-9999.00-9999.00-9999.00-9999.00-9999.00-9999.00-9999.00-9999.00-9999.00-9999.00-9999.00-9999.00-9999.00-9999.00-9999.00-9999.00 -9999.00-9999.00-9999.00-9999.00-9999.00-9999.00-9999.00-9999.00-9999.00-9999.00-9999.00-9999.00-9999.00-9999.00-9999.00-9999.00-9999.00-9999.00-9999.00-9999.00-9999.00-9999.00-9999.00-9999.00-9999.00-9999.00-9999.00-9999.00-9999.00-9999.00-9999.00-9999.00-9999.00-9999.00-9999.00-9999.00-9999.00-9999.00-9999.00-9999.00-9999.00-9999.00-9999.00-9999.00-9999.00-9999.00-9999.00-9999.00-9999.00-9999.00-9999.00 294.80 0.00 249.96 294.81 375.62 375.07 0.00 0.00 0.00 378.48 227.79 316.69 364.60 0.00 313.55 375.12 0.00 294.81 294.80 0.00 375.00 375.00 294.80 375.68 375.41 294.81 294.80 0.00 375.00 294.81 376.45 0.00 223.17 270.03 313.54 223.23 375.56 375.38 375.38 160.74 78.18 184.14 92.51 390.74 379.15 379.79 382.39 72.21 81.19 82.17 95.05 77.10 384.90 150.91 83.63
