蒙特卡罗+CDRMV3/输出数据/2D水深分布/WaterDepthGIS_0147.ASC
ncols         539            
nrows         744            
xllcorner     602630.84259341
yllcorner     3914823.670891 
cellsize      50             
NODATA_value  -9999.00       
[rows 0 to 26 of 32, columns 183 to 243 of 539]
87.60 76.63 249.05 0.00 381.28 377.56 378.60 331.38 273.36 81.15-9999.00-9999.00-9999.00-9999.00-9999.00-9999.00-9999.00-9999.00-9999.00-9999.00-9999.00-9999.00-9999.00 -9999.00-9999.00-9999.00-9999.00-9999.00-9999.00-9999.00-9999.00-9999.00-9999.00-9999.00 84.99 189.76 378.83 88.07 379.66 81.30 87.55 92.23 83.32-9999.00-9999.00-9999.00-9999.00-9999.00-9999.00-9999.00-9999.00-9999.00-9999.00-9999.00-9999.00-9999.00-9999.00-9999.00-9999.00-9999.00-9999.00-9999.00-9999.00-9999.00-9999.00-9999.00-9999.00-9999.00-9999.00-9999.00-9999.00-9999.00-9999.00-9999.00-9999.00-9999.00-9999.00-9999.00-9999.00-9999.00-9999.00-9999.00-9999.00-9999.00-9999.00-9999.00-9999.00-9999.00-9999.00-9999.00-9999.00-9999.00-9999.00-9999.00-9999.00-9999.00-9999.00-9999.00-9999.00-9999.00-9999.00-9999.00-9999.00-9999.00-9999.00-9999.00-9999.00-9999.00-9999.00-9999.00-9999.00-9999.00-9999.00-9999.00-9999.00-9999.00-9999.00-9999.00-9999.00-9999.00-9999.00-9999.00-9999.00-9999.00-9999.00-9999.00-9999.00-9999.00-9999.00-9999.00-9999.00-9999.00-9999.00-9999.00-9999.00-9999.00-9999.00 78.71 123.29 225.04 378.27 380.00 288.86 76.63 85.94 76.56 184.65 88.30 0.00 84.90 199.89 82.64 198.59 83.70 88.51-9999.00-9999.00-9999.00-9999.00-9999.00-9999.00-9999.00-9999.00-9999.00-9999.00-9999.00-9999.00-9999.00 -9999.00-9999.00-9999.00-9999.00-9999.00-9999.00-9999.00-9999.00-9999.00-9999.00 214.65 140.77 80.73 381.14 100.46 378.69 305.49 78.09 141.29 222.96 114.10-9999.00-9999.00-9999.00-9999.00-9999.00-9999.00-9999.00-9999.00-9999.00-9999.00-9999.00-9999.00-9999.00-9999.00-9999.00-9999.00-9999.00-9999.00-9999.00-9999.00-9999.00-9999.00-9999.00-9999.00-9999.00-9999.00-9999.00-9999.00-9999.00-9999.00-9999.00-9999.00-9999.00-9999.00-9999.00-9999.00-9999.00-9999.00-9999.00-9999.00-9999.00-9999.00-9999.00-9999.00-9999.00-9999.00-9999.00-9999.00-9999.00-9999.00-9999.00-9999.00-9999.00-9999.00-9999.00-9999.00-9999.00-9999.00-9999.00-9999.00-9999.00-9999.00-9999.00-9999.00-9999.00-9999.00-9999.00-9999.00-9999.00-9999.00-9999.00-9999.00-9999.00-9999.00-9999.00-9999.00-9999.00-9999.00-9999.00-9999.00-9999.00-9999.00-9999.00-9999.00-9999.00-9999.00-9999.00-9999.00-9999.00-9999.00-9999.00-9999.00-9999.00 77.63 122.76 375.74 79.20 79.56 159.28 86.12 76.56 136.07 221.59 358.06
194.06 377.11 153.15 91.96 379.21 76.88 86.02 115.32 87.33 86.51 87.47 76.92 151.50 0.00 235.16 76.58 159.62 85.69 76.72 127.53 135.46 77.72 76.58 88.04 86.84 85.21 78.56 76.61 0.00 216.07 78.42 82.64 377.25 0.00 270.40 247.26 378.33 369.36 76.72 88.68-9999.00-9999.00-9999.00 -9999.00-9999.00-9999.00-9999.00-9999.00-9999.00-9999.00-9999.00-9999.00-9999.00-9999.00-9999.00-9999.00-9999.00-9999.00 84.82 77.03 271.52 375.41 76.50 0.00 354.67 372.71 137.54 82.25-9999.00-9999.00-9999.00-9999.00-9999.00-9999.00-9999.00-9999.00-9999.00-9999.00-9999.00-9999.00-9999.00-9999.00-9999.00-9999.00-9999.00-9999.00-9999.00-9999.00-9999.00-9999.00-9999.00-9999.00-9999.00-9999.00-9999.00-9999.00-9999.00-9999.00-9999.00-9999.00-9999.00-9999.00-9999.00-9999.00-9999.00-9999.00-9999.00-9999.00 124.46 184.71 93.58 87.23-9999.00-9999.00-9999.00-9999.00 78.71 124.31 371.79 377.33 86.25 381.37
134.61 78.17 79.56 90.00 89.46 0.00 0.00 0.00 0.00 0.00 358.25 134.05 92.22 0.00 0.00 0.00 222.63 119.84 77.09 78.05 0.00 84.08 77.09 79.96 112.92 0.00 79.37 91.16 84.08 0.00 376.89 181.50 124.46 376.42 260.03 118.96 79.37 89.03 100.65-9999.00-9999.00-9999.00-9999.00-9999.00 -9999.00-9999.00-9999.00-9999.00-9999.00-9999.00-9999.00-9999.00-9999.00-9999.00-9999.00-9999.00 76.44 146.63 371.05 76.21 255.14 0.00 81.30 84.31 84.49 87.55 78.74 380.66 126.66 81.01 293.07 199.95 85.93 227.24 190.15-9999.00-9999.00-9999.00-9999.00-9999.00-9999.00-9999.00-9999.00-9999.00-9999.00-9999.00-9999.00-9999.00-9999.00-9999.00-9999.00-9999.00-9999.00-9999.00-9999.00-9999.00-9999.00 78.86 102.64
78.29 216.20 380.73 419.11 79.76 96.42 146.29 79.37 199.30 377.47 87.89 121.69 0.00 123.37 88.35 98.91 342.24 88.68 86.25 344.32 375.01 77.15 125.28 0.00 81.15 87.60 88.85 89.21 162.13 87.47 81.42 0.00 372.70 77.22 158.09 316.22 76.72 97.70 92.22 78.05 136.89 77.45 118.16 376.71 376.92 368.72 208.20 87.60 77.63 77.93 79.03 79.76 90.22 82.32 77.54 121.65 86.51 126.12 0.00 0.00 0.00
227.15 77.72 85.61 77.37 95.99 87.74 84.73 119.34 385.07 80.18 85.85 78.17 86.02 84.48 382.94 375.32 96.42 79.03 79.03 380.59 233.94 85.15 92.89 89.21 81.42 378.27 132.76 84.90 84.34 76.92 143.05 78.42 120.58 384.91 365.79 147.19 219.51 0.00 375.91 337.27 193.56 99.89 394.08 354.49 160.46 85.33-9999.00-9999.00-9999.00-9999.00-9999.00-9999.00-9999.00-9999.00-9999.00-9999.00 -9999.00-9999.00-9999.00-9999.00-9999.00-9999.00-9999.00-9999.00-9999.00 375.69 88.07 252.60 85.93 86.27 82.59 140.97 77.95 129.78 117.18 0.00 78.74 77.33 83.55
344.31 140.17 87.33 89.59 92.89 84.85 158.29 115.81 76.72 152.10 360.19 80.41 375.98 92.22 0.00 376.74 136.41 0.00 376.39 376.04 84.12 82.98 303.83 81.42 84.90 375.37 80.64 91.16-9999.00-9999.00-9999.00-9999.00-9999.00-9999.00-9999.00-9999.00-9999.00 -9999.00-9999.00-9999.00 86.43 355.68 389.51 377.50 78.74 84.90 77.56 404.37 125.15 133.57 86.95 86.95 378.31 78.92 76.27 122.08 157.25 0.00 380.73 378.55 350.69 77.44 82.25 87.23 82.59 380.38 86.95 84.68 376.87 86.53 87.08 381.11
168.32 117.46 85.94 87.60 78.05 76.63 161.20 359.78 376.78 77.09 76.61 115.64 387.46 382.91 0.00 90.74 109.64 118.43 109.64 185.38 121.21 378.00 377.55 351.72 79.96 382.14 406.46 81.15 86.25 228.98-9999.00-9999.00-9999.00-9999.00-9999.00-9999.00-9999.00 -9999.00-9999.00-9999.00-9999.00 184.91 375.70 93.45 85.81 381.02 78.92 380.87 89.96 76.70 117.57 91.76 76.29 127.81 389.19 75.98 0.00 121.94 89.96 376.46 119.56 78.92 329.01 77.44 84.54 82.25 115.47 134.70 0.00 140.33 95.11
114.77 252.23 84.48 385.97 81.42 86.84 79.03 142.29 302.35 77.37 117.76 391.48 0.00 233.56 85.78 278.40 101.57 93.99 111.61 378.89 267.74 245.89 381.90 380.11 385.39 140.09 79.37 94.73 82.01 77.45-9999.00-9999.00-9999.00-9999.00-9999.00-9999.00-9999.00 -9999.00-9999.00-9999.00-9999.00-9999.00-9999.00 95.11 241.04 84.31 77.56 0.00 76.08 85.81 83.92 76.13 378.90 85.32 119.74 0.00 76.34 83.59 76.39 137.80 76.03 84.16 90.90 77.03 130.89 314.62 85.14 114.90 0.00 119.31 81.30 85.92 78.40
280.54 98.98 380.93 104.60 214.55 88.14 99.38 87.16 372.10 77.93 88.51 380.16 277.19 121.68 83.33 86.25-9999.00-9999.00-9999.00-9999.00-9999.00-9999.00-9999.00-9999.00 -9999.00-9999.00-9999.00-9999.00-9999.00-9999.00-9999.00-9999.00-9999.00 85.32 76.86 0.00 78.09 76.34 152.76 0.00 145.61 115.07 186.52 117.16 78.92 76.78 376.20 209.13 88.07 76.13 161.44 169.30 80.22 91.76 378.62 0.00 376.53 226.33 83.82 86.80 77.95 224.70 76.63 0.00 121.20 0.00 95.95 384.75 115.79 85.93 76.56 378.74 375.88 85.45 89.66 86.15 84.55
134.50 386.77 77.68 84.98 79.75 204.57 86.80 76.34 0.00 152.65 133.80 75.98 379.06 245.03 375.79 115.97 80.73 86.80 88.23 121.66 86.40 88.67 94.65 83.71 82.25 89.30 258.60 90.67 378.77 80.22 97.76 89.96 147.10 190.85 227.33 184.56 76.56 84.03 79.56 0.00 76.53 77.72 378.65 375.56 76.92 93.58 84.99 130.80 116.16 310.74 379.11 0.00 273.37 371.74 143.14 93.99 88.35 84.48 87.76 117.43 97.28
98.67 392.89 86.43 94.65 81.60 180.05 85.14 75.95 335.97 376.44 0.00 92.23 87.88 141.96 77.33 252.09 338.79 86.25 80.18 76.97 118.13 140.37 313.36 0.00 77.15 92.89 139.94 90.08 77.72 377.82 391.50 377.85 376.64 270.17 82.01 343.26 85.33 88.19 76.75 86.12 90.67 84.85 76.75 229.65 78.56 0.00 195.18 79.03 80.64 87.89 378.34 226.22 130.10 76.88 86.31 212.91 88.68 85.85 77.29 142.90 225.68
79.20 169.29 140.18 96.85 85.10 76.75 360.21 382.19 118.16 86.73 78.29 123.74 379.48 0.00 286.77 173.69 126.49 76.52 86.12 79.37 171.65 259.71 85.61 88.04 87.74 378.78 89.40 344.72 84.48 336.69 85.33 372.66 85.78 153.13 380.16 377.32 0.00 0.00 375.09 115.91 198.64 383.19 81.27 99.89 95.31 90.90 92.37 115.77 365.15 87.72 377.92 76.63 91.68 117.95 343.52 275.78 83.33-9999.00-9999.00-9999.00-9999.00-9999.00-9999.00-9999.00-9999.00-9999.00-9999.00 -9999.00-9999.00-9999.00-9999.00-9999.00-9999.00-9999.00-9999.00-9999.00 76.34 118.77 387.22
106.71 363.16 127.58 379.42 180.94 77.99 87.22 98.11 229.94 77.93 76.54 76.57 76.54 86.62 355.20 190.33 79.37-9999.00-9999.00-9999.00-9999.00-9999.00-9999.00-9999.00-9999.00-9999.00-9999.00-9999.00-9999.00-9999.00 -9999.00-9999.00-9999.00-9999.00-9999.00-9999.00-9999.00-9999.00-9999.00 86.43 341.27 371.72 77.68 77.22 378.90 123.38 81.30 380.05 383.87 0.00 337.59 84.12 0.00 77.03 247.23 133.07 100.74 89.22 76.34 0.00 164.77 87.55 86.80 120.87 383.23 145.27 135.20 79.12 76.13 142.30 0.00 76.56 85.06 84.54 164.35 375.93 86.27 389.99 86.27 78.57 380.73 80.22
0.00 295.72 136.07 76.01 88.67 265.69 379.28 77.68 0.00 79.98 87.08 86.66 89.89 75.94 129.28 76.63 132.49 0.00 78.92 76.94 156.64 0.00 140.04 77.22 153.81 77.68 205.77 77.44 85.83 82.98 88.68 89.03 77.22 151.63 88.19 88.19 82.98 0.00 367.77 375.60 0.00 78.05 80.64 386.32 288.03 380.59 202.28 0.00 250.40 87.23 371.59 90.22 103.46 77.15 86.51 79.03 379.59 92.56 85.78 80.64 373.02
377.13 79.56 77.09 352.41 371.45 83.33 381.44 77.45 86.96 89.59 77.83 377.66 378.16 380.50 0.00 376.13 379.32 216.66 142.75 87.60 136.24 79.56 87.74 170.01 90.74 76.57 383.09 77.63 376.28 77.09 76.88 375.61 273.50 87.23-9999.00-9999.00-9999.00-9999.00-9999.00-9999.00-9999.00-9999.00-9999.00-9999.00-9999.00-9999.00-9999.00-9999.00 -9999.00-9999.00-9999.00-9999.00-9999.00-9999.00-9999.00-9999.00-9999.00-9999.00-9999.00-9999.00-9999.00-9999.00-9999.00 356.46 91.76 93.12 98.67 83.32 377.26 88.23 85.51 75.94 0.00 86.72 117.31 122.52 371.63 380.88 115.24 82.25 83.55 76.63 378.74 0.00 79.12 83.58 76.08 234.80 0.00
90.90 81.60 143.66 377.41 377.38 76.44 383.71 79.75 97.25 0.00 76.34 84.21 85.06 85.60 169.06 152.48 104.93 225.23 127.94 352.49 100.60 236.98 380.62 377.55 137.74 87.23 242.24 77.93 81.71 330.44 84.48 197.10 86.96 86.25 394.15 82.64 201.22 95.99 376.98 79.37 80.89 80.41 90.00 77.09 148.24 250.85 207.60 0.00 138.23 89.59 79.76 321.00 219.51 0.00 382.96 375.32 309.32 143.37 79.37 76.52 84.40
92.07 131.31 82.25 379.59 80.22 157.04 76.78 122.59 164.03 395.55 80.22 136.14 0.00 89.12 375.65 87.08 76.94 98.29 376.68 0.00 135.43 84.95 78.79 90.92 223.58 77.44 151.30 143.40 78.24 81.92 132.39 241.98 381.41 93.95 79.56 390.94 204.49 88.30 88.87 376.23 345.87 379.41 0.00 83.33 85.85 92.26 93.23 79.20 90.00 246.89 284.12 86.73 88.30 80.64 376.56 380.84 124.76 87.33 84.90 79.03 118.48
77.33 95.07 378.36 77.68 76.94 277.60 78.74 159.55 94.08 139.75 0.00 273.63 76.56 82.92 323.86 80.47 86.95 79.98 169.20 381.29 130.27 384.21 84.12 378.86 102.72 135.78 79.98 375.46 80.73 0.00 122.18 143.64 85.78 87.76 393.62 397.95 88.87 122.55 87.22 290.10 80.64 379.84 78.05 109.64 90.00 80.18 379.10 399.36 257.47 141.51 76.88 245.26 77.29 140.57 375.95 92.56 81.15 125.76 377.39 85.78 87.23
91.22 80.54 81.82 369.07 238.67 102.72 88.42 91.46 98.29 205.98 107.68 82.59 375.33 377.01 0.00 205.77 214.65 394.59 379.62 158.53 389.39 378.05 377.83 238.78 375.36 92.22 257.66 181.03 315.45 0.00 0.00 87.76 0.00 131.87 225.78 84.48 217.94 76.83 82.01 77.54 374.37 376.82 417.04 386.83 76.75 179.45 379.19 0.00 87.76 377.08 86.73 0.00 375.57 88.14 76.83 76.52 85.77 0.00 0.00 377.76 82.01
0.00 0.00 252.28 100.84 260.62 91.38 95.50 98.91 103.58 82.64 91.41 88.87 82.64 76.66 80.18 132.02 84.08 97.28 91.41 78.17 85.47 170.55 78.29 77.15 116.07 223.81 0.00 377.27 366.18 142.09 88.01 194.93 84.08 77.83 186.91 0.00 216.35 173.11 117.85 84.90 89.40 83.33 123.32 356.55 89.40-9999.00-9999.00-9999.00-9999.00-9999.00-9999.00-9999.00-9999.00-9999.00-9999.00-9999.00-9999.00-9999.00-9999.00-9999.00-9999.00-9999.00-9999.00-9999.00 -9999.00-9999.00-9999.00-9999.00-9999.00-9999.00-9999.00-9999.00-9999.00-9999.00-9999.00-9999.00-9999.00-9999.00-9999.00-9999.00-9999.00-9999.00-9999.00-9999.00-9999.00-9999.00-9999.00 87.77 103.20 164.98 376.36 380.64 83.32 91.46 85.81 77.12 164.17 137.46 306.25 234.38 89.30 353.77
135.39 79.56 371.59 83.33 85.33 93.95 78.86 201.73 84.08 378.69 78.29 86.84 84.33 120.74 376.91 0.00 152.20 76.52 84.61 375.23 76.20 85.69 84.85 93.23 0.00 121.66 227.58 128.23 77.63 374.02 184.99 117.94 96.03-9999.00-9999.00-9999.00-9999.00-9999.00-9999.00-9999.00-9999.00-9999.00-9999.00-9999.00-9999.00-9999.00-9999.00-9999.00-9999.00-9999.00-9999.00-9999.00-9999.00 -9999.00-9999.00-9999.00-9999.00-9999.00-9999.00-9999.00-9999.00-9999.00-9999.00-9999.00-9999.00-9999.00-9999.00-9999.00-9999.00-9999.00-9999.00 110.37-9999.00 92.39 85.93 296.02 79.98 78.09 385.01 390.68 95.07 79.98 376.28 0.00 378.74 94.23 77.56 80.47 121.44 368.21 0.00 379.96 376.57 94.08 107.11 328.67 316.87 378.19 86.43
82.98 378.56 382.30 352.73 0.00 0.00 383.29 377.29 313.75 89.59 94.13 245.39 378.33 184.29 120.28 281.17 79.56 88.19 0.00 84.60 276.56 223.34 84.08-9999.00-9999.00-9999.00-9999.00-9999.00-9999.00-9999.00-9999.00-9999.00-9999.00-9999.00-9999.00-9999.00-9999.00-9999.00-9999.00-9999.00-9999.00-9999.00-9999.00-9999.00-9999.00-9999.00-9999.00 -9999.00-9999.00-9999.00-9999.00-9999.00-9999.00-9999.00-9999.00-9999.00-9999.00-9999.00-9999.00-9999.00-9999.00-9999.00-9999.00-9999.00 89.66 91.76 81.92 388.22 384.67 90.67 389.78 386.34 388.40 98.29 99.12 91.46 172.13 93.83 77.12 387.09 136.54 93.45 86.43 0.00 377.18 0.00 240.12 375.01 376.62 286.98 287.00 375.74 123.09 375.24 157.24 375.03 375.89 115.55 97.25 379.70 97.25
252.25 381.89 244.64 0.00 0.00 378.93 312.65 137.77 265.71 228.46 320.44 358.04 0.00 219.65 335.01 91.39 95.84 105.71 89.61 90.72 375.23 90.67 92.23 375.32 375.61 203.60 108.39 383.69 162.40 210.91 186.05 137.77 381.60 266.99 372.94 375.38 0.00 327.52 327.52 378.21 380.44 327.54 376.28 312.49 377.04 0.00 0.00 376.04 378.73 383.67 375.90 375.42 89.12 238.35 86.43 94.23 85.93 377.56 85.45 90.90 76.56
118.44 175.35 377.06 331.41 163.52 137.70 79.56 87.76 77.22 87.33 116.81 140.33 133.10 90.93 375.19 77.93 140.27 141.85-9999.00-9999.00-9999.00-9999.00-9999.00-9999.00-9999.00-9999.00-9999.00-9999.00-9999.00-9999.00-9999.00-9999.00-9999.00-9999.00-9999.00-9999.00-9999.00-9999.00-9999.00 -9999.00-9999.00-9999.00-9999.00-9999.00-9999.00-9999.00-9999.00-9999.00-9999.00-9999.00-9999.00-9999.00-9999.00-9999.00-9999.00-9999.00-9999.00-9999.00-9999.00-9999.00-9999.00-9999.00-9999.00-9999.00-9999.00-9999.00-9999.00-9999.00-9999.00 79.32 379.85 379.76 91.42 378.27 106.52 370.69 375.92 358.62 377.32 377.33 376.65 376.67 0.00 266.99 0.00 327.52 377.41 186.29 0.00 417.65 415.07 384.88 389.53 389.26 387.99 78.63 95.81 81.85 87.90 94.17 85.00 88.46 85.43 121.03 192.97 227.91 116.48 115.31 375.83 178.97 178.97
317.00 161.93 126.95 155.84 340.16 98.95 89.44 268.95 272.06 85.88 81.57 80.14 134.72 85.88 84.19 78.15 376.69 118.65 358.20 91.69 98.67 97.68 379.76 100.20 379.35 80.14 90.43 79.22 93.12 383.92 99.77 378.91 88.87 383.30 81.35-9999.00-9999.00-9999.00-9999.00-9999.00-9999.00-9999.00-9999.00-9999.00-9999.00-9999.00-9999.00-9999.00-9999.00-9999.00-9999.00-9999.00-9999.00-9999.00-9999.00-9999.00-9999.00 -9999.00-9999.00-9999.00-9999.00-9999.00-9999.00-9999.00-9999.00-9999.00-9999.00-9999.00-9999.00-9999.00-9999.00-9999.00-9999.00-9999.00-9999.00-9999.00-9999.00-9999.00-9999.00-9999.00-9999.00-9999.00-9999.00-9999.00-9999.00-9999.00-9999.00-9999.00-9999.00-9999.00 259.67 243.08 201.75 361.84 376.93 377.31 376.72 375.66 376.69 377.36 375.00 375.00 353.03 375.30 0.00 325.63 378.89 330.34 375.98 377.07 258.39 379.82 381.93 377.38 330.34
82.76 95.81 93.53 136.45-9999.00-9999.00-9999.00-9999.00-9999.00-9999.00-9999.00-9999.00-9999.00-9999.00-9999.00-9999.00-9999.00-9999.00-9999.00-9999.00-9999.00-9999.00-9999.00-9999.00-9999.00-9999.00 -9999.00-9999.00-9999.00-9999.00-9999.00-9999.00-9999.00-9999.00-9999.00-9999.00-9999.00-9999.00-9999.00-9999.00-9999.00-9999.00-9999.00-9999.00-9999.00-9999.00-9999.00-9999.00-9999.00-9999.00-9999.00-9999.00-9999.00-9999.00-9999.00-9999.00-9999.00-9999.00-9999.00-9999.00-9999.00-9999.00-9999.00-9999.00-9999.00-9999.00-9999.00-9999.00-9999.00-9999.00-9999.00 375.28 374.10 375.12 0.00 296.53 375.34 325.60 375.84 227.91 0.00 376.30 375.00 296.53 375.34 330.34 296.53 377.15 375.00 0.00 290.10 318.30 375.65 378.16 253.34 380.54 323.33 375.98 232.66 388.93 375.40 375.11 299.81 382.68 258.39 0.00 0.00 0.00 379.15 232.66 277.96 0.00 375.31 373.08 375.10 288.10 197.01 0.00 0.00 0.00 0.00 0.00 0.00 0.00 125.89 86.84 84.70
101.84 376.80 293.58 84.19 380.54 148.54 80.14 384.62 166.93 83.81 378.99 379.11 256.72 86.85 87.90 386.15 94.34 202.68 380.66 368.03 82.66-9999.00-9999.00-9999.00-9999.00-9999.00-9999.00-9999.00-9999.00-9999.00-9999.00-9999.00-9999.00-9999.00-9999.00-9999.00-9999.00-9999.00-9999.00 -9999.00-9999.00-9999.00-9999.00-9999.00-9999.00-9999.00-9999.00-9999.00-9999.00-9999.00-9999.00-9999.00-9999.00-9999.00-9999.00-9999.00-9999.00-9999.00-9999.00-9999.00-9999.00-9999.00-9999.00-9999.00-9999.00-9999.00-9999.00-9999.00-9999.00-9999.00-9999.00-9999.00-9999.00-9999.00-9999.00-9999.00-9999.00-9999.00-9999.00-9999.00-9999.00-9999.00-9999.00-9999.00-9999.00-9999.00-9999.00-9999.00-9999.00-9999.00 272.77 253.34 0.00 296.53 375.66 325.60 378.46 370.47 232.66 0.00 258.39 380.95 330.47 0.00 376.22 375.24 0.00 296.52 0.00 375.00 296.52 296.53 375.47 330.34 375.31 296.52 0.00 296.53 375.00 325.63 0.00 253.34 374.10 378.37 377.43 377.11 384.53 376.82 230.05
