蒙特卡罗+CDRMV3/输出数据/2D水深分布/WaterDepthGIS_0163.ASC
ncols         539            
nrows         744            
xllcorner     602630.84259341
yllcorner     3914823.670891 
cellsize      50             
NODATA_value  -9999.00       
[rows 0 to 26 of 32, columns 61 to 121 of 539]
72.28-9999.00-9999.00-9999.00-9999.00-9999.00-9999.00-9999.00-9999.00-9999.00-9999.00-9999.00-9999.00-9999.00-9999.00-9999.00-9999.00 -9999.00-9999.00-9999.00-9999.00-9999.00-9999.00-9999.00-9999.00-9999.00-9999.00-9999.00-9999.00-9999.00-9999.00-9999.00-9999.00-9999.00-9999.00-9999.00-9999.00-9999.00-9999.00-9999.00-9999.00-9999.00-9999.00-9999.00-9999.00-9999.00-9999.00-9999.00-9999.00-9999.00-9999.00-9999.00-9999.00-9999.00-9999.00-9999.00-9999.00-9999.00-9999.00-9999.00-9999.00-9999.00-9999.00-9999.00-9999.00-9999.00-9999.00-9999.00-9999.00-9999.00-9999.00-9999.00-9999.00-9999.00-9999.00-9999.00-9999.00-9999.00-9999.00-9999.00-9999.00-9999.00-9999.00-9999.00-9999.00-9999.00-9999.00-9999.00-9999.00-9999.00-9999.00-9999.00-9999.00-9999.00-9999.00-9999.00-9999.00-9999.00-9999.00-9999.00-9999.00-9999.00-9999.00-9999.00-9999.00-9999.00-9999.00-9999.00-9999.00-9999.00-9999.00-9999.00-9999.00-9999.00-9999.00-9999.00-9999.00-9999.00-9999.00-9999.00-9999.00-9999.00-9999.00-9999.00-9999.00-9999.00-9999.00-9999.00-9999.00-9999.00-9999.00-9999.00-9999.00-9999.00-9999.00-9999.00-9999.00 82.68 87.05 72.24 381.47 86.58 379.95 125.62 72.37 72.92 83.98-9999.00-9999.00-9999.00-9999.00-9999.00-9999.00-9999.00-9999.00-9999.00-9999.00-9999.00-9999.00-9999.00-9999.00-9999.00 -9999.00-9999.00-9999.00-9999.00-9999.00-9999.00-9999.00-9999.00-9999.00-9999.00-9999.00-9999.00-9999.00-9999.00-9999.00-9999.00-9999.00-9999.00-9999.00-9999.00-9999.00-9999.00-9999.00-9999.00-9999.00-9999.00-9999.00-9999.00-9999.00-9999.00-9999.00-9999.00-9999.00-9999.00-9999.00-9999.00-9999.00-9999.00-9999.00-9999.00-9999.00-9999.00-9999.00-9999.00-9999.00-9999.00-9999.00-9999.00-9999.00-9999.00-9999.00-9999.00-9999.00-9999.00-9999.00-9999.00-9999.00-9999.00-9999.00-9999.00-9999.00-9999.00-9999.00-9999.00-9999.00-9999.00-9999.00-9999.00-9999.00-9999.00-9999.00-9999.00-9999.00-9999.00-9999.00-9999.00-9999.00-9999.00-9999.00-9999.00-9999.00-9999.00-9999.00-9999.00-9999.00-9999.00-9999.00-9999.00-9999.00-9999.00-9999.00-9999.00-9999.00-9999.00-9999.00-9999.00-9999.00-9999.00-9999.00-9999.00-9999.00-9999.00-9999.00-9999.00-9999.00-9999.00-9999.00-9999.00-9999.00-9999.00-9999.00-9999.00-9999.00-9999.00-9999.00-9999.00-9999.00-9999.00-9999.00 79.36 72.50 83.80 72.63 384.78 379.21 83.46 95.70 75.91 153.61 141.78 94.19-9999.00-9999.00-9999.00-9999.00-9999.00-9999.00-9999.00-9999.00-9999.00-9999.00-9999.00-9999.00-9999.00-9999.00 -9999.00-9999.00-9999.00-9999.00-9999.00-9999.00-9999.00-9999.00-9999.00-9999.00-9999.00-9999.00-9999.00-9999.00-9999.00-9999.00-9999.00-9999.00-9999.00-9999.00-9999.00-9999.00-9999.00-9999.00-9999.00-9999.00-9999.00-9999.00-9999.00-9999.00-9999.00-9999.00-9999.00-9999.00-9999.00-9999.00-9999.00-9999.00-9999.00-9999.00-9999.00-9999.00-9999.00-9999.00-9999.00-9999.00-9999.00-9999.00-9999.00-9999.00-9999.00-9999.00-9999.00-9999.00-9999.00-9999.00-9999.00-9999.00-9999.00-9999.00-9999.00-9999.00-9999.00-9999.00-9999.00-9999.00-9999.00-9999.00-9999.00-9999.00-9999.00-9999.00-9999.00-9999.00-9999.00-9999.00-9999.00-9999.00-9999.00-9999.00-9999.00-9999.00-9999.00-9999.00-9999.00-9999.00-9999.00-9999.00-9999.00-9999.00-9999.00-9999.00-9999.00-9999.00-9999.00-9999.00-9999.00-9999.00-9999.00-9999.00-9999.00-9999.00-9999.00-9999.00-9999.00-9999.00-9999.00-9999.00-9999.00-9999.00-9999.00-9999.00-9999.00-9999.00-9999.00-9999.00-9999.00-9999.00-9999.00 72.12 175.87 73.34 124.94 73.25 0.00 72.50 74.59 379.25 235.73 111.43 89.67-9999.00-9999.00-9999.00-9999.00-9999.00-9999.00-9999.00-9999.00-9999.00-9999.00-9999.00-9999.00-9999.00-9999.00 -9999.00-9999.00-9999.00-9999.00-9999.00-9999.00-9999.00-9999.00-9999.00-9999.00-9999.00-9999.00-9999.00-9999.00-9999.00-9999.00-9999.00-9999.00-9999.00-9999.00-9999.00-9999.00-9999.00-9999.00-9999.00-9999.00-9999.00-9999.00-9999.00-9999.00-9999.00-9999.00-9999.00-9999.00-9999.00-9999.00-9999.00-9999.00-9999.00-9999.00-9999.00-9999.00-9999.00-9999.00-9999.00-9999.00-9999.00-9999.00-9999.00-9999.00-9999.00-9999.00-9999.00-9999.00-9999.00-9999.00-9999.00-9999.00-9999.00-9999.00-9999.00-9999.00-9999.00-9999.00-9999.00-9999.00-9999.00-9999.00-9999.00-9999.00-9999.00-9999.00-9999.00-9999.00-9999.00-9999.00-9999.00-9999.00-9999.00-9999.00-9999.00-9999.00-9999.00-9999.00-9999.00-9999.00-9999.00-9999.00-9999.00-9999.00-9999.00-9999.00-9999.00-9999.00-9999.00-9999.00-9999.00-9999.00-9999.00-9999.00-9999.00-9999.00-9999.00-9999.00-9999.00-9999.00-9999.00-9999.00-9999.00-9999.00-9999.00-9999.00-9999.00-9999.00-9999.00-9999.00-9999.00-9999.00 80.24 72.18 109.04 376.68 91.04 75.69 0.00 72.37 375.97 80.79 81.05 82.01 91.98-9999.00-9999.00-9999.00-9999.00-9999.00-9999.00-9999.00-9999.00-9999.00-9999.00-9999.00-9999.00-9999.00-9999.00 -9999.00-9999.00-9999.00-9999.00-9999.00-9999.00-9999.00-9999.00-9999.00-9999.00-9999.00-9999.00-9999.00-9999.00-9999.00-9999.00-9999.00-9999.00-9999.00-9999.00-9999.00-9999.00-9999.00-9999.00-9999.00-9999.00-9999.00-9999.00-9999.00-9999.00-9999.00-9999.00-9999.00-9999.00-9999.00-9999.00-9999.00-9999.00-9999.00-9999.00-9999.00-9999.00-9999.00-9999.00-9999.00-9999.00-9999.00-9999.00-9999.00-9999.00-9999.00-9999.00-9999.00-9999.00-9999.00-9999.00-9999.00-9999.00-9999.00-9999.00-9999.00-9999.00-9999.00-9999.00-9999.00-9999.00-9999.00-9999.00-9999.00-9999.00-9999.00-9999.00-9999.00-9999.00-9999.00-9999.00-9999.00-9999.00-9999.00-9999.00-9999.00-9999.00-9999.00-9999.00-9999.00-9999.00-9999.00-9999.00-9999.00-9999.00-9999.00-9999.00-9999.00-9999.00-9999.00-9999.00-9999.00-9999.00-9999.00-9999.00-9999.00-9999.00-9999.00-9999.00-9999.00-9999.00-9999.00-9999.00-9999.00-9999.00-9999.00-9999.00-9999.00-9999.00-9999.00-9999.00-9999.00 74.76 80.18 112.37 149.80 76.37 356.87 0.00 0.00
73.54 111.22 228.58 377.69 75.69 73.65 372.07 97.57 0.00 72.92 82.54 89.81 74.44 397.15 377.39 409.09 74.02 379.29 129.46 74.15-9999.00-9999.00-9999.00 -9999.00-9999.00-9999.00-9999.00-9999.00-9999.00-9999.00-9999.00-9999.00-9999.00-9999.00-9999.00-9999.00-9999.00-9999.00 72.72 229.86 80.61 74.32 107.57 0.00 291.91 152.83 73.18-9999.00-9999.00-9999.00-9999.00-9999.00-9999.00-9999.00-9999.00-9999.00-9999.00-9999.00-9999.00-9999.00-9999.00-9999.00-9999.00-9999.00-9999.00-9999.00-9999.00-9999.00-9999.00-9999.00-9999.00-9999.00-9999.00-9999.00-9999.00-9999.00-9999.00-9999.00-9999.00-9999.00-9999.00-9999.00-9999.00-9999.00-9999.00-9999.00-9999.00-9999.00-9999.00-9999.00-9999.00-9999.00-9999.00-9999.00-9999.00-9999.00-9999.00-9999.00-9999.00 77.16 77.16 375.88 378.42 87.32 84.36 85.90 75.69-9999.00-9999.00-9999.00-9999.00-9999.00-9999.00-9999.00-9999.00 72.66 122.92 367.77 286.04 78.76 319.09 117.42 75.69 378.66 246.46 74.15 183.75 113.41 82.40 173.57 243.66 73.65 77.16 72.92 122.16 114.31 112.63 0.00
102.33 84.75 76.37 378.66 132.60 76.62-9999.00 74.76 163.49 72.85 286.37 74.02 80.07 72.45 382.61 75.91 144.19 94.10 87.32 80.30 81.66 72.45 179.94 80.35 0.00 116.63 72.66 73.07 318.07 72.99 0.00 0.00 0.00 76.62 74.15 73.54 0.00 376.89 298.93 0.00 0.00 0.00 0.00 0.00 0.00 0.00 116.20 79.52 85.61 208.86 0.00 377.64 376.91 90.64 140.71 75.29 172.81 85.61 85.83-9999.00-9999.00-9999.00-9999.00-9999.00 -9999.00-9999.00-9999.00-9999.00-9999.00-9999.00-9999.00-9999.00-9999.00-9999.00-9999.00-9999.00 72.45 227.66
176.41 377.40 84.75 85.17 89.67 74.44 378.38 138.43 85.83 82.54 360.35 0.00 131.28 85.25 84.00 73.16 365.26 77.75 377.27 74.93 183.99 0.00 375.48 163.54 72.92 81.14 72.12 72.71 137.63 370.85 0.00 169.70 230.81 131.69 72.99 85.83 81.24 80.35 75.49 72.25 122.40 116.28 78.40 110.73 380.34 74.76 73.89 137.63 83.80 84.55 85.17 142.38 80.36 74.76 81.44 81.66 190.26 75.49 112.11 112.11 112.76
84.55 80.71 111.19 110.13 389.62 73.89 90.61 87.32 81.05 72.25 76.62 0.00 0.00 79.13 148.91 379.48 78.40 351.63 121.06 72.60 80.88 142.34 379.16 72.12 72.50 82.68 73.77 122.30 135.57 315.89 377.30 142.95 82.30 366.63 0.00 95.42 383.18 379.93 82.82 378.52 87.28 93.55-9999.00-9999.00-9999.00-9999.00-9999.00-9999.00-9999.00-9999.00-9999.00-9999.00-9999.00 -9999.00-9999.00-9999.00-9999.00-9999.00-9999.00-9999.00-9999.00-9999.00-9999.00 90.66 376.12 87.13 151.05 359.49 72.20 189.45 71.29 382.26 77.89 0.00 78.71 71.22 70.79 141.62 71.60 71.22 151.00
79.55 138.49 72.28 381.62 0.00 0.00 102.33 88.02 112.06 389.29 382.61 83.96 380.41 378.49 139.32 74.93 86.31-9999.00-9999.00-9999.00-9999.00-9999.00-9999.00-9999.00-9999.00-9999.00 -9999.00-9999.00-9999.00-9999.00 84.87 73.18 302.10 72.20 97.22 376.29 74.32 81.75 80.58 76.79 251.04 375.71 77.89 107.96 133.16 164.86 0.00 73.71 79.49 376.84 278.08 370.62 72.09 83.67 262.03 242.86 80.33 376.60 88.49 84.35 86.34 387.82 116.38 71.29 76.15 96.05 90.66 83.89 75.03 111.62 0.00 70.90 83.98
383.05 0.00 301.66 90.64 100.09 127.50 132.14 380.23 100.23 113.21 103.89 384.85 77.75 84.00 159.23 81.28-9999.00-9999.00-9999.00-9999.00-9999.00-9999.00-9999.00-9999.00 -9999.00-9999.00-9999.00 84.59 88.11 163.37 373.18 386.10 118.78 79.58 120.83 379.67 71.16 72.58 70.58 110.82 379.89 71.98 70.68 0.00 76.46 228.98 113.08 147.85 71.98 75.56 79.99 79.99 81.75 70.70 119.33 378.31 0.00 0.00 0.00 109.30 73.90 85.62 76.15 293.03 71.36 276.93 0.00 247.83 71.68 79.22 83.67
0.00 0.00 375.78 96.54 96.32 208.39 387.69 384.48 387.15 382.05 155.46 85.30 91.16 327.98 72.71 82.84 174.35 139.85 87.59-9999.00-9999.00-9999.00-9999.00-9999.00-9999.00 -9999.00-9999.00-9999.00-9999.00-9999.00-9999.00 131.35 70.86 236.06 0.00 80.10 128.00 71.68 74.32 118.86 169.34 81.92 71.60 0.00 162.86 70.64 159.06 81.43 156.23 163.04 76.79 71.60 377.67 73.90 80.10 70.66 0.00 139.75 70.95 82.84 71.00 376.20 76.46 378.12 71.43 71.36 0.00 142.63 70.76 73.52 248.09 381.80
379.49 379.29 377.80 73.54 79.92 82.68 72.78 176.94 75.49-9999.00-9999.00-9999.00-9999.00-9999.00-9999.00-9999.00 -9999.00-9999.00-9999.00-9999.00-9999.00-9999.00-9999.00-9999.00-9999.00 71.43 292.88 0.00 73.90 79.58 75.29 0.00 92.22 358.97 108.59 72.32 80.58 82.45 81.70 379.32 73.71 78.48 126.45 72.20 111.72 382.38 0.00 71.78 0.00 0.00 108.98 72.58 109.18 77.89 0.00 114.76 79.49 91.68 0.00 71.88 253.72 155.39 72.20 138.14 172.04 380.76 87.98 70.61 223.84 213.12 253.71 383.61 375.90 79.92 74.93 0.00
107.53 168.20 114.31 0.00 78.71 70.66 374.15 72.86 81.15 80.99 127.10 74.11 74.78 296.77 79.49 153.64 82.45 81.70 90.18 96.59 84.35 167.45 88.88 227.41 94.44 87.13 158.50 70.73 129.76 72.45 108.47 131.75 187.40 0.00 72.44 81.55 74.02 335.24 182.66 91.73 92.49 79.35 120.48 72.50 141.80 0.00 75.69 80.12 83.29 101.08 79.13 82.13 77.45 85.39 96.20 73.65 393.67 142.35 183.47 256.77 76.37
253.76 372.79 119.64 70.72 141.91 0.00 110.24 72.99 74.04 375.00 376.53 161.52 79.52 72.18 138.87 165.70 292.33 0.00 343.64 309.76 133.63 84.00 88.46 148.26 377.43 91.98 375.68 88.02 88.77 77.16 84.55 84.61 156.45 72.50 72.71 75.91 72.66 150.68 76.62 0.00 322.79 100.34 379.78 373.43 76.62 80.36 79.88 81.44 85.17 111.89 84.96 79.72 73.54 94.64 83.98 82.98 85.25 212.29 378.71 378.42 384.14
144.65 381.60 72.85 128.37 84.96 77.16 111.76 394.17 0.00 118.08 76.62 294.82 128.47 72.18 81.44 74.59 76.62 72.55 119.75 381.06 123.83 84.96 187.84 82.82 123.97 98.10 357.43 86.55 78.76 348.23 376.73 173.68 264.09 0.00 164.50 376.52 360.28 367.14 87.60 195.48 332.97 145.81 354.94 73.16 72.34 316.46 72.31 81.14 376.84 372.80 72.66 88.46-9999.00-9999.00-9999.00-9999.00-9999.00-9999.00-9999.00-9999.00-9999.00-9999.00 -9999.00-9999.00-9999.00-9999.00-9999.00-9999.00-9999.00-9999.00-9999.00 70.90 110.85 295.03 0.00 107.66 72.20 80.58 111.91
143.17 171.97 382.50 90.41 139.84 71.60 77.05 89.45 89.81 74.29 73.65 83.13 189.76 72.20 84.96 83.46-9999.00-9999.00-9999.00-9999.00-9999.00-9999.00-9999.00-9999.00-9999.00-9999.00-9999.00-9999.00-9999.00 -9999.00-9999.00-9999.00-9999.00-9999.00-9999.00-9999.00-9999.00-9999.00-9999.00 73.90 231.92 378.48 0.00 0.00 0.00 0.00 0.00 0.00 388.65 335.89 71.43 0.00 262.98 128.91 72.45 78.71 88.11 79.58 0.00 87.76 83.24 85.90 79.31 376.10 276.72 148.67 73.18 70.64 141.41 0.00 144.98 73.52 84.35 73.71 378.05 72.09 160.75 381.30 70.61 379.25 71.51 70.63 107.50
0.00 296.46 71.10 79.49 141.11 80.21 116.41 93.89 0.00 384.01 206.70 144.42 72.86 70.86 117.16 133.34 0.00 378.51 72.45 80.10 71.51 0.00 136.06 313.90 72.45 274.60 72.72 118.86 74.02 114.56 74.58 74.02 118.45 193.80 319.79 376.38 379.55 0.00 367.50 375.64 388.53 0.00 0.00 0.00 0.00 0.00 0.00 0.00 376.07 323.26 379.40 75.29 76.88 152.30 86.10 184.66 381.60 75.91 212.12 78.40 371.07
83.46 82.84 378.66 85.25 87.87 85.17 79.92 120.35 379.89 381.52 72.78 74.93 120.46 135.61 333.99 377.86 0.00 314.94 377.26 352.41 175.63 83.47 354.98 79.02 94.35 303.44 74.15 72.20 72.60 378.66 73.54 73.44 375.74 385.12 317.89 72.66 85.61-9999.00-9999.00-9999.00-9999.00-9999.00-9999.00-9999.00-9999.00-9999.00-9999.00-9999.00-9999.00-9999.00-9999.00 -9999.00-9999.00-9999.00-9999.00-9999.00-9999.00-9999.00-9999.00-9999.00-9999.00-9999.00-9999.00-9999.00 90.18 75.29 81.15 135.99 376.41 78.71 84.84 74.78 183.20 71.98 70.60 0.00 73.18 364.73 0.00 398.83 73.90 72.45 71.29 77.94 75.56 91.09 97.22
81.13 79.31 70.89 217.03 377.32 381.69 0.00 70.58 125.24 71.43 79.46 77.85 109.43 376.26 78.44 71.27 72.09 303.95 0.00 71.27 70.62 70.59 116.16 377.18 80.48 83.96 168.67 399.12 112.73 101.67 91.98 76.62 369.87 376.46 117.52 75.10 95.70 85.90 74.44 88.46 75.29 88.46 78.07 391.02 74.59 88.77 349.74 76.62 85.61 142.83 145.12 81.14 72.99 151.73 158.69 73.44 357.61 0.00 74.59 82.40 76.62
74.55 74.78 77.97 78.43 77.50 0.00 0.00 110.96 82.09 135.32 72.86 129.40 74.32 71.78 285.97 73.18 375.60 204.64 82.84 78.06 78.48 77.89 76.79 180.11 0.00 74.68 233.37 375.79 72.20 378.24 99.38 0.00 84.87 175.06 79.28 99.38 70.95 78.29 71.00 81.75 87.42 75.29 277.97 81.66 304.53 86.55 73.07 412.51 319.11 78.07 367.56 187.89 81.77 274.92 75.69 0.00 72.34 73.44 75.29 135.53 72.99
79.06 378.56 180.16 376.43 0.00 70.68 81.75 81.15 78.59 76.46 422.58 71.78 79.88 81.43 85.35 79.15 71.68 329.91 71.68 324.91 81.43 111.81 80.10 80.10 122.57 365.55 378.31 0.00 77.89 357.07 94.44 85.59 127.85 74.78 185.17 375.09 384.61 84.87 92.22 117.50 376.38 81.15 83.67 178.75 74.55 186.65 0.00 0.00 0.00 386.26 179.30 95.19 75.10 84.96 87.59 78.76 82.68 75.10 378.02 339.98 372.89
227.54 381.15 151.68 205.01 149.76 94.44 377.46 377.80 0.00 372.85 376.11 162.72 375.93 238.52 359.43 76.89 213.32 177.97 86.07 117.90 375.46 379.45 73.90 88.11 70.90 247.03 96.05 94.98 136.46 81.70 258.91 0.00 87.98 0.00 238.52 93.59 376.46 378.44 88.53 340.05 315.25 378.46 185.88 90.20 72.60 72.34 72.60 130.37 72.13 86.55 381.15 73.07 79.57 130.16 73.25 78.07 382.91 322.68 72.34 72.34 377.05
82.64 74.78 90.18 246.25 378.47 140.09 76.15 90.66 81.70 100.44 378.61 88.91 73.35 319.73 0.00 383.28 375.52 376.33 375.85 136.06 0.00 230.24 81.04 90.68 127.50 202.89 320.38 143.12 79.52 337.11 375.39 115.72 77.16 77.16 175.20 72.55 81.28 360.01 80.79 74.15 81.28 109.65 129.95 373.57 0.00 380.24 377.73 370.89 253.45 77.75 80.87 73.16 77.45 0.00 109.16 72.12 80.18 86.55 75.91 139.59 347.91
178.42 0.00 378.10 178.42 383.27 281.07 211.58 376.49 247.28 376.26 123.44 376.04 368.33 88.16 85.90 387.81 382.89 393.83 74.29 84.00 357.33 76.88 83.29 112.55 82.98 207.34 83.13 73.65 82.40 74.02 251.49 0.00 384.25 376.04 269.48 73.17 125.09 148.17 73.89 88.46 0.00 380.60 378.41 376.88 378.64 224.88 133.80 117.45 82.84-9999.00-9999.00-9999.00-9999.00-9999.00-9999.00-9999.00-9999.00-9999.00-9999.00-9999.00-9999.00-9999.00-9999.00-9999.00-9999.00-9999.00-9999.00-9999.00-9999.00 -9999.00-9999.00-9999.00-9999.00-9999.00-9999.00-9999.00-9999.00-9999.00-9999.00-9999.00-9999.00-9999.00-9999.00-9999.00-9999.00-9999.00-9999.00-9999.00-9999.00 80.61 173.21 338.73 378.58 382.07 321.13 72.86 85.09 354.81 117.16 76.15
318.09 377.59 375.06 375.20 0.00 244.53 383.46 79.62 81.15 381.03 385.69 378.16 329.91 146.86 75.10 82.30 256.47 81.55 84.61 107.05 380.98 242.88 0.00 378.11 375.33 376.20 259.28 375.81 242.19 343.97 200.53 82.68 86.07 73.07 0.00 378.07 240.02 79.92 210.65 76.88-9999.00-9999.00-9999.00-9999.00-9999.00-9999.00-9999.00-9999.00-9999.00-9999.00-9999.00-9999.00-9999.00-9999.00-9999.00-9999.00-9999.00-9999.00-9999.00-9999.00-9999.00-9999.00-9999.00 -9999.00-9999.00-9999.00-9999.00-9999.00-9999.00-9999.00-9999.00-9999.00-9999.00-9999.00-9999.00-9999.00-9999.00-9999.00-9999.00-9999.00 75.29 152.76 378.43 374.23 77.50 285.27 71.98 196.10 129.98 428.83 96.00 85.35 77.89 129.13 231.44 75.56 0.00 0.00 0.00 0.00
384.41 72.18 79.37 80.36 83.29 81.44 84.17 83.46 274.28 81.24 376.93 139.43 380.40 153.22 140.75-9999.00-9999.00-9999.00-9999.00-9999.00-9999.00-9999.00-9999.00-9999.00-9999.00-9999.00-9999.00-9999.00-9999.00-9999.00-9999.00-9999.00-9999.00-9999.00-9999.00-9999.00-9999.00-9999.00 -9999.00-9999.00-9999.00-9999.00-9999.00-9999.00-9999.00-9999.00-9999.00-9999.00-9999.00-9999.00-9999.00-9999.00-9999.00-9999.00-9999.00-9999.00-9999.00-9999.00-9999.00-9999.00-9999.00-9999.00-9999.00-9999.00 86.78 74.55 295.82 192.54 89.72 81.70 89.72 93.89 80.61 168.55 327.17 376.61 392.95 0.00 0.00 376.59 376.56 123.44 192.25 247.28 365.25 378.18 0.00 380.54 378.99 378.60 376.63 294.99 375.94 90.93 375.43 234.92 82.29 89.94 118.66 376.38 375.56 378.19 100.95 288.04 378.98 277.45 162.72 94.01 375.12
323.70 0.00 375.13 377.04 328.50 376.39 221.57 226.15 248.85 376.06 286.57 264.36 377.49 378.09 0.00 0.00 0.00 357.43 0.00 187.13 386.67 378.36 300.80 128.55 112.71 72.31 110.83 379.07 377.70 127.50 112.11 73.65 96.20 89.10 84.36 82.01 91.50 75.91 74.02 72.50 109.34 375.42 82.84 115.84 74.76-9999.00-9999.00-9999.00-9999.00-9999.00-9999.00-9999.00-9999.00-9999.00-9999.00-9999.00-9999.00-9999.00-9999.00-9999.00-9999.00-9999.00-9999.00-9999.00-9999.00-9999.00 -9999.00-9999.00-9999.00-9999.00-9999.00-9999.00-9999.00-9999.00-9999.00-9999.00-9999.00-9999.00-9999.00-9999.00-9999.00-9999.00-9999.00-9999.00-9999.00-9999.00-9999.00-9999.00-9999.00-9999.00-9999.00-9999.00-9999.00-9999.00-9999.00-9999.00 96.59 93.59 86.34 377.21 88.91 379.43 382.51 383.45 384.77 234.03 303.96 263.03 247.28 375.81 0.00
90.85 78.44 372.83 384.08 375.31 379.71 388.39 379.93 379.92 141.39 72.72 79.34 82.40 80.24 376.05 386.08 383.02 312.36 357.91 88.36 375.03 375.17 375.78 376.20 0.00 375.34 351.06 77.87 91.45 200.93 372.79 377.02 375.28 86.35 274.08 88.15 378.15 80.30 82.69 373.42 375.45 333.14 72.13 70.95 71.10 78.32 82.40 80.72 87.29 376.54 77.23 95.14 379.59 304.67 76.19 377.73 125.19 78.44 98.42 377.75 94.10
384.86 192.53 155.61 172.42 281.08 157.41 0.00 376.29 205.10 378.28 168.09 375.20 187.13 381.78 380.51 329.44 352.19 365.61 139.56 73.42 72.41 71.18 0.00 0.00 192.73 75.29 121.10 83.91 86.33 134.57 346.39 79.34 74.75 79.34 93.93 0.00 93.61 86.96 78.88 89.61 76.19 80.34 113.81 78.88 85.85-9999.00-9999.00-9999.00-9999.00-9999.00-9999.00-9999.00-9999.00-9999.00-9999.00-9999.00-9999.00-9999.00-9999.00-9999.00-9999.00-9999.00-9999.00-9999.00-9999.00-9999.00-9999.00-9999.00 -9999.00-9999.00-9999.00-9999.00-9999.00-9999.00-9999.00-9999.00-9999.00-9999.00-9999.00-9999.00-9999.00-9999.00-9999.00-9999.00-9999.00-9999.00-9999.00-9999.00-9999.00-9999.00-9999.00-9999.00-9999.00-9999.00-9999.00-9999.00-9999.00-9999.00-9999.00-9999.00-9999.00-9999.00-9999.00-9999.00-9999.00-9999.00-9999.00-9999.00-9999.00-9999.00-9999.00 221.57 375.36 269.11 269.11 375.52 0.00 375.41 294.22 319.32 294.22 0.00 248.82 376.11 294.22 375.42
375.48 294.22 297.53 0.00 319.32 375.00 375.00 0.00 294.22 294.22 0.00 375.35 375.02 375.08 294.23 375.60 375.00 312.36 0.00 294.23 376.41 269.11 0.00 0.00 0.00 375.20 375.21 298.10 131.66 161.47 78.31 375.11 0.00 378.33 377.97 81.44 76.31 375.48 282.60 131.35 79.83 80.19 381.84 231.49 73.82 75.57 380.06 290.23 84.40 85.42 94.96 349.23 382.20 79.83 117.17 85.42 78.88 396.38 76.87 376.83 141.95
